22 serialization::archive 15 0 0 2 0 1 0
0 0 0 0
1 0
2 0
3 0
4 0
5 1 1 0
6 -1 -1 127 8 0 7 0 0 2 1 7 8 5 0
7 0
8 1
9 -1 -1 507 8 0 1 0 0 18 0 9 0 0 0
10 0
11 0
12 1
13 -1 -1 4055 8 0 15 0 0 1 0 53 0 0 0
14 1
15 -1 -1 8109 8 0 0 0 0 1 0 0 0 0 1
16 -1 -1 8108 8 0 0 0 0 1 0 82 0 0 4054 0 0 -3351 4926 -3729 2536 52 2027 2173 1542 2128 6844 6 0
17 1
18 -1 -1 4053 8 0 0 0 0 0 0 54 0 0 0
19 1
20 -1 -1 8105 8 0 1 0 0 9 0 5 0 0 1
21 -1 -1 8104 8 0 0 0 0 7 0 56 0 0 4052 3733 5431 3314 -262 60 2026 4295 3782 2956 -1805 77 1013 1587 -668 -2972 -7521 73 1
22 -1 -1 1012 8 0 0 0 0 5 0 0 0 0 506 1018 -6047 -2999 6438 338 253 -4196 -55 -781 3239 184 0
23 1
24 -1 -1 505 8 0 0 0 0 7 0 29 0 1 0
25 1
26 -1 -1 1009 8 0 7 0 0 28 0 21 0 0 1
27 -1 -1 1008 8 0 10 0 0 3 0 0 0 1 504 3009 658 -194 -4276 1 252 1954 4137 1082 -64 13 126 3825 4197 4943 -7923 63 63 -290 -3127 2664 -7513 98 0
28 0
29 1
30 -1 -1 251 8 0 5 7 0 2 0 4 0 27 0
31 1
32 -1 -1 501 8 0 1 0 0 4 0 0 0 0 1
33 -1 -1 500 8 0 1 0 0 2 0 62 1 0 250 -779 -828 3733 -3222 395 125 1816 -7441 -4486 -1771 9 0
34 0
35 1
36 -1 -1 499 8 0 0 0 0 11 29 23 0 0 0
37 0
38 0
39 1
40 -1 -1 3991 8 0 7 0 0 3 0 2 0 0 0
41 1
42 -1 -1 7981 8 0 0 0 0 0 0 0 79 0 1
43 -1 -1 7980 8 0 1 0 0 0 6 2 11 0 3990 3070 10 -2163 -7417 42 1995 3151 2844 -4248 -6795 68 1
44 -1 -1 1994 8 0 1 0 0 0 0 16 0 0 997 -163 437 -46 -7511 21 1
45 -1 -1 996 8 0 3 0 0 27 0 17 4 0 498 -2831 -5298 -4575 2524 390 249 7 5383 3359 -6439 4 0
46 0
47 1
48 -1 -1 995 8 0 0 0 0 1 15 0 0 0 1
49 -1 -1 994 8 0 7 0 0 27 5 15 3 0 497 4758 -7710 1376 -5450 26 0
50 1
51 -1 -1 993 8 0 8 0 0 6 0 34 0 0 0
52 0
53 1
54 -1 -1 3971 8 0 9 0 0 0 0 10 0 0 0
55 1
56 -1 -1 7941 8 0 6 0 0 92 0 6 3 1 1
57 -1 -1 7940 8 0 1 0 0 11 0 5 14 0 3970 4684 4728 2834 -3398 19 1985 4382 -6918 -4353 -3223 395 0
58 1
59 -1 -1 3969 8 0 5 0 0 11 0 31 0 1 1
60 -1 -1 3968 8 0 10 0 0 36 0 5 0 0 1984 2203 -3894 -3911 -7394 11 992 1438 -1061 624 -4025 8 496 -1060 3962 566 -4156 42 248 4564 4404 1539 2795 24 124 4603 81 -2042 -4307 32 62 -2638 -7813 -173 -492 10 31 4910 1883 -3594 -3885 73 0
61 0
62 0
63 0
64 0
65 0
66 1
67 -1 -1 1983 8 0 0 0 0 0 0 0 3 0 0
68 1
69 -1 -1 3965 8 0 3 0 0 0 0 1 0 0 0
70 1
71 -1 -1 7929 8 0 0 0 0 0 0 25 0 0 1
72 -1 -1 7928 8 0 0 0 0 19 0 27 0 0 3964 585 389 3720 -7611 306 1982 -587 -3831 861 -133 1 991 -912 4785 4104 -2251 151 1
73 -1 -1 990 8 0 14 3 0 5 0 0 1 0 495 -1075 -2269 1170 -5598 8 1
74 -1 -1 494 8 0 11 0 0 2 12 7 0 21 247 -4257 -2552 3810 4811 377 0
75 0
76 1
77 -1 -1 987 8 0 14 0 0 18 0 25 9 0 1
78 -1 -1 986 8 0 5 0 0 8 0 1 53 0 493 641 -1118 -4532 -7479 30 0
79 0
80 1
81 -1 -1 1971 8 0 4 0 0 5 49 0 1 0 1
82 -1 -1 1970 8 0 21 0 0 19 5 1 9 0 985 -4979 37 656 -1490 7 0
83 0
84 1
85 -1 -1 3939 8 0 2 0 0 4 2 0 0 0 0
86 1
87 -1 -1 7877 8 0 0 0 0 1 0 0 69 0 1
88 -1 -1 7876 8 0 4 0 0 1 0 0 2 0 3938 3615 -5011 -1964 4715 82 1969 165 -4092 1344 -7529 12 1
89 -1 -1 1968 8 0 1 0 0 0 19 0 2 0 984 -2980 -961 -4224 6875 394 492 4744 -4863 -3123 5376 400 246 962 -620 -3964 -1002 34 123 -3620 -6670 2457 -6326 12 0
90 0
91 0
92 0
93 1
94 -1 -1 1967 8 0 6 0 0 2 0 0 0 2 1
95 -1 -1 1966 8 0 6 57 0 1 0 0 0 3 983 2438 -3079 -4573 -2803 121 1
96 -1 -1 982 8 0 10 0 0 0 0 1 11 0 491 -3965 -6622 -2518 1890 52 1
97 -1 -1 490 8 0 13 0 27 6 0 0 4 4 245 -853 -5919 -4424 -2006 6 0
98 0
99 0
100 0
101 1
102 -1 -1 3919 8 0 48 3 0 0 0 0 0 0 1
103 -1 -1 3918 8 0 15 0 2 33 1 0 0 0 1959 -3387 -6821 -1430 -1939 7 1
104 -1 -1 1958 8 0 17 0 2 16 0 0 21 0 979 -4789 -2622 -2524 3149 2 0
105 1
106 -1 -1 1957 8 0 2 0 3 0 0 10 0 0 0
107 1
108 -1 -1 3913 8 0 6 0 0 3 4 8 0 0 1
109 -1 -1 3912 8 0 45 0 0 7 0 0 0 0 1956 3348 -2071 -4199 -5960 24 978 -4679 -5246 891 -4303 30 489 2693 -3207 882 1142 3 0
110 1
111 -1 -1 977 8 0 5 0 0 1 0 0 50 0 1
112 -1 -1 976 8 0 23 2 0 1 0 3 0 0 488 4760 -1071 -1 3172 185 244 -500 -3266 -4070 6445 1 122 -642 -2458 3748 -1077 338 61 1911 -2460 3800 -7046 3 0
113 0
114 1
115 -1 -1 243 8 0 1 0 0 0 0 42 0 0 0
116 1
117 -1 -1 485 8 0 40 0 0 9 0 5 0 0 1
118 -1 -1 484 8 0 13 4 0 7 0 35 0 3 242 4704 -1513 -1693 5869 400 121 -3319 -869 -173 -69 30 0
119 0
120 1
121 -1 -1 483 8 0 9 0 0 3 0 1 8 10 0
122 1
123 -1 -1 965 8 0 23 0 0 26 0 16 0 0 0
124 1
125 -1 -1 1929 8 0 7 0 0 2 0 19 0 1 0
126 1
127 -1 -1 3857 8 0 45 0 0 0 0 1 0 0 0
128 1
129 -1 -1 7713 8 0 2 0 0 5 0 3 0 0 1
130 -1 -1 7712 8 0 57 0 0 2 0 14 0 0 3856 -4977 -4856 814 4262 171 1928 -1498 -7785 3403 -3983 23 964 1747 -5503 2668 -2102 27 482 4815 6098 4741 -597 5 241 -2015 -6902 4720 1271 332 0
131 1
132 -1 -1 481 8 0 12 0 0 15 34 1 0 2 0
133 1
134 -1 -1 961 8 0 13 0 0 0 8 1 0 0 0
135 0
136 1
137 -1 -1 3843 8 0 18 0 0 0 0 0 0 0 0
138 1
139 -1 -1 7685 8 0 0 0 0 10 0 0 0 0 1
140 -1 -1 7684 8 0 62 0 0 27 0 0 0 0 3842 -924 -4273 1218 -7139 11 1921 2718 -2784 -58 -1649 16 0
141 1
142 -1 -1 3841 8 0 3 0 0 0 0 0 2 0 0
143 1
144 -1 -1 7681 8 0 30 0 0 2 0 0 0 0 1
145 -1 -1 7680 8 0 59 0 0 0 0 0 0 0 3840 818 -5207 1738 -2702 6 1920 -808 935 4130 -3926 62 960 632 -4582 -4001 -6531 1 480 4197 902 2536 2335 399 240 -3846 -2015 -4827 -6642 380 120 -625 -1100 3981 -4057 3 60 -2659 -6181 4789 4029 63 30 -2225 -6722 4270 4943 352 15 3942 3848 2754 -4253 10 0
146 0
147 0
148 0
149 1
150 -1 -1 239 8 0 1 2 0 2 0 10 0 2 0
151 1
152 -1 -1 477 8 0 1 4 0 0 0 0 0 0 0
153 1
154 -1 -1 953 8 0 0 0 0 0 0 1 0 0 0
155 1
156 -1 -1 1905 8 0 1 0 0 0 0 0 0 0 0
157 1
158 -1 -1 3809 8 0 0 0 0 0 0 0 0 24 0
159 1
160 -1 -1 7617 8 0 0 0 0 0 0 0 0 19 1
161 -1 -1 7616 8 0 0 0 0 0 0 0 0 51 3808 -213 -4679 -2508 6597 308 1904 -281 -4303 -546 5076 207 952 3215 -2692 1033 28 16 476 3469 -5375 -1709 6084 90 238 -3171 7212 -2636 5434 143 119 4549 -948 -2304 4726 396 0
162 1
163 -1 -1 237 8 0 0 0 40 5 4 3 0 3 0
164 1
165 -1 -1 473 8 0 0 15 27 1 0 0 0 0 0
166 1
167 -1 -1 945 8 0 5 0 0 9 0 2 0 3 0
168 1
169 -1 -1 1889 8 0 2 13 3 0 0 0 0 26 0
170 1
171 -1 -1 3777 8 0 3 61 0 3 0 0 0 1 1
172 -1 -1 3776 8 0 0 3 3 0 0 0 0 7 1888 2569 5150 -953 -1182 5 944 -2478 -6793 -1247 -1321 0 472 4475 -2676 45 -2126 6 236 -4719 5590 -1583 -2961 43 118 -3606 4458 244 -3369 1 59 1364 -2694 -2521 172 397 0
173 0
174 0
175 1
176 -1 -1 471 8 0 4 11 0 4 0 0 0 1 0
177 1
178 -1 -1 941 8 0 0 0 0 1 0 43 0 0 1
179 -1 -1 940 8 0 8 0 0 12 0 18 0 0 470 1726 1828 3421 -2475 22 235 -843 -978 3267 -5334 341 0
180 1
181 -1 -1 469 8 0 0 0 0 1 0 0 0 31 1
182 -1 -1 468 8 0 7 4 0 17 21 12 0 6 234 -3521 -900 -978 -5606 37 117 4622 -1339 -4314 -1823 398 0
183 0
184 1
185 -1 -1 467 8 0 5 0 4 5 0 0 19 0 0
186 0
187 1
188 -1 -1 1867 8 0 3 0 0 0 58 0 2 0 1
189 -1 -1 1866 8 0 10 0 0 0 2 0 0 0 933 1945 4023 -4444 -6832 200 1
190 -1 -1 932 8 0 13 0 0 3 0 0 0 0 466 3917 3832 2423 5239 2 233 -2351 2696 60 -437 0 0
191 1
192 -1 -1 465 8 0 0 0 0 5 6 0 0 31 1
193 -1 -1 464 8 0 8 0 0 19 0 7 2 17 232 4365 1330 2910 -6215 6 116 4882 -2892 -674 -56 4 58 2764 857 4679 -5732 2 29 3378 7294 2960 -5205 395 0
194 0
195 0
196 0
197 1
198 -1 -1 463 8 0 2 0 0 1 0 9 0 0 0
199 1
200 -1 -1 925 8 0 0 0 0 1 0 0 0 66 1
201 -1 -1 924 8 0 0 0 1 3 0 0 0 0 462 1661 1224 -4912 -1375 385 231 3362 -3514 -4745 6368 400 0
202 0
203 1
204 -1 -1 923 8 0 14 2 0 2 12 0 0 2 1
205 -1 -1 922 8 0 21 0 33 5 0 0 0 0 461 4552 5910 748 3024 1 0
206 0
207 1
208 -1 -1 1843 8 0 3 0 0 7 0 0 0 7 0
209 1
210 -1 -1 3685 8 0 0 0 0 0 0 0 0 36 1
211 -1 -1 3684 8 0 14 0 1 0 0 0 0 26 1842 1565 -5158 -2119 -3802 7 921 4675 2731 -3122 790 229 0
212 1
213 -1 -1 1841 8 0 13 0 3 0 8 1 0 0 0
214 1
215 -1 -1 3681 8 0 13 0 0 4 0 2 39 0 1
216 -1 -1 3680 8 0 22 0 0 9 0 2 0 0 1840 1060 721 1538 2859 211 920 -2573 4139 1511 -6750 29 460 4586 -6804 -4008 3931 386 230 3456 3294 -2586 -2319 293 115 2530 7767 4669 -1219 17 0
217 0
218 0
219 1
220 -1 -1 919 8 0 6 0 11 3 13 0 11 0 1
221 -1 -1 918 8 0 20 0 0 11 0 0 0 0 459 4808 -4382 -686 -2742 2 1
222 -1 -1 458 8 0 7 0 0 14 21 0 0 16 229 2254 2656 -4140 -5298 269 0
223 0
224 1
225 -1 -1 915 8 0 31 0 4 5 6 1 5 15 0
226 1
227 -1 -1 1829 8 0 7 0 0 0 28 0 0 0 0
228 1
229 -1 -1 3657 8 0 7 0 0 2 2 0 0 0 1
230 -1 -1 3656 8 0 62 0 0 1 0 0 0 0 1828 -1125 -2839 1812 7839 395 914 4741 102 4571 3327 393 457 1673 1139 -418 3866 237 0
231 1
232 -1 -1 913 8 0 7 0 0 0 0 3 0 20 0
233 1
234 -1 -1 1825 8 0 18 0 0 0 0 0 5 2 0
235 1
236 -1 -1 3649 8 0 48 0 0 12 0 3 0 0 1
237 -1 -1 3648 8 0 21 0 0 7 0 20 0 1 1824 3466 -2193 4778 4552 7 912 -2520 378 -4729 -1294 1 456 3040 4211 3871 -4857 389 228 4050 -1400 -19 -44 2 114 -2061 -2087 -3718 -2980 7 57 4992 -4212 2135 -7139 11 0
238 0
239 0
240 0
241 1
242 -1 -1 911 8 0 1 0 0 1 0 0 0 0 0
243 1
244 -1 -1 1821 8 0 0 0 0 0 0 0 32 0 1
245 -1 -1 1820 8 0 0 0 0 0 0 0 49 0 910 1430 -1376 2678 -2445 332 455 2034 -5625 316 -7007 349 1
246 -1 -1 454 8 0 8 1 0 4 5 3 3 11 227 3795 -7464 -3925 6863 392 0
247 0
248 0
249 1
250 -1 -1 1815 8 0 7 0 0 0 0 0 26 0 0
251 1
252 -1 -1 3629 8 0 5 0 0 0 0 0 9 3 0
253 1
254 -1 -1 7257 8 0 6 0 0 0 0 0 0 0 1
255 -1 -1 7256 8 0 15 0 0 2 0 0 0 53 3628 1569 7345 949 3184 3 1814 4765 1000 57 2953 357 907 3961 -3964 3579 -7699 78 0
256 1
257 -1 -1 1813 8 0 19 0 0 0 0 2 23 2 1
258 -1 -1 1812 8 0 33 0 0 6 2 2 2 0 906 2736 -3119 2709 5083 390 453 -832 -1345 -4873 -797 178 0
259 0
260 0
261 1
262 -1 -1 3623 8 0 5 0 0 0 14 0 12 0 1
263 -1 -1 3622 8 0 37 0 0 1 0 7 0 0 1811 650 1054 -2177 -645 5 0
264 1
265 -1 -1 3621 8 0 12 0 0 4 0 0 0 0 0
266 1
267 -1 -1 7241 8 0 2 1 0 1 0 0 0 1 1
268 -1 -1 7240 8 0 137 0 0 0 0 0 0 1 3620 -2186 -5927 63 -256 20 1810 3587 -1196 -968 -7773 2 905 3511 2180 1079 -116 2 0
269 0
270 1
271 -1 -1 3619 8 0 2 0 0 1 1 1 14 8 0
272 1
273 -1 -1 7237 8 0 9 0 0 1 0 0 2 0 1
274 -1 -1 7236 8 0 20 34 0 4 0 0 0 0 3618 -130 64 -4793 1399 16 1809 -4069 -5604 -2686 -7280 3 0
275 0
276 1
277 -1 -1 7235 8 0 3 4 0 4 3 2 0 14 1
278 -1 -1 7234 8 0 27 0 0 1 0 0 0 34 3617 2091 4631 -4297 3920 360 0
279 1
280 -1 -1 7233 8 0 6 3 0 0 0 8 3 0 1
281 -1 -1 7232 8 0 110 1 0 0 2 7 0 18 3616 3672 1919 2519 -758 3 1808 184 2457 3256 -750 24 904 -4493 1311 1929 7163 146 452 4678 -6923 2830 3535 2 226 1748 -2339 4909 5142 22 113 4621 2704 -431 241 12 0
282 1
283 -1 -1 225 8 0 13 0 0 3 0 1 0 42 0
284 0
285 1
286 -1 -1 899 8 0 3 0 0 0 0 4 0 0 0
287 0
288 1
289 -1 -1 3595 8 0 0 0 0 4 0 0 0 4 0
290 1
291 -1 -1 7189 8 0 0 0 0 0 0 0 0 1 1
292 -1 -1 7188 8 0 0 80 0 0 0 0 0 0 3594 -2235 -848 -1937 786 8 1797 -1467 5126 -2068 -5704 152 1
293 -1 -1 1796 8 0 9 13 0 0 0 0 0 21 898 -4587 7262 -1224 -464 13 449 -362 -5413 796 1414 25 0
294 1
295 -1 -1 897 8 0 38 22 0 3 4 0 0 0 1
296 -1 -1 896 8 0 14 0 0 4 0 10 1 3 448 302 -351 -1644 2786 3 224 -2777 1465 -1621 -6733 266 112 4214 -7068 -303 -6039 11 56 2217 -480 -4630 6180 0 28 4911 -1448 -2214 7077 19 14 2823 5119 -234 197 3 7 -1210 -7376 -4313 5480 282 0
297 0
298 0
299 0
300 0
301 0
302 1
303 -1 -1 447 8 0 34 0 0 30 0 0 3 0 1
304 -1 -1 446 8 0 3 0 0 44 0 10 0 5 223 3795 -6221 -4006 3344 343 0
305 1
306 -1 -1 445 8 0 0 0 1 11 5 0 0 0 1
307 -1 -1 444 8 0 5 0 0 6 2 0 45 0 222 838 321 -2986 -5827 31 111 1320 -5318 -1528 3447 2 0
308 0
309 1
310 -1 -1 443 8 0 4 2 0 0 0 6 0 4 1
311 -1 -1 442 8 0 41 0 0 17 0 6 0 0 221 -3753 -3271 -535 718 33 0
312 1
313 -1 -1 441 8 0 5 0 12 5 8 7 8 5 0
314 1
315 -1 -1 881 8 0 7 0 0 10 0 4 0 8 0
316 0
317 1
318 -1 -1 3523 8 0 0 0 0 10 0 2 2 0 0
319 1
320 -1 -1 7045 8 0 2 0 0 2 0 4 3 0 1
321 -1 -1 7044 8 0 3 0 0 12 0 202 0 0 3522 -1326 -4357 -4203 -969 357 1761 -4809 -5481 3878 4827 340 1
322 -1 -1 1760 8 0 0 0 0 17 0 4 0 0 880 -4629 7762 -3559 3734 0 440 2058 2413 -1534 5570 384 220 -4705 -7688 3680 3628 392 110 -2665 5627 -1435 7469 1 55 4193 1898 -3470 6439 374 0
323 0
324 1
325 -1 -1 219 8 0 37 2 8 13 0 7 0 2 0
326 1
327 -1 -1 437 8 0 2 34 0 1 0 0 5 0 1
328 -1 -1 436 8 0 17 9 0 0 0 10 0 0 218 -2965 7959 3462 1566 14 109 804 -242 -4040 -2849 0 0
329 0
330 0
331 0
332 1
333 -1 -1 1743 8 0 0 4 0 12 0 0 0 0 0
334 0
335 1
336 -1 -1 6971 8 0 2 0 0 0 0 0 0 65 1
337 -1 -1 6970 8 0 1 1 0 5 0 0 0 3 3485 -3227 -770 433 -4394 11 1
338 -1 -1 3484 8 0 0 0 0 6 0 4 1 0 1742 -4659 4376 1886 -3303 3 871 -4070 2328 -3633 409 10 1
339 -1 -1 870 8 0 2 0 0 10 7 0 0 0 435 -3245 3466 4868 -3777 21 0
340 1
341 -1 -1 869 8 0 0 1 0 0 19 2 0 0 0
342 1
343 -1 -1 1737 8 0 0 0 0 6 0 0 35 0 1
344 -1 -1 1736 8 0 1 0 0 20 8 15 10 6 868 -2682 3577 2504 -7025 366 434 -3440 -3332 4956 7550 367 217 -1929 1554 -1007 7797 364 0
345 1
346 -1 -1 433 8 0 0 3 0 4 0 6 36 3 0
347 1
348 -1 -1 865 8 0 2 0 27 5 5 9 1 1 0
349 1
350 -1 -1 1729 8 0 1 0 7 1 1 1 0 0 0
351 1
352 -1 -1 3457 8 0 4 0 0 0 0 0 1 0 0
353 1
354 -1 -1 6913 8 0 0 0 0 0 0 1 3 1 1
355 -1 -1 6912 8 0 0 0 0 1 80 0 0 0 3456 1455 -4966 -4965 -4198 23 1728 -2128 -1475 2557 3205 392 864 -4010 -4191 4349 -1261 398 432 4040 218 -2812 259 16 216 3614 6820 4113 -4157 396 108 -2882 1958 3739 1108 6 54 337 47 4196 -5089 397 27 3389 -5094 -4785 5711 1 0
356 0
357 0
358 0
359 0
360 0
361 1
362 -1 -1 1727 8 0 1 0 0 0 0 0 0 7 0
363 0
364 1
365 -1 -1 6907 8 0 0 4 0 2 0 0 0 0 1
366 -1 -1 6906 8 0 0 65 0 0 0 0 0 0 3453 -1451 3227 -4278 4906 8 1
367 -1 -1 3452 8 0 0 2 0 4 1 0 0 0 1726 683 -6212 760 7429 23 863 -724 176 2918 2681 343 0
368 1
369 -1 -1 1725 8 0 0 16 0 0 1 0 0 29 1
370 -1 -1 1724 8 0 1 0 0 2 0 1 0 64 862 3168 -3801 -3766 -7474 32 431 -2248 -1705 -580 7553 267 0
371 1
372 -1 -1 861 8 0 2 11 0 13 0 30 0 5 0
373 0
374 1
375 -1 -1 3443 8 0 1 3 0 9 0 0 0 0 1
376 -1 -1 3442 8 0 0 64 0 4 0 0 0 0 1721 1093 -2913 -4932 -493 174 0
377 1
378 -1 -1 3441 8 0 0 2 0 0 0 0 26 0 1
379 -1 -1 3440 8 0 0 19 0 6 0 0 0 30 1720 -4563 -675 -3162 1074 266 860 -222 395 -2499 4057 281 430 -3584 -6203 -3012 7898 378 215 3353 -6879 -3514 -4052 14 0
380 0
381 0
382 1
383 -1 -1 1719 8 0 0 1 0 2 0 0 0 0 0
384 0
385 1
386 -1 -1 6875 8 0 0 0 0 0 0 0 0 20 1
387 -1 -1 6874 8 0 0 0 0 0 0 0 0 68 3437 -2266 -159 -1597 -3520 137 1
388 -1 -1 3436 8 0 0 0 0 0 0 0 0 4 1718 -3783 -3979 -1862 4683 173 859 -3643 -4788 4142 -6190 267 1
389 -1 -1 858 8 0 1 8 1 20 1 12 0 19 429 -3195 -2280 -703 -2091 52 1
390 -1 -1 428 8 0 5 1 0 25 8 0 0 2 214 4322 -7921 2782 -1746 7 107 -4141 -5527 -4287 3603 171 0
391 0
392 0
393 0
394 1
395 -1 -1 1711 8 0 0 0 0 3 0 0 0 34 1
396 -1 -1 1710 8 0 0 48 0 2 0 0 0 5 855 1681 -5850 3530 -4485 1 1
397 -1 -1 854 8 0 5 0 0 7 0 1 0 0 427 -584 -6897 -810 1484 201 0
398 1
399 -1 -1 853 8 0 2 0 0 1 0 5 0 34 1
400 -1 -1 852 8 0 7 4 0 4 2 24 2 0 426 -2651 4127 -1000 1503 5 213 2741 -4667 -4821 -3159 24 0
401 0
402 1
403 -1 -1 851 8 0 1 14 26 6 6 0 5 9 0
404 0
405 0
406 1
407 -1 -1 6807 8 0 0 0 0 2 5 0 0 0 1
408 -1 -1 6806 8 0 0 1 0 0 101 0 0 0 3403 -2312 4300 68 4311 266 1
409 -1 -1 3402 8 0 0 1 0 3 0 0 0 0 1701 2020 -2219 1792 7022 263 0
410 0
411 1
412 -1 -1 6803 8 0 13 0 0 11 11 1 0 0 1
413 -1 -1 6802 8 0 0 0 0 74 2 0 0 1 3401 -4352 -2912 701 5352 355 0
414 1
415 -1 -1 6801 8 0 2 6 4 27 44 0 0 0 1
416 -1 -1 6800 8 0 0 0 26 10 2 1 9 0 3400 -4739 -6967 920 7906 9 1700 -4651 -5054 2467 6554 300 850 1318 1453 -829 -4815 192 425 4623 7132 2734 1822 184 0
417 0
418 1
419 -1 -1 1699 8 0 0 0 0 2 41 0 0 1 0
420 1
421 -1 -1 3397 8 0 1 1 17 11 3 3 1 4 0
422 1
423 -1 -1 6793 8 0 0 10 0 12 0 2 0 1 1
424 -1 -1 6792 8 0 1 10 0 6 6 1 0 66 3396 4804 5958 1614 5331 6 1698 -236 1282 -2361 -7272 9 849 -325 -4792 -858 4488 352 0
425 0
426 0
427 1
428 -1 -1 6791 8 0 0 0 0 2 0 0 1 0 1
429 -1 -1 6790 8 0 1 77 3 2 0 0 0 0 3395 -1544 703 -941 -5155 281 1
430 -1 -1 3394 8 0 2 11 11 5 3 5 1 2 1697 -4861 -4707 595 -2635 27 0
431 1
432 -1 -1 3393 8 0 0 1 22 5 1 1 0 3 0
433 1
434 -1 -1 6785 8 0 0 0 0 16 3 20 0 0 1
435 -1 -1 6784 8 0 5 4 4 75 14 1 1 0 3392 67 64 3625 -5278 15 1696 -4877 -1410 174 -3622 30 848 4837 -2579 573 -3220 26 424 4961 -6915 2357 2790 245 212 -1286 -6791 3560 5160 292 106 911 -6995 4590 2456 397 53 -2477 -4493 4159 -2484 24 0
436 0
437 0
438 0
439 1
440 -1 -1 847 8 0 1 3 0 0 0 0 6 5 0
441 1
442 -1 -1 1693 8 0 0 1 0 1 0 0 4 0 0
443 1
444 -1 -1 3385 8 0 0 2 0 2 0 1 0 0 0
445 1
446 -1 -1 6769 8 0 0 6 0 0 0 0 0 0 1
447 -1 -1 6768 8 0 0 116 0 0 0 0 0 0 3384 -2371 6924 -1419 -7734 0 1692 -1335 2027 472 1543 47 846 3816 4215 -4835 -4770 363 423 3385 -4978 2982 3309 57 0
448 1
449 -1 -1 845 8 0 0 1 0 1 0 0 0 27 0
450 1
451 -1 -1 1689 8 0 0 4 10 2 1 0 15 2 1
452 -1 -1 1688 8 0 0 30 0 17 3 2 0 5 844 3747 1098 -4698 4519 0 422 -1804 2047 -4648 471 299 211 -793 -2254 -871 2032 259 0
453 0
454 1
455 -1 -1 843 8 0 0 0 35 1 0 0 17 11 0
456 0
457 1
458 -1 -1 3371 8 0 3 4 0 30 0 0 6 14 1
459 -1 -1 3370 8 0 7 2 12 7 0 2 24 0 1685 1708 -3438 -608 3435 13 0
460 1
461 -1 -1 3369 8 0 1 1 0 6 0 2 0 0 0
462 1
463 -1 -1 6737 8 0 0 0 0 0 0 0 117 0 1
464 -1 -1 6736 8 0 2 1 2 8 0 3 24 0 3368 160 -1814 3298 -2039 10 1684 4414 1913 2586 6415 316 842 -2713 -892 3519 1789 258 421 -406 -5884 -3686 -6994 269 0
465 0
466 0
467 1
468 -1 -1 3367 8 0 0 8 0 0 0 17 2 0 1
469 -1 -1 3366 8 0 0 1 15 35 0 8 1 9 1683 2645 -3676 -4919 3406 257 0
470 1
471 -1 -1 3365 8 0 0 28 0 0 6 0 0 0 0
472 1
473 -1 -1 6729 8 0 0 9 1 2 0 1 64 6 1
474 -1 -1 6728 8 0 3 11 10 4 1 0 4 0 3364 4817 2613 -206 -3493 17 1682 4030 3631 1002 285 138 841 4257 -5401 -3491 3947 133 0
475 1
476 -1 -1 1681 8 0 1 32 5 1 0 0 0 0 0
477 1
478 -1 -1 3361 8 0 8 9 2 3 0 6 0 3 0
479 1
480 -1 -1 6721 8 0 2 0 0 0 0 1 25 0 1
481 -1 -1 6720 8 0 3 5 299 21 12 1 29 4 3360 -3394 2767 3625 -898 329 1680 3735 -7312 629 5740 369 840 3608 7835 -971 952 271 420 3497 2206 3968 -1580 3 210 -675 -2092 2166 2677 250 105 4974 -7715 4681 -779 327 0
482 0
483 1
484 -1 -1 419 8 0 1 10 0 1 4 0 4 0 0
485 1
486 -1 -1 837 8 0 0 0 0 9 0 1 0 16 1
487 -1 -1 836 8 0 1 2 34 3 0 2 2 2 418 4812 -5498 -2964 2443 18 209 1529 3676 -4646 6095 3 0
488 0
489 1
490 -1 -1 835 8 0 0 10 0 2 0 0 0 0 0
491 1
492 -1 -1 1669 8 0 2 0 0 0 0 0 3 0 0
493 1
494 -1 -1 3337 8 0 1 0 0 2 0 0 0 4 1
495 -1 -1 3336 8 0 1 0 0 0 0 0 0 64 1668 2027 5077 -2634 2333 182 834 -3180 -1594 -2135 -2833 332 417 4539 87 -347 2882 9 0
496 0
497 1
498 -1 -1 1667 8 0 1 0 2 2 18 0 4 1 1
499 -1 -1 1666 8 0 0 6 1 25 8 10 7 5 833 1336 3610 2985 7227 16 0
500 1
501 -1 -1 1665 8 0 0 0 0 17 0 4 0 33 1
502 -1 -1 1664 8 0 1 5 0 14 0 1 0 0 832 -2163 3360 3763 -4025 32 416 -540 4196 -3891 1014 0 208 -4623 3513 -2528 -2497 50 104 -3862 -3357 -4892 413 1 52 -4123 -4650 -4954 2241 0 26 3575 -4780 -2140 7089 263 13 -344 -132 -1428 5065 353 0
503 0
504 0
505 0
506 0
507 1
508 -1 -1 415 8 0 3 0 12 6 5 1 33 0 1
509 -1 -1 414 8 0 6 0 0 10 16 4 0 0 207 -613 -7231 -4939 5143 40 0
510 0
511 1
512 -1 -1 827 8 0 1 0 0 13 0 20 2 0 1
513 -1 -1 826 8 0 6 0 0 0 0 38 0 0 413 3647 4130 -1046 -7937 53 0
514 1
515 -1 -1 825 8 0 5 0 7 15 0 19 0 0 0
516 1
517 -1 -1 1649 8 0 11 0 0 27 7 7 6 0 1
518 -1 -1 1648 8 0 24 0 0 10 0 0 0 0 824 375 3559 -4916 -6847 1 412 -116 5221 -2086 3620 20 206 -4448 -348 3692 -2589 30 103 -1115 -7367 3116 5840 249 0
519 0
520 1
521 -1 -1 411 8 0 0 7 0 0 0 0 15 0 1
522 -1 -1 410 8 0 4 51 0 1 0 2 1 0 205 4027 -6003 4445 -5975 1 0
523 0
524 0
525 1
526 -1 -1 1639 8 0 2 0 0 7 0 30 0 0 1
527 -1 -1 1638 8 0 30 1 13 10 2 0 10 0 819 3400 -7351 2154 3395 60 0
528 0
529 1
530 -1 -1 3275 8 0 0 0 0 7 0 3 0 0 1
531 -1 -1 3274 8 0 1 21 44 2 0 0 0 0 1637 1009 4405 -2847 1644 239 0
532 0
533 1
534 -1 -1 6547 8 0 0 12 3 3 0 0 0 3 1
535 -1 -1 6546 8 0 0 3 1 32 0 5 0 12 3273 1812 -5160 1664 953 70 0
536 1
537 -1 -1 6545 8 0 2 2 0 26 0 2 0 0 1
538 -1 -1 6544 8 0 1 0 22 19 0 4 38 3 3272 2178 4323 2774 -1919 2 1636 4959 7804 -4784 3080 7 818 -4948 -7664 -1570 -1152 333 409 -3477 -1311 -1054 6456 379 0
539 0
540 1
541 -1 -1 1635 8 0 6 0 12 10 19 2 1 0 0
542 1
543 -1 -1 3269 8 0 6 0 0 1 0 0 0 7 1
544 -1 -1 3268 8 0 2 8 0 39 1 13 0 1 1634 -894 5255 -806 -5137 295 817 495 1022 4495 5287 375 0
545 1
546 -1 -1 1633 8 0 0 18 0 0 0 0 0 0 0
547 1
548 -1 -1 3265 8 0 0 0 7 4 0 0 0 0 0
549 1
550 -1 -1 6529 8 0 0 0 1 0 0 0 0 51 1
551 -1 -1 6528 8 0 2 0 0 6 1 1 0 15 3264 583 3056 1020 -7812 43 1632 4528 2004 3780 -4007 5 816 -4509 -2512 4904 -6698 389 408 1461 -730 1599 -4110 0 204 -4844 -2710 -4221 1629 0 102 2747 2967 -2402 5106 400 51 322 -370 -4177 6373 343 0
552 0
553 1
554 -1 -1 203 8 0 8 0 0 17 5 18 11 9 0
555 1
556 -1 -1 405 8 0 24 0 2 8 1 0 3 7 0
557 1
558 -1 -1 809 8 0 20 3 35 3 0 0 0 1 1
559 -1 -1 808 8 0 24 1 0 0 0 9 0 2 404 448 3448 -2648 5819 5 202 2512 7553 3484 4222 11 101 3737 3191 3824 2215 1 0
560 0
561 0
562 1
563 -1 -1 807 8 0 2 47 0 4 0 0 0 0 1
564 -1 -1 806 8 0 22 5 0 4 0 15 0 0 403 664 2164 -2403 5582 366 0
565 0
566 1
567 -1 -1 1611 8 0 0 21 0 2 0 0 0 31 1
568 -1 -1 1610 8 0 0 0 0 2 0 0 15 0 805 4195 6270 -381 -7049 326 0
569 1
570 -1 -1 1609 8 0 6 0 13 7 0 0 0 2 1
571 -1 -1 1608 8 0 9 2 2 9 0 6 0 31 804 4817 6201 -4236 1432 15 402 1925 5913 -4765 5006 305 201 122 -22 -4555 4469 392 0
572 0
573 0
574 0
575 1
576 -1 -1 3215 8 0 0 0 0 1 2 0 0 2 0
577 1
578 -1 -1 6429 8 0 0 0 0 5 0 0 94 0 1
579 -1 -1 6428 8 0 0 0 0 1 0 1 0 1 3214 2839 4759 2929 -3488 4 1607 -3733 1571 -745 4266 106 0
580 1
581 -1 -1 3213 8 0 0 3 35 0 0 0 1 3 1
582 -1 -1 3212 8 0 1 9 1 8 4 2 25 8 1606 734 7808 629 -4987 272 803 -1516 3 -2885 5049 290 0
583 1
584 -1 -1 1605 8 0 1 0 0 0 20 0 4 0 0
585 1
586 -1 -1 3209 8 0 2 0 11 18 3 1 10 0 0
587 1
588 -1 -1 6417 8 0 1 23 0 14 0 2 4 4 1
589 -1 -1 6416 8 0 1 11 2 44 1 8 7 129 3208 -2060 -5654 736 7594 223 1604 -850 1249 -2316 -1841 284 802 4908 2505 -2711 -2811 371 401 4442 6249 1001 -181 29 0
590 0
591 0
592 0
593 1
594 -1 -1 6415 8 0 0 9 0 2 13 0 29 0 1
595 -1 -1 6414 8 0 0 13 187 6 28 0 0 0 3207 3852 2467 -1504 -3930 377 0
596 1
597 -1 -1 6413 8 0 0 5 36 23 27 1 9 71 1
598 -1 -1 6412 8 0 0 5 40 5 101 0 1 0 3206 3578 1836 488 -4685 299 1603 1653 5792 -3994 -7597 366 0
599 0
600 1
601 -1 -1 6411 8 0 0 7 2 12 69 3 5 1 1
602 -1 -1 6410 8 0 0 12 19 88 22 11 98 103 3205 -4182 3235 -1893 -107 31 0
603 1
604 -1 -1 6409 8 0 1 37 72 35 41 0 143 21 1
605 -1 -1 6408 8 0 1 8 67 15 2 0 0 26 3204 701 2104 -3335 852 8 1602 4169 2674 -4612 -1754 24 801 4838 2539 -2765 -7622 296 0
606 0
607 0
608 1
609 -1 -1 6407 8 0 0 22 0 8 13 0 11 1 1
610 -1 -1 6406 8 0 0 3 16 24 162 1 2 1 3203 4057 -1213 2576 1594 17 0
611 1
612 -1 -1 6405 8 0 0 8 6 22 21 1 0 1 1
613 -1 -1 6404 8 0 0 3 33 7 1 3 6 15 3202 2064 -2219 -1690 6661 203 1601 -410 -1106 -4775 2462 214 0
614 0
615 1
616 -1 -1 6403 8 0 0 0 7 2 47 0 0 1 1
617 -1 -1 6402 8 0 0 243 158 35 51 0 42 24 3201 -414 694 -2201 790 329 0
618 1
619 -1 -1 6401 8 0 1 70 3 35 50 3 1 4 1
620 -1 -1 6400 8 0 13 107 165 123 74 28 43 43 3200 -4790 -1979 4210 -2214 184 1600 1258 948 -2972 -6347 115 800 4479 864 -3990 -6038 233 400 4753 6858 1081 -7693 220 200 4564 -7848 -3258 7949 307 100 -492 323 -4120 -6998 382 50 -2447 319 -2278 6283 400 25 -4714 -7532 -1068 6828 278 0
621 0
622 0
623 0
624 1
625 -1 -1 399 8 0 1 0 0 2 3 0 0 38 0
626 1
627 -1 -1 797 8 0 7 5 0 0 0 0 0 0 0
628 1
629 -1 -1 1593 8 0 0 0 0 4 2 1 0 2 1
630 -1 -1 1592 8 0 0 0 0 2 65 0 0 0 796 4966 -4528 -4172 4002 6 398 1556 -3056 1843 2880 384 199 4495 -5748 -4596 -6249 348 0
631 0
632 1
633 -1 -1 795 8 0 1 0 0 2 0 2 0 0 0
634 1
635 -1 -1 1589 8 0 0 1 0 3 0 0 0 13 0
636 1
637 -1 -1 3177 8 0 0 0 0 0 0 0 0 57 0
638 1
639 -1 -1 6353 8 0 0 0 0 0 0 0 0 3 1
640 -1 -1 6352 8 0 0 0 0 0 0 0 0 87 3176 -3321 7084 4076 6866 358 1588 -1639 -4776 -3545 -6813 159 794 -3728 -6566 1022 3086 229 397 -4579 -6700 2504 7089 349 1
641 -1 -1 396 8 0 4 3 2 2 2 0 0 0 198 2240 -6542 -1033 7800 269 99 82 -1710 3292 1643 292 0
642 0
643 1
644 -1 -1 395 8 0 2 0 14 18 1 0 0 9 1
645 -1 -1 394 8 0 8 13 6 2 7 0 11 20 197 681 -6002 -3563 4447 8 0
646 0
647 1
648 -1 -1 787 8 0 0 12 0 7 6 0 12 1 0
649 1
650 -1 -1 1573 8 0 1 0 1 3 0 0 4 0 0
651 1
652 -1 -1 3145 8 0 4 23 0 1 0 0 0 15 0
653 1
654 -1 -1 6289 8 0 0 0 0 0 0 0 0 4 1
655 -1 -1 6288 8 0 4 127 0 3 1 0 3 0 3144 3238 -7311 -4916 -203 35 1572 -2427 -1434 1474 -7273 386 786 4868 -5425 -2244 5746 295 393 -4713 -4360 -2758 -5381 8 0
656 1
657 -1 -1 785 8 0 0 16 0 5 0 1 0 0 1
658 -1 -1 784 8 0 6 8 3 1 2 0 1 44 392 3755 -1124 1213 837 3 196 837 -4793 2603 -5327 0 98 152 2630 -4901 6618 2 49 2196 -4334 4111 2746 257 0
659 0
660 0
661 0
662 1
663 -1 -1 783 8 0 0 22 0 0 0 0 4 33 0
664 1
665 -1 -1 1565 8 0 1 0 0 1 2 0 0 0 0
666 1
667 -1 -1 3129 8 0 0 1 0 1 2 0 0 0 0
668 1
669 -1 -1 6257 8 0 0 69 0 0 0 0 0 0 1
670 -1 -1 6256 8 0 1 3 0 0 0 0 0 0 3128 218 610 -3908 607 305 1564 4782 1423 672 375 289 782 -2510 7867 -3238 -4805 56 391 -1257 -2793 3677 -7093 366 0
671 0
672 0
673 1
674 -1 -1 3127 8 0 0 10 0 0 0 0 0 42 1
675 -1 -1 3126 8 0 0 13 30 3 9 0 0 2 1563 2634 -297 4452 -5677 382 0
676 0
677 1
678 -1 -1 6251 8 0 1 0 0 4 6 0 2 215 1
679 -1 -1 6250 8 0 0 4 2 2 0 0 11 16 3125 3901 7797 -4916 -1234 216 0
680 1
681 -1 -1 6249 8 0 0 2 0 0 0 0 17 35 1
682 -1 -1 6248 8 0 0 0 0 0 0 0 64 2 3124 -933 1815 -1724 -5274 3 1562 4553 -39 -4116 3775 41 781 4923 6393 -3734 -5081 396 0
683 0
684 1
685 -1 -1 3123 8 0 1 1 21 1 1 0 0 0 1
686 -1 -1 3122 8 0 0 9 2 1 26 0 1 7 1561 -190 6761 -3504 -639 292 0
687 0
688 1
689 -1 -1 6243 8 0 0 2 0 1 0 0 0 6 1
690 -1 -1 6242 8 0 0 3 0 2 5 0 105 2 3121 -109 1108 -3425 -7381 354 1
691 -1 -1 3120 8 0 0 14 16 4 6 0 6 8 1560 4297 4478 -1334 2563 228 780 1449 5771 941 -5909 269 390 1294 -1072 -4360 3984 298 195 1903 2282 -2946 6767 396 0
692 0
693 0
694 1
695 -1 -1 1559 8 0 0 0 8 0 0 0 0 0 0
696 1
697 -1 -1 3117 8 0 0 0 43 0 0 0 0 0 1
698 -1 -1 3116 8 0 0 0 38 0 0 0 0 0 1558 3555 506 -2841 -2510 244 779 1588 4416 719 2514 10 1
699 -1 -1 778 8 0 1 0 0 0 0 0 0 0 389 618 737 -3676 4065 0 0
700 0
701 1
702 -1 -1 1555 8 0 0 2 2 1 40 0 0 4 0
703 0
704 1
705 -1 -1 6219 8 0 0 0 0 8 10 0 1 0 1
706 -1 -1 6218 8 0 0 0 33 0 7 0 20 0 3109 3122 2854 4822 7562 326 0
707 1
708 -1 -1 6217 8 0 0 0 0 0 5 0 4 0 1
709 -1 -1 6216 8 0 0 0 2 2 0 0 108 0 3108 -3558 -438 1895 -7112 275 1554 3115 3262 -2711 -2836 17 777 2518 7704 -3290 1122 11 0
710 0
711 1
712 -1 -1 3107 8 0 1 0 0 5 1 0 7 0 0
713 1
714 -1 -1 6213 8 0 0 0 1 0 0 0 0 2 1
715 -1 -1 6212 8 0 0 0 73 0 0 0 0 0 3106 -2767 -886 4932 -5813 371 1553 1973 960 -49 -5900 398 0
716 1
717 -1 -1 3105 8 0 1 18 21 4 0 1 17 0 0
718 1
719 -1 -1 6209 8 0 0 2 30 2 2 0 0 5 1
720 -1 -1 6208 8 0 0 2 15 8 26 0 53 106 3104 1966 -4546 -4389 -2751 195 1552 2112 5418 -1416 5961 326 776 3995 2450 692 -4718 386 388 4578 -5028 -3351 -4360 256 194 4862 -4941 -1648 -4709 356 97 4823 5857 -4851 457 87 0
721 0
722 0
723 0
724 0
725 1
726 -1 -1 3103 8 0 0 0 0 0 0 0 0 3 0
727 1
728 -1 -1 6205 8 0 1 0 0 1 0 0 0 0 1
729 -1 -1 6204 8 0 0 0 0 1 0 0 69 0 3102 -4259 4994 -1762 6360 361 1551 -4421 938 2671 -1729 84 1
730 -1 -1 1550 8 0 1 2 0 3 0 0 4 55 775 3591 4986 213 -5586 391 0
731 1
732 -1 -1 1549 8 0 2 0 0 0 11 0 0 13 1
733 -1 -1 1548 8 0 3 26 2 11 7 0 3 2 774 2382 -3156 1281 6011 308 387 4584 6443 -4214 -5861 359 0
734 0
735 0
736 1
737 -1 -1 3095 8 0 0 18 10 0 0 0 1 0 0
738 1
739 -1 -1 6189 8 0 0 21 0 0 0 0 15 0 1
740 -1 -1 6188 8 0 0 0 2 0 0 0 94 0 3094 1426 749 255 7790 393 1547 187 687 4102 -7191 359 0
741 0
742 1
743 -1 -1 6187 8 0 0 0 5 2 18 0 15 1 1
744 -1 -1 6186 8 0 0 37 0 0 8 0 0 5 3093 832 80 -4865 -2482 296 0
745 1
746 -1 -1 6185 8 0 0 9 178 1 8 0 43 1 1
747 -1 -1 6184 8 0 0 7 1 0 2 0 0 12 3092 4270 -6485 -2919 1662 0 1546 4072 -4774 1384 1598 22 773 -318 293 -2650 1439 347 0
748 0
749 1
750 -1 -1 3091 8 0 3 0 11 20 1 2 6 0 0
751 1
752 -1 -1 6181 8 0 3 0 29 0 0 0 0 0 1
753 -1 -1 6180 8 0 0 0 4 4 144 0 5 0 3090 -3582 -2681 3158 -4444 15 1545 3385 2665 -4689 7187 352 0
754 0
755 1
756 -1 -1 6179 8 0 0 9 10 10 174 4 14 7 1
757 -1 -1 6178 8 0 1 0 70 3 5 0 38 7 3089 2955 7525 1828 199 9 0
758 1
759 -1 -1 6177 8 0 1 88 8 5 3 3 10 0 1
760 -1 -1 6176 8 0 8 78 112 50 348 4 1236 29 3088 3576 4273 2501 2608 14 1544 2680 7324 -2488 6681 268 772 1818 -7797 -1089 4457 360 386 2282 -7387 4256 -1467 290 193 -4867 6574 -3656 -2628 47 0
761 0
762 0
763 0
764 0
765 1
766 -1 -1 6175 8 0 0 0 0 1 8 0 0 12 1
767 -1 -1 6174 8 0 0 9 7 11 1 5 18 0 3087 4358 -7558 1743 2093 372 0
768 1
769 -1 -1 6173 8 0 0 0 0 1 122 0 0 0 1
770 -1 -1 6172 8 0 1 3 0 1 1 0 0 1 3086 4332 -4340 696 4484 246 1543 -588 -1438 4995 -559 14 0
771 0
772 1
773 -1 -1 6171 8 0 0 0 14 3 0 0 0 0 1
774 -1 -1 6170 8 0 1 30 2 4 20 0 3 3 3085 2890 -5753 -1598 -5825 233 0
775 1
776 -1 -1 6169 8 0 0 11 3 2 3 0 3 0 1
777 -1 -1 6168 8 0 3 1 1 39 5 3 33 0 3084 -2337 -1032 2495 -392 4 1542 -4639 4848 1609 -4248 0 771 3095 -3831 4639 -458 6 0
778 0
779 0
780 1
781 -1 -1 6167 8 0 0 0 0 5 123 0 12 0 1
782 -1 -1 6166 8 0 1 4 0 1 0 0 2 2 3083 3870 -7292 2308 4269 141 0
783 1
784 -1 -1 6165 8 0 0 2 10 0 38 0 1 20 1
785 -1 -1 6164 8 0 0 15 7 12 4 0 16 15 3082 478 -2999 -3394 -1078 258 1541 3914 -5802 -3593 6216 301 0
786 0
787 1
788 -1 -1 6163 8 0 4 8 0 6 37 0 344 18 1
789 -1 -1 6162 8 0 2 36 8 3 14 0 77 12 3081 1661 -1758 3459 7451 254 0
790 1
791 -1 -1 6161 8 0 0 2 3 0 1 0 2 33 1
792 -1 -1 6160 8 0 1 5 2 34 29 8 89 20 3080 4330 7901 2711 183 243 1540 -1961 4045 -4582 -886 0 770 -4718 -7897 -4890 -2440 3 385 4596 2373 -1346 6426 7 0
793 0
794 0
795 1
796 -1 -1 3079 8 0 0 0 0 3 10 0 2 11 0
797 1
798 -1 -1 6157 8 0 0 0 0 1 0 0 1 4 1
799 -1 -1 6156 8 0 0 0 68 1 0 0 0 0 3078 -1049 -2281 1641 3758 244 1539 4405 -5132 -4067 7946 268 0
800 0
801 1
802 -1 -1 6155 8 0 1 5 3 4 20 0 3 170 1
803 -1 -1 6154 8 0 1 11 8 0 31 0 3 6 3077 3002 -1702 1152 4913 229 0
804 1
805 -1 -1 6153 8 0 3 0 0 0 0 2 3 46 1
806 -1 -1 6152 8 0 1 147 21 25 59 2 42 52 3076 4873 -4746 -3153 -4965 385 1538 4942 -3088 4362 6297 59 769 -225 -7660 1645 6709 248 0
807 0
808 0
809 1
810 -1 -1 6151 8 0 1 24 71 5 2 0 1 23 1
811 -1 -1 6150 8 0 0 38 0 37 21 3 36 87 3075 4091 -5975 -4857 6762 242 0
812 1
813 -1 -1 6149 8 0 1 141 227 15 71 0 146 35 1
814 -1 -1 6148 8 0 1 61 20 10 40 3 203 9 3074 288 -6238 -4273 -2442 5 1537 -3765 483 4706 1748 219 0
815 0
816 1
817 -1 -1 6147 8 0 8 8 8 16 15 4 61 4 1
818 -1 -1 6146 8 0 2 60 168 37 541 3 35 14 3073 108 -2214 -493 4370 256 0
819 1
820 -1 -1 6145 8 0 3 47 123 96 274 1 220 64 1
821 -1 -1 6144 8 0 8 245 357 46 184 7 180 131 3072 1410 -2165 -3591 7598 201 1536 -815 -3819 4923 -1175 1 768 -248 -1884 4108 -1825 209 384 1843 -1526 286 -5530 227 192 2239 -2403 -1053 3472 254 96 1653 -210 -4836 -1383 262 48 3995 1942 1799 -7322 299 24 -3708 3372 3702 5985 284 12 84 4428 -1486 6473 3 6 -3302 -5051 -138 5226 254 3 -76 440 -2638 5563 400 0
822 0
823 0
824 0
825 0
826 0
827 0
828 1
829 -1 -1 383 8 0 10 0 0 25 0 6 0 0 0
830 0
831 1
832 -1 -1 1531 8 0 0 0 0 7 0 5 0 0 0
833 0
834 1
835 -1 -1 6123 8 0 0 0 0 2 0 59 0 0 1
836 -1 -1 6122 8 0 4 0 0 0 0 22 0 0 3061 -747 4952 2518 3725 9 1
837 -1 -1 3060 8 0 0 0 0 6 0 22 0 0 1530 -1130 2089 1276 -5777 5 765 4063 6169 -747 4436 3 1
838 -1 -1 764 8 0 3 0 0 1 0 0 0 0 382 4938 6126 4820 -5039 0 191 2888 4510 810 4705 0 0
839 1
840 -1 -1 381 8 0 3 5 0 9 0 28 0 1 0
841 1
842 -1 -1 761 8 0 48 0 0 7 0 0 0 0 1
843 -1 -1 760 8 0 23 0 0 11 0 13 0 0 380 319 -1114 3733 6454 18 190 3039 -3320 988 7426 62 95 4131 3591 3858 -723 1 0
844 0
845 1
846 -1 -1 379 8 0 4 4 19 6 0 3 0 0 1
847 -1 -1 378 8 0 1 0 0 1 0 0 13 26 189 -2995 1581 -3212 4934 0 0
848 0
849 1
850 -1 -1 755 8 0 34 0 0 0 0 0 0 0 0
851 0
852 1
853 -1 -1 3019 8 0 31 0 0 1 0 6 0 0 0
854 1
855 -1 -1 6037 8 0 5 0 0 0 0 0 0 5 1
856 -1 -1 6036 8 0 9 0 0 24 0 42 0 0 3018 -1419 -3958 812 7898 0 1509 3235 -7424 -925 1796 1 0
857 1
858 -1 -1 3017 8 0 7 0 0 20 0 4 0 7 0
859 1
860 -1 -1 6033 8 0 16 0 0 0 0 0 0 0 1
861 -1 -1 6032 8 0 26 1 0 31 0 0 0 0 3016 2241 1190 -177 5554 13 1508 1374 6247 1957 1341 2 754 2740 -2760 -2634 2223 27 377 -3 7930 352 192 372 0
862 1
863 -1 -1 753 8 0 12 0 1 12 36 1 3 0 0
864 1
865 -1 -1 1505 8 0 10 2 0 0 0 10 0 0 0
866 1
867 -1 -1 3009 8 0 15 0 0 22 0 0 0 4 1
868 -1 -1 3008 8 0 29 2 0 3 0 0 0 0 1504 -2987 7400 -2282 -2064 1 752 -459 -1892 4753 -923 17 376 2427 1292 -87 -574 4 188 -434 5360 -3096 -1199 31 94 875 -2719 -2186 7454 349 47 1390 -4882 3677 -3140 3 0
869 0
870 0
871 0
872 0
873 1
874 -1 -1 1503 8 0 35 0 5 5 0 4 0 0 1
875 -1 -1 1502 8 0 8 0 36 0 0 0 0 0 751 4468 -2337 4507 7019 16 0
876 1
877 -1 -1 1501 8 0 10 0 2 10 0 0 0 0 0
878 0
879 1
880 -1 -1 6003 8 0 2 72 0 0 0 0 0 0 1
881 -1 -1 6002 8 0 3 0 0 2 0 0 0 0 3001 4170 338 -2191 4228 5 1
882 -1 -1 3000 8 0 5 0 8 10 1 0 0 0 1500 1107 1226 1574 8000 7 750 2680 1643 2678 6818 9 375 4784 -1915 938 6462 17 0
883 1
884 -1 -1 749 8 0 1 5 0 7 0 43 0 6 0
885 1
886 -1 -1 1497 8 0 0 0 0 0 2 0 0 3 0
887 1
888 -1 -1 2993 8 0 7 0 0 0 0 0 0 0 0
889 1
890 -1 -1 5985 8 0 4 0 0 0 0 1 0 0 1
891 -1 -1 5984 8 0 8 0 2 67 0 0 0 0 2992 1526 6559 4262 6590 6 1496 4257 6851 -803 2750 330 748 -3524 -1319 -2879 6213 346 374 -1553 5271 1777 3379 15 187 4667 902 4565 7883 1 0
892 0
893 0
894 1
895 -1 -1 1495 8 0 0 16 6 1 14 1 6 14 0
896 1
897 -1 -1 2989 8 0 27 0 8 0 0 3 0 8 1
898 -1 -1 2988 8 0 0 0 0 6 0 15 0 17 1494 54 7196 3165 2298 269 747 4261 4243 -3245 5717 11 0
899 0
900 1
901 -1 -1 2987 8 0 8 0 0 3 1 0 0 1 0
902 1
903 -1 -1 5973 8 0 2 0 0 2 0 0 0 0 1
904 -1 -1 5972 8 0 2 0 0 3 0 0 0 131 2986 4042 1390 -2919 2962 2 1493 -4972 6836 2858 3028 18 0
905 1
906 -1 -1 2985 8 0 4 2 0 18 0 9 0 1 1
907 -1 -1 2984 8 0 5 0 1 4 0 5 0 25 1492 -2925 2629 -1025 -3372 353 746 -450 5514 4016 526 368 373 3223 6346 -684 3787 21 0
908 1
909 -1 -1 745 8 0 42 0 2 17 5 0 0 2 0
910 1
911 -1 -1 1489 8 0 4 0 0 1 0 0 0 34 0
912 0
913 1
914 -1 -1 5955 8 0 5 1 0 2 1 11 0 0 1
915 -1 -1 5954 8 0 13 0 141 3 1 0 0 3 2977 -4917 -930 -2665 4241 4 0
916 1
917 -1 -1 5953 8 0 0 20 0 1 0 0 0 0 1
918 -1 -1 5952 8 0 21 0 21 13 0 0 0 15 2976 -4871 3976 -2105 2885 292 1488 -348 607 -4161 4219 11 744 -1225 -4819 3608 7024 1 372 -3005 4289 -1711 7810 4 186 1736 7099 3042 3570 1 93 4896 -1997 -4782 -5323 3 0
919 0
920 0
921 0
922 1
923 -1 -1 1487 8 0 0 2 0 0 0 0 0 18 0
924 1
925 -1 -1 2973 8 0 1 2 0 0 0 0 0 12 1
926 -1 -1 2972 8 0 3 62 0 0 0 0 0 4 1486 -1638 -1012 -3481 6397 1 743 -634 4119 788 894 27 0
927 1
928 -1 -1 1485 8 0 0 0 0 13 0 0 0 4 0
929 1
930 -1 -1 2969 8 0 1 3 0 3 0 0 0 62 1
931 -1 -1 2968 8 0 3 6 0 0 0 0 0 0 1484 -939 3019 4117 -6825 400 742 3788 -3531 -4480 -7530 376 371 -4161 1706 1096 -3759 394 0
932 1
933 -1 -1 741 8 0 1 3 16 1 0 2 0 34 0
934 1
935 -1 -1 1481 8 0 9 0 0 0 0 0 0 0 0
936 0
937 1
938 -1 -1 5923 8 0 2 0 0 3 0 0 0 9 1
939 -1 -1 5922 8 0 0 0 0 3 0 0 0 140 2961 1759 -4937 -2152 4736 0 1
940 -1 -1 2960 8 0 12 0 0 5 0 0 0 39 1480 430 5190 -852 2212 3 740 3850 -7745 -3443 4424 20 370 -4917 2169 2500 1265 204 185 -3609 5287 -1405 2083 7 0
941 0
942 1
943 -1 -1 739 8 0 17 11 0 0 0 0 0 6 0
944 1
945 -1 -1 1477 8 0 5 0 1 1 0 2 0 0 0
946 1
947 -1 -1 2953 8 0 67 0 0 2 0 0 0 0 1
948 -1 -1 2952 8 0 9 1 0 1 0 0 0 1 1476 739 -338 -4139 1963 4 738 4277 7197 3578 -4320 51 369 -4243 7803 409 4634 5 1
949 -1 -1 368 8 0 9 8 1 3 0 0 0 38 184 353 -395 -1878 7789 5 92 -866 6677 -1423 3557 3 46 3967 6698 3455 -6082 17 23 4703 -5616 -3387 -6995 1 0
950 0
951 0
952 0
953 1
954 -1 -1 367 8 0 67 1 0 0 0 0 0 0 1
955 -1 -1 366 8 0 0 0 22 1 0 3 0 0 183 -631 7721 -1586 -7013 235 0
956 0
957 0
958 0
959 0
960 1
961 -1 -1 5855 8 0 1 0 0 0 4 1 0 0 1
962 -1 -1 5854 8 0 7 0 0 4 0 186 0 0 2927 3594 -2528 4588 7408 0 1
963 -1 -1 2926 8 0 2 0 16 8 0 16 10 0 1463 2822 5104 703 1584 9 0
964 0
965 1
966 -1 -1 5851 8 0 0 0 0 3 0 3 51 0 1
967 -1 -1 5850 8 0 0 0 2 8 0 0 0 6 2925 -1896 -1648 -3669 263 1 1
968 -1 -1 2924 8 0 7 5 1 20 0 25 7 1 1462 2263 3331 252 -540 23 731 -492 1748 -3917 1969 16 0
969 0
970 1
971 -1 -1 2923 8 0 4 22 0 8 3 13 0 7 0
972 1
973 -1 -1 5845 8 0 1 14 0 1 0 4 0 0 1
974 -1 -1 5844 8 0 0 3 65 4 0 0 0 1 2922 -3218 3207 4621 -6959 397 1461 -3976 5777 633 -7266 400 0
975 1
976 -1 -1 2921 8 0 11 0 19 10 1 11 1 11 0
977 1
978 -1 -1 5841 8 0 4 6 0 27 0 30 0 0 1
979 -1 -1 5840 8 0 1 0 0 9 1 1 10 4 2920 -3221 -3804 -4492 1170 0 1460 -4428 3910 -4517 -719 8 730 -1217 -914 4802 -3818 150 365 -3180 -3177 4109 -7350 399 0
980 0
981 1
982 -1 -1 1459 8 0 0 1 33 6 0 0 0 1 0
983 1
984 -1 -1 2917 8 0 3 2 3 10 5 0 0 45 1
985 -1 -1 2916 8 0 11 0 4 30 0 6 3 5 1458 1899 2121 -200 2370 4 729 -2680 -1851 952 7675 397 0
986 0
987 0
988 1
989 -1 -1 5831 8 0 0 0 1 1 6 0 3 5 1
990 -1 -1 5830 8 0 8 12 36 14 0 0 0 1 2915 1030 4244 -4739 6984 16 0
991 1
992 -1 -1 5829 8 0 10 2 0 20 0 12 0 0 1
993 -1 -1 5828 8 0 12 0 18 12 26 7 3 1 2914 3687 202 -3344 -3009 10 1457 -4073 -2374 -4446 -5489 197 0
994 1
995 -1 -1 2913 8 0 5 0 1 10 4 6 30 1 0
996 1
997 -1 -1 5825 8 0 0 12 0 2 2 1 6 1 1
998 -1 -1 5824 8 0 2 6 5 27 0 12 1 0 2912 -127 5889 4748 -662 135 1456 3579 1827 -180 -4314 23 728 -304 5892 -845 -4691 304 364 -1699 6805 4443 4796 24 182 1439 4228 -4313 4489 17 91 -4117 6059 22 481 353 0
999 0
1000 0
1001 1
1002 -1 -1 727 8 0 8 19 4 11 0 0 0 8 1
1003 -1 -1 726 8 0 24 3 2 5 20 1 0 2 363 -1597 -939 -4455 6479 26 0
1004 0
1005 1
1006 -1 -1 1451 8 0 3 0 3 0 0 0 0 2 0
1007 1
1008 -1 -1 2901 8 0 20 0 0 3 0 0 0 0 1
1009 -1 -1 2900 8 0 69 0 0 0 0 0 0 0 1450 1949 -4929 3186 -2432 9 725 2377 3380 4398 2712 181 0
1010 1
1011 -1 -1 1449 8 0 14 0 13 8 6 0 0 1 0
1012 0
1013 1
1014 -1 -1 5795 8 0 57 4 2 38 0 0 0 0 1
1015 -1 -1 5794 8 0 0 0 0 20 0 0 0 0 2897 -1038 6480 2357 -7394 394 1
1016 -1 -1 2896 8 0 38 0 0 3 0 0 0 0 1448 1782 5926 2826 -7105 17 724 567 996 -1004 -3665 306 362 -4935 -160 -279 2029 8 181 275 1067 -1430 -1345 2 0
1017 0
1018 0
1019 0
1020 1
1021 -1 -1 2895 8 0 2 23 0 1 0 3 0 0 1
1022 -1 -1 2894 8 0 2 0 0 2 39 4 0 0 1447 -1086 7087 -3640 -3281 25 0
1023 1
1024 -1 -1 2893 8 0 2 1 0 21 1 17 0 11 1
1025 -1 -1 2892 8 0 4 4 20 1 4 1 0 1 1446 -1435 316 2123 -4688 28 723 -764 -463 -4351 3420 14 1
1026 -1 -1 722 8 0 0 3 0 1 6 0 30 0 361 -1696 3107 -2028 -4754 0 0
1027 0
1028 1
1029 -1 -1 1443 8 0 10 5 0 6 44 0 2 0 0
1030 1
1031 -1 -1 2885 8 0 14 2 2 31 5 0 0 6 1
1032 -1 -1 2884 8 0 31 7 0 3 0 0 5 0 1442 2312 5186 -848 4891 3 721 871 6044 -2016 -2191 16 0
1033 0
1034 0
1035 1
1036 -1 -1 5767 8 0 1 7 0 1 0 0 0 0 1
1037 -1 -1 5766 8 0 6 4 0 8 0 1 0 133 2883 1988 6649 -1620 -4005 25 1
1038 -1 -1 2882 8 0 2 7 7 17 1 0 0 10 1441 4091 -6468 -3941 -5451 0 0
1039 0
1040 1
1041 -1 -1 5763 8 0 3 48 0 2 0 0 0 0 1
1042 -1 -1 5762 8 0 17 36 20 32 12 1 2 55 2881 -4226 -4664 -4112 5384 4 0
1043 1
1044 -1 -1 5761 8 0 7 15 3 20 0 2 0 1 1
1045 -1 -1 5760 8 0 33 0 11 22 0 0 0 8 2880 -3313 7721 -3925 1542 22 1440 253 6312 -3596 5391 2 720 -3238 314 2038 6879 302 360 -229 -901 -3231 7092 8 180 -4355 -7086 3283 5674 373 90 -2133 -3343 -3381 7487 7 45 3678 7697 -1097 -571 9 0
1046 0
1047 0
1048 0
1049 0
1050 0
1051 1
1052 -1 -1 2879 8 0 1 0 0 6 0 0 16 21 1
1053 -1 -1 2878 8 0 0 28 0 3 0 0 0 14 1439 -2241 3230 4768 260 363 0
1054 0
1055 1
1056 -1 -1 5755 8 0 0 0 0 13 0 0 0 258 1
1057 -1 -1 5754 8 0 2 0 0 0 1 0 0 1 2877 4923 -5774 4457 200 0 1
1058 -1 -1 2876 8 0 0 14 0 5 1 0 0 26 1438 -397 7840 2320 -3966 366 719 -2991 3642 -429 6833 0 0
1059 1
1060 -1 -1 1437 8 0 3 17 3 0 4 0 3 20 0
1061 1
1062 -1 -1 2873 8 0 0 7 0 0 0 0 9 0 1
1063 -1 -1 2872 8 0 0 54 0 6 0 1 0 0 1436 -1636 2733 1650 -4613 378 718 138 7067 2133 -6261 400 359 -3342 4264 -4167 -1414 3 0
1064 0
1065 0
1066 1
1067 -1 -1 2871 8 0 0 0 0 1 0 0 0 22 0
1068 1
1069 -1 -1 5741 8 0 0 63 0 1 0 0 0 0 1
1070 -1 -1 5740 8 0 4 10 0 8 1 0 0 3 2870 1616 -365 362 4507 9 1435 4646 -4017 812 4643 326 0
1071 1
1072 -1 -1 2869 8 0 0 11 35 4 3 0 0 16 0
1073 1
1074 -1 -1 5737 8 0 0 0 0 1 89 0 1 0 1
1075 -1 -1 5736 8 0 2 6 11 0 13 1 0 0 2868 -131 7445 1462 3638 6 1434 -408 1667 4861 1240 328 717 -4443 7902 2508 4613 336 0
1076 1
1077 -1 -1 1433 8 0 0 4 3 3 0 0 0 55 0
1078 0
1079 1
1080 -1 -1 5731 8 0 1 0 36 0 1 0 0 5 1
1081 -1 -1 5730 8 0 1 0 0 0 13 0 8 7 2865 -4760 -7044 3299 -424 6 0
1082 1
1083 -1 -1 5729 8 0 0 3 0 1 28 3 4 5 1
1084 -1 -1 5728 8 0 0 0 0 2 23 0 147 1 2864 4236 6467 2795 -4258 251 1432 2477 -4269 1314 2556 4 716 223 71 -3075 4489 231 358 -1184 457 -3233 -7567 277 179 -3106 4858 4009 -3776 350 0
1085 0
1086 0
1087 1
1088 -1 -1 1431 8 0 0 18 1 2 11 0 0 26 0
1089 0
1090 1
1091 -1 -1 5723 8 0 0 0 0 0 0 0 1 0 1
1092 -1 -1 5722 8 0 0 80 1 0 0 0 0 0 2861 -2475 2655 -862 7788 318 1
1093 -1 -1 2860 8 0 0 7 15 1 0 1 0 1 1430 3673 7557 -4528 -2471 2 715 1118 4464 2779 6911 234 0
1094 1
1095 -1 -1 1429 8 0 0 4 21 4 13 0 0 25 0
1096 1
1097 -1 -1 2857 8 0 0 15 2 0 0 0 0 9 0
1098 1
1099 -1 -1 5713 8 0 0 8 1 10 0 0 0 25 1
1100 -1 -1 5712 8 0 0 0 0 3 1 0 0 258 2856 -3270 4893 381 1350 48 1428 643 7296 2426 3354 295 714 -3711 6740 -1051 5754 18 357 -1669 4919 -4842 -6576 241 0
1101 0
1102 1
1103 -1 -1 1427 8 0 0 3 0 3 0 3 28 1 0
1104 1
1105 -1 -1 2853 8 0 0 0 0 0 2 0 0 15 0
1106 1
1107 -1 -1 5705 8 0 0 2 55 5 7 0 1 0 1
1108 -1 -1 5704 8 0 1 8 9 13 28 0 0 6 2852 3038 5697 998 -4957 280 1426 -4898 -7490 3614 -6785 342 713 3939 -2893 -1784 163 57 0
1109 0
1110 1
1111 -1 -1 2851 8 0 0 1 0 1 0 0 0 51 1
1112 -1 -1 2850 8 0 0 0 9 1 0 0 30 6 1425 -2580 1519 3532 6818 193 0
1113 0
1114 1
1115 -1 -1 5699 8 0 0 47 122 7 4 0 0 0 1
1116 -1 -1 5698 8 0 0 73 11 8 0 0 0 6 2849 -123 4425 -4689 -3909 294 0
1117 1
1118 -1 -1 5697 8 0 2 295 17 85 0 0 4 7 1
1119 -1 -1 5696 8 0 0 252 58 75 7 0 14 171 2848 -2035 4627 3694 -1385 230 1424 1689 3842 -4603 -1699 261 712 -2163 5869 -1571 -7822 389 356 4726 668 1224 -768 18 178 -4618 2441 255 1734 27 89 -3514 7474 3242 -1029 326 0
1120 0
1121 0
1122 0
1123 0
1124 0
1125 1
1126 -1 -1 5695 8 0 28 197 5 0 1 0 2 4 1
1127 -1 -1 5694 8 0 0 0 0 1 11 0 0 5 2847 -1088 7381 -1661 -4626 261 0
1128 1
1129 -1 -1 5693 8 0 12 1 0 0 0 0 0 23 1
1130 -1 -1 5692 8 0 0 6 0 2 64 1 14 3 2846 -2467 2864 4874 4838 0 1423 -221 6253 166 1100 43 0
1131 0
1132 1
1133 -1 -1 5691 8 0 0 6 57 1 1 0 2 0 1
1134 -1 -1 5690 8 0 0 108 11 1 2 0 5 5 2845 -2844 4554 4821 3262 12 0
1135 1
1136 -1 -1 5689 8 0 0 3 7 0 0 0 0 0 1
1137 -1 -1 5688 8 0 1 2 0 2 0 0 70 1 2844 71 -3873 3753 -5882 320 1422 3157 6424 3983 -2934 326 711 -4850 7997 -2654 -3469 150 0
1138 0
1139 0
1140 1
1141 -1 -1 5687 8 0 0 2 0 0 0 0 1 2 1
1142 -1 -1 5686 8 0 0 0 0 0 0 0 0 81 2843 -1823 6248 -3098 -939 366 1
1143 -1 -1 2842 8 0 0 1 0 11 0 0 0 5 1421 4662 -4685 -3843 -1510 224 0
1144 1
1145 -1 -1 2841 8 0 0 9 0 5 2 0 44 0 0
1146 1
1147 -1 -1 5681 8 0 0 2 0 11 0 0 0 35 1
1148 -1 -1 5680 8 0 0 19 93 40 82 6 3 5 2840 -4117 -4025 128 -5420 330 1420 -4981 -1268 2311 -7563 400 710 4089 -5881 -3535 1967 185 355 -77 5814 -4644 -2075 277 0
1149 0
1150 0
1151 1
1152 -1 -1 2839 8 0 4 0 2 1 0 6 0 0 0
1153 1
1154 -1 -1 5677 8 0 0 0 4 0 5 0 0 0 1
1155 -1 -1 5676 8 0 0 0 284 0 0 3 0 0 2838 -2595 -465 -2353 4102 133 1419 803 645 1077 -6457 349 0
1156 0
1157 1
1158 -1 -1 5675 8 0 0 0 66 2 0 0 0 0 1
1159 -1 -1 5674 8 0 0 4 0 5 0 0 1 6 2837 -4844 5428 2137 -1370 8 1
1160 -1 -1 2836 8 0 0 2 2 7 19 2 6 1 1418 40 7758 -2976 -5062 245 709 4957 3268 -1000 -6573 303 0
1161 0
1162 0
1163 1
1164 -1 -1 5671 8 0 0 1 12 0 0 0 10 0 1
1165 -1 -1 5670 8 0 0 32 11 27 124 7 0 2 2835 2905 6772 -2175 -4026 366 0
1166 1
1167 -1 -1 5669 8 0 0 38 25 13 49 0 2 0 1
1168 -1 -1 5668 8 0 0 157 102 18 3 2 1 3 2834 -4818 6634 -2429 1585 28 1417 4929 464 -3952 1414 40 0
1169 0
1170 1
1171 -1 -1 5667 8 0 0 29 6 1 0 0 0 0 1
1172 -1 -1 5666 8 0 0 12 96 0 2 0 0 9 2833 -1178 589 -3214 -525 302 0
1173 1
1174 -1 -1 5665 8 0 0 26 227 14 122 1 10 4 1
1175 -1 -1 5664 8 0 3 28 64 38 143 14 2 18 2832 -1881 6764 -3223 -3031 239 1416 -4439 3470 -4939 26 252 708 -10 -317 -881 1901 2 354 4721 -4972 -2171 -3148 291 177 343 5428 653 -7666 373 0
1176 0
1177 0
1178 1
1179 -1 -1 1415 8 0 0 2 0 7 0 0 18 0 1
1180 -1 -1 1414 8 0 1 3 1 4 2 0 8 37 707 -794 2599 -4479 -7907 283 0
1181 0
1182 1
1183 -1 -1 2827 8 0 7 0 0 2 0 2 1 0 0
1184 1
1185 -1 -1 5653 8 0 0 0 3 46 0 0 0 0 1
1186 -1 -1 5652 8 0 0 1 0 45 0 27 0 1 2826 4357 -6320 -3359 3878 293 1413 4890 3125 -1835 -3481 399 0
1187 0
1188 1
1189 -1 -1 5651 8 0 0 1 0 8 0 1 1 0 1
1190 -1 -1 5650 8 0 0 0 0 3 0 61 0 5 2825 3494 4697 -3651 -5363 384 0
1191 1
1192 -1 -1 5649 8 0 0 0 1 9 1 0 0 72 1
1193 -1 -1 5648 8 0 0 2 1 9 0 10 0 4 2824 4821 2965 1325 -350 0 1412 1871 7390 -1910 -7463 359 706 -4906 3523 -3974 -7973 21 353 -2001 6266 2042 6524 13 0
1194 0
1195 1
1196 -1 -1 1411 8 0 0 1 0 3 4 0 44 9 0
1197 0
1198 1
1199 -1 -1 5643 8 0 0 5 38 7 79 3 5 1 1
1200 -1 -1 5642 8 0 4 48 47 41 30 5 0 0 2821 4742 123 2476 3122 18 0
1201 1
1202 -1 -1 5641 8 0 0 37 0 22 1 4 27 3 1
1203 -1 -1 5640 8 0 1 20 36 1 38 2 31 0 2820 2224 -247 -308 4226 6 1410 -2185 7101 3096 -2043 19 705 3282 -2786 4127 7383 252 0
1204 0
1205 0
1206 1
1207 -1 -1 5639 8 0 6 72 274 190 46 13 11 4 1
1208 -1 -1 5638 8 0 10 82 24 137 14 11 5 46 2819 1237 5131 -1680 -7565 245 0
1209 1
1210 -1 -1 5637 8 0 4 20 18 106 0 0 4 30 1
1211 -1 -1 5636 8 0 6 208 32 142 3 58 9 1 2818 -284 2228 3647 6613 4 1409 983 6756 4498 -637 2 0
1212 0
1213 1
1214 -1 -1 5635 8 0 0 385 51 56 0 4 3 9 1
1215 -1 -1 5634 8 0 0 0 36 1 0 0 39 33 2817 57 221 -744 -6692 321 0
1216 1
1217 -1 -1 5633 8 0 4 89 8 71 41 4 20 135 1
1218 -1 -1 5632 8 0 5 192 372 135 156 1 12 54 2816 4909 -3109 2692 3042 3 1408 -2283 7769 -2666 -4336 331 704 -4489 1784 -4148 -7434 8 352 4848 1173 728 -581 34 176 4486 -6220 -2452 -2540 321 88 2286 5215 -524 -60 32 44 -4303 7187 4219 4233 198 22 -227 461 730 -7452 397 11 262 -564 -4530 -2697 397 0
1219 0
1220 0
1221 0
1222 0
1223 1
1224 -1 -1 351 8 0 0 0 0 3 0 1 1 0 0
1225 1
1226 -1 -1 701 8 0 1 0 0 2 0 1 0 0 1
1227 -1 -1 700 8 0 68 0 0 0 0 0 0 0 350 3546 7333 3883 6443 1 175 -3521 -277 4467 -5893 6 0
1228 1
1229 -1 -1 349 8 0 3 7 0 4 1 2 3 17 1
1230 -1 -1 348 8 0 9 0 11 1 12 6 1 0 174 3913 1151 -3787 -4172 49 87 4733 -2968 -1807 872 398 0
1231 0
1232 0
1233 1
1234 -1 -1 695 8 0 1 1 4 1 0 0 0 11 0
1235 0
1236 1
1237 -1 -1 2779 8 0 0 0 3 2 0 0 0 0 0
1238 1
1239 -1 -1 5557 8 0 0 0 80 0 0 0 0 0 1
1240 -1 -1 5556 8 0 0 0 4 0 0 0 0 0 2778 4768 -6004 768 2431 214 1389 2413 64 -1080 -4744 299 1
1241 -1 -1 1388 8 0 0 16 16 0 0 0 0 1 694 3110 4392 -474 -7993 18 347 4270 -1079 -2588 -7748 332 0
1242 1
1243 -1 -1 693 8 0 0 33 0 3 0 0 0 0 1
1244 -1 -1 692 8 0 0 0 5 12 0 0 2 16 346 2684 -3311 2907 3545 379 173 1778 6048 -2381 -27 36 0
1245 0
1246 1
1247 -1 -1 691 8 0 4 0 0 0 0 0 10 0 1
1248 -1 -1 690 8 0 6 3 3 11 0 39 0 0 345 -3166 7291 -3111 -5882 272 0
1249 0
1250 0
1251 1
1252 -1 -1 2759 8 0 4 5 9 1 4 0 27 0 0
1253 1
1254 -1 -1 5517 8 0 0 35 1 1 0 0 0 0 1
1255 -1 -1 5516 8 0 3 5 26 0 2 10 0 0 2758 1519 -6713 -3886 -7995 39 1379 850 -6214 4727 -2501 16 0
1256 0
1257 1
1258 -1 -1 5515 8 0 0 0 32 1 0 0 0 0 1
1259 -1 -1 5514 8 0 0 5 7 4 27 2 0 1 2757 3036 5989 -1062 7300 11 0
1260 1
1261 -1 -1 5513 8 0 1 0 27 31 2 0 3 15 1
1262 -1 -1 5512 8 0 2 7 2 8 0 12 2 1 2756 955 5285 -786 -169 163 1378 -2731 -6714 -1224 721 7 689 -2215 6558 -4452 -2496 374 0
1263 1
1264 -1 -1 1377 8 0 0 0 11 7 4 0 3 32 0
1265 0
1266 1
1267 -1 -1 5507 8 0 0 0 7 0 0 4 0 0 1
1268 -1 -1 5506 8 0 4 3 11 8 165 0 0 6 2753 3605 -3538 -925 6682 4 1
1269 -1 -1 2752 8 0 2 6 16 3 10 2 4 2 1376 -200 6446 655 -1559 27 688 1960 -2249 -3601 -7858 294 344 2800 6969 4257 -6631 93 172 -1080 -3889 522 1424 390 86 2550 -7166 30 25 260 43 3848 592 -625 1739 398 0
1270 0
1271 0
1272 1
1273 -1 -1 343 8 0 0 0 0 7 0 0 2 49 1
1274 -1 -1 342 8 0 24 1 0 3 5 7 14 0 171 -2040 2903 4881 -1290 0 0
1275 1
1276 -1 -1 341 8 0 0 6 1 3 0 0 44 0 0
1277 1
1278 -1 -1 681 8 0 1 1 0 6 0 10 0 0 0
1279 1
1280 -1 -1 1361 8 0 1 0 0 0 0 2 2 1 0
1281 1
1282 -1 -1 2721 8 0 0 0 4 5 0 0 0 0 0
1283 1
1284 -1 -1 5441 8 0 1 0 1 5 0 0 0 0 1
1285 -1 -1 5440 8 0 0 81 1 10 0 0 0 0 2720 -3736 -279 -4636 -4940 197 1360 735 5018 4361 -2668 247 680 4411 -298 2720 5219 325 340 -2147 -4255 -4573 -2321 398 170 -307 -5373 1452 -6910 6 85 4838 6550 -267 -3111 71 0
1286 0
1287 0
1288 1
1289 -1 -1 679 8 0 5 0 0 0 0 3 0 2 0
1290 1
1291 -1 -1 1357 8 0 0 1 0 0 0 0 0 62 1
1292 -1 -1 1356 8 0 1 0 0 2 0 1 1 3 678 -390 4856 3542 6106 93 339 3282 -53 3371 4610 380 0
1293 1
1294 -1 -1 677 8 0 0 2 0 44 0 7 0 4 0
1295 0
1296 1
1297 -1 -1 2707 8 0 0 0 1 4 0 0 0 7 0
1298 1
1299 -1 -1 5413 8 0 1 80 0 2 0 0 0 0 1
1300 -1 -1 5412 8 0 0 0 1 0 0 0 2 3 2706 4235 -7090 823 2674 288 1353 -4016 5207 -2294 -5818 255 1
1301 -1 -1 1352 8 0 4 1 2 14 0 2 0 33 676 -1110 7836 3820 1560 212 338 3215 4478 1576 7808 2 169 -845 5940 4546 4134 340 0
1302 0
1303 0
1304 1
1305 -1 -1 1351 8 0 0 24 3 1 0 0 0 2 0
1306 1
1307 -1 -1 2701 8 0 0 1 0 2 0 2 0 17 0
1308 1
1309 -1 -1 5401 8 0 0 0 10 4 0 0 18 3 1
1310 -1 -1 5400 8 0 0 0 65 1 0 0 0 3 2700 -4821 1244 4506 2037 289 1350 -3527 5171 1262 7535 323 675 2505 -2782 -1977 3532 281 0
1311 0
1312 1
1313 -1 -1 2699 8 0 0 6 10 0 1 0 0 0 0
1314 1
1315 -1 -1 5397 8 0 0 0 2 0 0 0 0 0 1
1316 -1 -1 5396 8 0 0 0 0 0 1 0 0 98 2698 -2643 7940 3190 5147 390 1349 -4696 4465 -985 -206 288 0
1317 1
1318 -1 -1 2697 8 0 0 0 0 4 0 0 0 19 0
1319 1
1320 -1 -1 5393 8 0 0 6 22 10 29 0 0 0 1
1321 -1 -1 5392 8 0 3 5 0 2 5 0 0 17 2696 -192 6934 -3251 -619 21 1348 1382 1017 -4203 -6671 321 674 4975 7812 -656 850 211 337 -3984 1605 3987 3334 137 0
1322 0
1323 1
1324 -1 -1 1347 8 0 3 0 0 5 0 3 0 2 0
1325 1
1326 -1 -1 2693 8 0 3 0 0 2 0 0 0 0 0
1327 1
1328 -1 -1 5385 8 0 0 0 0 0 0 0 0 120 1
1329 -1 -1 5384 8 0 1 6 0 13 0 0 0 75 2692 4959 -6894 -3552 -1430 394 1346 521 432 -4193 -1420 357 673 222 -272 3945 5547 350 1
1330 -1 -1 672 8 0 2 4 16 6 3 0 4 29 336 95 -7106 4659 4244 19 168 -4507 5101 -4893 712 7 84 -1307 -1923 -1746 5282 2 42 4626 3042 479 6204 21 21 2450 7077 -341 -7074 11 0
1331 0
1332 0
1333 0
1334 0
1335 0
1336 1
1337 -1 -1 1343 8 0 12 1 0 1 27 1 23 1 0
1338 0
1339 1
1340 -1 -1 5371 8 0 21 9 1 1 14 0 7 0 1
1341 -1 -1 5370 8 0 15 6 51 0 6 0 0 1 2685 4491 -5230 -1812 -4001 11 0
1342 1
1343 -1 -1 5369 8 0 57 1 1 0 0 21 0 0 1
1344 -1 -1 5368 8 0 0 0 10 1 0 0 0 6 2684 -2948 7573 -4739 -778 352 1342 4130 -6643 -3808 -3198 13 671 -625 -4273 2861 -575 271 0
1345 0
1346 1
1347 -1 -1 2683 8 0 0 0 5 8 21 0 0 2 0
1348 1
1349 -1 -1 5365 8 0 1 0 0 2 1 0 0 104 1
1350 -1 -1 5364 8 0 0 3 0 3 4 0 1 5 2682 -2916 7541 -386 -3083 211 1341 -2933 7778 3284 4240 48 0
1351 1
1352 -1 -1 2681 8 0 0 4 23 0 5 3 5 7 1
1353 -1 -1 2680 8 0 2 11 0 12 7 13 6 0 1340 -4341 804 4642 -5707 352 670 -4192 6440 -1653 -3596 208 335 1282 6077 -4175 -1054 324 0
1354 0
1355 0
1356 1
1357 -1 -1 2679 8 0 0 3 0 1 19 1 1 16 0
1358 1
1359 -1 -1 5357 8 0 1 19 0 9 0 9 3 3 1
1360 -1 -1 5356 8 0 0 2 12 39 22 14 0 0 2678 -1454 6581 4100 -7682 347 1339 -4763 5880 1422 -6674 266 0
1361 0
1362 1
1363 -1 -1 5355 8 0 0 0 0 3 0 1 19 0 1
1364 -1 -1 5354 8 0 27 7 3 54 4 92 1 1 2677 4848 5157 4022 2509 230 0
1365 1
1366 -1 -1 5353 8 0 0 13 5 12 15 1 1 12 1
1367 -1 -1 5352 8 0 13 20 4 62 36 85 248 0 2676 -4616 4183 482 -7895 221 1338 -3483 4924 1597 5182 5 669 795 3259 -2591 -2415 63 0
1368 0
1369 0
1370 1
1371 -1 -1 5351 8 0 2 0 0 15 1 24 18 0 1
1372 -1 -1 5350 8 0 0 12 7 0 9 0 1 2 2675 4933 5640 -4954 399 26 0
1373 1
1374 -1 -1 5349 8 0 2 2 12 55 0 27 1 3 1
1375 -1 -1 5348 8 0 25 0 2 93 12 87 4 0 2674 -1264 3384 4994 -2111 229 1337 2520 -436 -2984 -609 33 0
1376 0
1377 1
1378 -1 -1 5347 8 0 2 1 12 8 5 0 30 0 1
1379 -1 -1 5346 8 0 3 16 49 17 1 5 1 13 2673 3227 6930 -1534 -4762 198 0
1380 1
1381 -1 -1 5345 8 0 12 0 81 51 82 24 8 1 1
1382 -1 -1 5344 8 0 11 1 55 73 1 46 9 2 2672 -3352 5605 -538 -3686 23 1336 -460 7669 2540 -7202 167 668 -1565 -5049 -1894 -7217 3 334 -3214 3136 1505 -4732 28 167 -3455 6386 578 -4627 312 0
1383 0
1384 0
1385 0
1386 0
1387 1
1388 -1 -1 5343 8 0 0 0 0 5 1 0 6 0 1
1389 -1 -1 5342 8 0 10 0 1 17 0 179 7 0 2671 2680 -7910 523 4844 307 0
1390 1
1391 -1 -1 5341 8 0 0 0 4 14 1 24 0 0 1
1392 -1 -1 5340 8 0 0 0 0 4 2 1 29 4 2670 -4893 -3533 -77 -3246 0 1335 -3942 6830 -4700 -6422 99 0
1393 0
1394 1
1395 -1 -1 5339 8 0 0 0 0 26 0 41 0 0 1
1396 -1 -1 5338 8 0 3 0 0 24 0 265 0 0 2669 -582 7827 -1844 3053 65 1
1397 -1 -1 2668 8 0 0 0 0 23 2 5 0 0 1334 390 1723 179 -6008 25 667 -4871 7330 245 377 35 0
1398 0
1399 1
1400 -1 -1 2667 8 0 4 0 0 11 5 24 0 0 1
1401 -1 -1 2666 8 0 0 0 0 7 22 1 0 0 1333 -2104 373 -620 -6352 10 0
1402 0
1403 1
1404 -1 -1 5331 8 0 5 0 0 9 0 80 0 0 1
1405 -1 -1 5330 8 0 23 2 0 150 5 171 7 0 2665 526 -4442 -4296 -891 398 0
1406 1
1407 -1 -1 5329 8 0 0 0 8 1 0 0 0 0 1
1408 -1 -1 5328 8 0 10 0 1 59 0 26 1 0 2664 2185 -1841 -850 -2371 16 1332 -817 6603 -1309 -4774 34 666 4796 -1146 -802 2335 14 333 -1877 6713 -566 -4791 77 0
1409 0
1410 0
1411 1
1412 -1 -1 2663 8 0 8 0 0 0 0 14 0 0 0
1413 1
1414 -1 -1 5325 8 0 0 0 0 11 0 19 0 0 1
1415 -1 -1 5324 8 0 0 0 0 6 0 123 0 0 2662 -1779 5042 -3420 6178 3 1331 -4661 4248 -599 -1651 118 0
1416 0
1417 1
1418 -1 -1 5323 8 0 1 1 28 27 0 45 0 2 1
1419 -1 -1 5322 8 0 2 0 0 18 0 56 4 0 2661 -2766 -1247 4739 6855 204 0
1420 1
1421 -1 -1 5321 8 0 0 9 0 10 1 3 0 0 1
1422 -1 -1 5320 8 0 1 0 28 8 6 1 3 2 2660 240 1147 2482 4077 357 1330 -352 7662 -107 2291 10 665 -2440 5103 -1405 -7975 44 0
1423 0
1424 0
1425 1
1426 -1 -1 5319 8 0 3 0 2 58 2 55 9 1 1
1427 -1 -1 5318 8 0 19 2 0 83 0 8 8 6 2659 4717 6071 -1461 1279 10 0
1428 1
1429 -1 -1 5317 8 0 6 0 3 25 8 1 2 0 1
1430 -1 -1 5316 8 0 3 0 2 30 9 15 132 0 2658 -1282 2889 3504 775 4 1329 -3518 6084 3748 2056 8 0
1431 0
1432 1
1433 -1 -1 5315 8 0 15 0 9 0 1 13 10 0 1
1434 -1 -1 5314 8 0 16 0 64 114 95 64 13 0 2657 2473 7047 1017 -3573 395 0
1435 1
1436 -1 -1 5313 8 0 3 5 8 14 7 4 13 0 1
1437 -1 -1 5312 8 0 20 0 7 129 2 124 33 0 2656 -591 5576 1235 -528 24 1328 -2839 5275 -3098 -4200 26 664 -4583 298 -410 -4757 17 332 -2885 -7654 4887 -3541 380 166 2787 7405 3309 4080 14 83 330 -6064 -58 -5598 0 0
1438 0
1439 0
1440 0
1441 0
1442 1
1443 -1 -1 2655 8 0 1 0 0 1 0 0 15 40 0
1444 1
1445 -1 -1 5309 8 0 6 0 0 2 0 3 2 0 1
1446 -1 -1 5308 8 0 6 0 0 5 0 0 105 3 2654 2768 -6337 67 -7459 0 1327 -4525 1899 -2268 422 6 1
1447 -1 -1 1326 8 0 6 11 24 4 0 12 7 5 663 3427 6077 -3896 -4418 196 0
1448 0
1449 1
1450 -1 -1 2651 8 0 0 0 0 1 0 0 53 0 1
1451 -1 -1 2650 8 0 6 0 4 1 0 1 8 0 1325 -2241 -7882 -1851 1493 228 0
1452 1
1453 -1 -1 2649 8 0 2 0 62 0 1 0 0 0 0
1454 1
1455 -1 -1 5297 8 0 6 0 14 0 0 9 0 0 1
1456 -1 -1 5296 8 0 4 2 14 0 40 3 9 1 2648 -3386 -3429 4592 -2142 318 1324 971 1639 -4963 2137 163 662 2536 -2713 256 171 13 331 -1416 -7444 4586 -5620 222 0
1457 0
1458 0
1459 1
1460 -1 -1 2647 8 0 34 29 0 1 0 0 0 0 0
1461 1
1462 -1 -1 5293 8 0 8 0 9 0 0 0 0 0 1
1463 -1 -1 5292 8 0 147 0 0 13 1 0 0 0 2646 -3 -4796 -3001 1473 163 1323 3950 235 -3392 -5426 70 0
1464 1
1465 -1 -1 2645 8 0 9 3 3 2 0 1 1 4 0
1466 1
1467 -1 -1 5289 8 0 36 0 1 0 0 0 0 0 1
1468 -1 -1 5288 8 0 59 0 0 0 4 113 0 0 2644 4865 -6940 -4918 1773 14 1322 1735 -442 -3076 -7174 72 661 713 -7671 -1967 -2982 9 0
1469 1
1470 -1 -1 1321 8 0 0 0 13 12 0 8 23 7 0
1471 1
1472 -1 -1 2641 8 0 1 11 0 0 0 0 1 0 0
1473 1
1474 -1 -1 5281 8 0 1 0 29 0 8 0 0 0 1
1475 -1 -1 5280 8 0 8 1 15 6 0 5 1 9 2640 -3310 -2926 4411 -2156 8 1320 -4745 -6307 -3910 6172 197 660 3547 7443 -3228 -3558 97 330 -4257 6907 -2685 -6178 324 165 -3837 -6325 4584 -481 144 0
1476 0
1477 0
1478 0
1479 1
1480 -1 -1 2639 8 0 1 18 2 14 9 2 5 1 0
1481 1
1482 -1 -1 5277 8 0 0 1 51 5 2 0 0 0 1
1483 -1 -1 5276 8 0 1 2 31 2 33 0 0 1 2638 1203 -6047 4179 41 25 1319 481 -704 -4384 -6403 13 0
1484 1
1485 -1 -1 2637 8 0 0 0 0 0 0 0 0 20 1
1486 -1 -1 2636 8 0 1 16 15 5 1 1 8 13 1318 3679 -6362 -614 -258 221 659 -2967 7737 -2063 2102 12 0
1487 0
1488 0
1489 1
1490 -1 -1 5271 8 0 2 0 0 25 12 17 4 0 1
1491 -1 -1 5270 8 0 1 0 35 6 14 0 1 0 2635 708 -5931 -4135 3802 25 0
1492 1
1493 -1 -1 5269 8 0 1 0 1 10 11 9 12 0 1
1494 -1 -1 5268 8 0 7 5 8 61 227 9 3 3 2634 1655 -2727 2283 -5975 9 1317 2305 -6503 -3516 3521 11 0
1495 0
1496 1
1497 -1 -1 5267 8 0 1 3 16 22 83 1 7 6 1
1498 -1 -1 5266 8 0 1 36 3 10 9 1 1 6 2633 -4170 7735 -4400 -2235 26 0
1499 1
1500 -1 -1 5265 8 0 1 1 22 7 0 0 0 11 1
1501 -1 -1 5264 8 0 5 18 3 52 9 27 5 29 2632 2572 -10 4781 -6270 195 1316 2028 6218 2158 289 36 658 4731 7012 867 -6907 25 329 -658 -1732 4892 -2772 159 0
1502 0
1503 0
1504 1
1505 -1 -1 2631 8 0 3 5 0 17 4 2 0 0 0
1506 1
1507 -1 -1 5261 8 0 0 11 0 0 0 0 2 3 1
1508 -1 -1 5260 8 0 7 2 161 10 7 0 7 6 2630 704 4034 -342 -5556 114 1315 210 2012 -4855 4444 12 0
1509 1
1510 -1 -1 2629 8 0 2 0 0 9 29 2 0 4 1
1511 -1 -1 2628 8 0 2 3 4 8 0 0 11 6 1314 -3945 4868 -109 -7651 7 657 2553 7370 -3089 7858 13 0
1512 0
1513 1
1514 -1 -1 2627 8 0 7 0 1 7 25 1 2 15 0
1515 1
1516 -1 -1 5253 8 0 7 1 0 14 7 29 47 0 1
1517 -1 -1 5252 8 0 15 0 0 60 0 16 7 2 2626 3257 3229 -613 -2203 18 1313 3585 -7615 -989 3092 262 0
1518 0
1519 1
1520 -1 -1 5251 8 0 16 37 3 79 0 26 1 6 1
1521 -1 -1 5250 8 0 58 2 9 96 1 10 18 2 2625 3322 -5966 4180 6283 17 0
1522 1
1523 -1 -1 5249 8 0 3 43 7 11 2 4 12 2 1
1524 -1 -1 5248 8 0 79 35 138 163 45 58 5 16 2624 -1306 2755 3797 -2362 223 1312 4652 -7100 -1912 1867 2 656 2248 280 -4951 7004 281 328 3563 7196 584 717 42 164 -25 6013 1699 -1641 29 82 -1140 7924 3063 -4303 391 41 -832 1586 862 -7767 11 0
1525 0
1526 0
1527 1
1528 -1 -1 327 8 0 2 1 2 2 6 0 24 0 0
1529 1
1530 -1 -1 653 8 0 0 0 0 0 0 4 0 11 1
1531 -1 -1 652 8 0 10 0 15 17 0 9 0 5 326 3795 -1446 -4081 5418 186 163 4104 4791 -1775 -942 38 0
1532 0
1533 0
1534 0
1535 0
1536 1
1537 -1 -1 5215 8 0 2 0 0 3 0 5 0 0 1
1538 -1 -1 5214 8 0 1 0 0 2 0 125 0 0 2607 2067 -4750 -477 -1885 30 1
1539 -1 -1 2606 8 0 5 0 0 0 0 3 0 0 1303 4179 -5839 -2585 1339 24 1
1540 -1 -1 1302 8 0 7 0 0 0 0 1 7 0 651 1664 -5475 1849 3495 31 0
1541 0
1542 1
1543 -1 -1 2603 8 0 3 2 2 13 0 1 14 2 0
1544 1
1545 -1 -1 5205 8 0 29 0 0 88 1 178 0 0 1
1546 -1 -1 5204 8 0 16 0 1 31 4 10 0 0 2602 3426 -3789 -4916 -3500 17 1301 2597 3746 -932 522 13 0
1547 0
1548 1
1549 -1 -1 5203 8 0 146 0 0 46 0 6 0 0 1
1550 -1 -1 5202 8 0 62 0 0 15 0 26 8 0 2601 3753 -6011 3112 6852 14 1
1551 -1 -1 2600 8 0 16 3 0 21 0 25 2 0 1300 3321 1876 -4711 -7099 381 650 4641 6470 4527 439 1 325 -468 -2568 -1018 5478 48 0
1552 1
1553 -1 -1 649 8 0 18 0 1 23 0 5 0 5 0
1554 1
1555 -1 -1 1297 8 0 11 8 0 1 6 10 0 0 0
1556 1
1557 -1 -1 2593 8 0 11 0 0 0 2 6 0 0 0
1558 1
1559 -1 -1 5185 8 0 154 0 0 4 0 0 0 0 1
1560 -1 -1 5184 8 0 30 0 0 4 0 5 0 0 2592 19 -6747 -2918 -1000 8 1296 4577 3561 -233 3981 14 648 365 -7923 220 2627 138 324 973 6965 2239 -7313 6 162 4967 7644 -3810 -7317 22 81 3072 -6954 1316 -926 129 0
1561 0
1562 0
1563 0
1564 0
1565 1
1566 -1 -1 2591 8 0 1 36 0 5 0 2 1 1 0
1567 1
1568 -1 -1 5181 8 0 0 0 16 8 1 9 4 0 1
1569 -1 -1 5180 8 0 3 6 15 18 115 3 13 0 2590 2263 -5021 4714 -6807 328 1295 -3740 2219 -1571 -795 30 0
1570 0
1571 1
1572 -1 -1 5179 8 0 3 0 0 49 7 26 0 5 1
1573 -1 -1 5178 8 0 4 0 2 1 27 15 1 0 2589 -1857 3192 -3624 -5769 12 0
1574 1
1575 -1 -1 5177 8 0 11 21 26 47 8 0 0 1 1
1576 -1 -1 5176 8 0 9 3 0 16 0 13 0 2 2588 -2508 3362 2521 7237 376 1294 3923 5114 1527 -1384 6 647 2033 1214 -2179 -808 16 0
1577 1
1578 -1 -1 1293 8 0 16 2 0 6 0 7 23 0 0
1579 1
1580 -1 -1 2585 8 0 18 0 0 14 3 16 0 0 0
1581 1
1582 -1 -1 5169 8 0 0 0 5 7 0 0 3 0 1
1583 -1 -1 5168 8 0 2 3 0 49 0 18 0 0 2584 -4510 -6460 -2503 -1136 99 1292 880 -5859 603 7618 398 646 407 -5393 4548 1692 399 323 -3128 4457 -1082 93 2 0
1584 0
1585 1
1586 -1 -1 1291 8 0 1 0 0 0 11 0 4 0 0
1587 0
1588 1
1589 -1 -1 5163 8 0 3 3 0 1 0 0 0 0 1
1590 -1 -1 5162 8 0 0 1 0 4 0 0 0 60 2581 81 -435 -2980 3642 235 1
1591 -1 -1 2580 8 0 0 8 3 15 0 1 5 6 1290 -1500 5212 1365 -3412 239 645 4212 5736 -4644 628 284 0
1592 1
1593 -1 -1 1289 8 0 1 0 7 7 8 20 4 3 0
1594 0
1595 1
1596 -1 -1 5155 8 0 0 0 2 1 0 7 0 0 1
1597 -1 -1 5154 8 0 0 13 4 43 0 1 0 0 2577 4180 -1104 -2293 3340 91 0
1598 1
1599 -1 -1 5153 8 0 1 76 0 8 3 0 0 7 1
1600 -1 -1 5152 8 0 5 31 23 31 8 10 0 6 2576 2050 -6254 -2695 -4943 145 1288 -3755 4182 -4206 -6949 83 644 4030 797 -4945 -6252 293 322 -1291 2443 3280 -7629 138 161 -3037 -7887 -49 7843 275 0
1601 0
1602 0
1603 0
1604 1
1605 -1 -1 2575 8 0 17 0 0 13 6 0 0 7 0
1606 1
1607 -1 -1 5149 8 0 6 1 0 3 8 4 1 0 1
1608 -1 -1 5148 8 0 8 8 1 16 0 4 48 0 2574 -812 -93 -1334 1383 5 1287 718 -6003 4309 7075 10 0
1609 1
1610 -1 -1 2573 8 0 41 0 0 6 0 5 0 0 1
1611 -1 -1 2572 8 0 7 0 2 6 0 13 0 2 1286 -214 75 4536 2328 0 643 413 4269 -4874 100 0 0
1612 0
1613 0
1614 1
1615 -1 -1 5143 8 0 2 4 26 2 5 0 1 0 1
1616 -1 -1 5142 8 0 2 38 3 21 9 0 3 26 2571 1522 3018 2577 -1787 7 0
1617 1
1618 -1 -1 5141 8 0 15 5 6 80 12 7 1 1 1
1619 -1 -1 5140 8 0 1 16 1 1 4 0 0 0 2570 -1940 4958 -4369 -6995 4 1285 -1375 6253 -1757 1308 12 0
1620 1
1621 -1 -1 2569 8 0 1 0 8 3 3 3 4 7 0
1622 1
1623 -1 -1 5137 8 0 24 1 0 67 39 9 3 15 1
1624 -1 -1 5136 8 0 39 6 1 168 7 9 2 0 2568 -4841 4577 3773 -351 0 1284 -3533 2611 1570 -732 296 642 247 -2367 -2177 -7248 145 321 4874 5575 -4605 -7912 399 0
1625 0
1626 0
1627 1
1628 -1 -1 2567 8 0 0 0 6 5 0 2 0 27 1
1629 -1 -1 2566 8 0 5 4 3 6 4 10 2 3 1283 -3089 4617 -4500 2778 9 0
1630 0
1631 1
1632 -1 -1 5131 8 0 1 0 0 0 15 1 0 0 1
1633 -1 -1 5130 8 0 19 1 15 34 3 20 10 5 2565 3054 -3747 3574 -2041 24 0
1634 1
1635 -1 -1 5129 8 0 49 1 3 58 0 0 10 0 1
1636 -1 -1 5128 8 0 35 3 0 24 2 2 57 2 2564 1324 -7368 3998 -7921 7 1282 95 5219 -2984 -5501 17 641 -4615 5570 387 1687 34 0
1637 0
1638 0
1639 1
1640 -1 -1 5127 8 0 8 2 1 6 1 60 1 1 1
1641 -1 -1 5126 8 0 20 1 44 11 0 2 0 0 2563 -4801 -2082 633 -7580 3 0
1642 1
1643 -1 -1 5125 8 0 2 7 4 8 0 2 0 0 1
1644 -1 -1 5124 8 0 100 0 6 26 5 13 5 0 2562 381 5396 3542 7719 165 1281 3892 5287 2327 2359 9 0
1645 0
1646 1
1647 -1 -1 5123 8 0 0 14 0 2 0 0 0 0 1
1648 -1 -1 5122 8 0 66 1 0 74 0 0 0 0 2561 -4213 -1156 -1483 -452 31 0
1649 1
1650 -1 -1 5121 8 0 14 7 7 15 5 3 3 2 1
1651 -1 -1 5120 8 0 490 5 10 50 1 14 4 0 2560 -1704 -1219 2929 6346 29 1280 1490 731 -4791 4976 23 640 4347 4330 3564 -5028 10 320 -1650 6859 3245 -6981 24 160 421 -773 -4934 -7496 31 80 726 -7826 433 7906 123 40 1204 -7746 -4116 -6114 352 20 -170 7333 -920 -1532 13 10 4423 -5854 812 1442 187 5 73 452 812 -7349 141 0
1652 0
1653 0
1654 0
1655 1
1656 -1 -1 79 8 0 4 2 0 6 0 18 0 8 0
1657 0
1658 1
1659 -1 -1 315 8 0 1 0 0 0 0 0 0 0 0
1660 1
1661 -1 -1 629 8 0 0 0 0 0 0 0 0 3 0
1662 1
1663 -1 -1 1257 8 0 0 0 0 0 0 0 0 9 0
1664 1
1665 -1 -1 2513 8 0 0 0 0 0 0 0 0 8 0
1666 1
1667 -1 -1 5025 8 0 0 0 0 0 0 0 0 4 1
1668 -1 -1 5024 8 0 0 0 0 0 0 0 0 79 2512 -665 734 -3239 -3925 202 1256 -3384 7732 -2016 -2541 25 628 4799 3014 -4271 -5432 366 314 -4502 -3756 3033 -7336 3 157 -2545 1875 4096 2510 381 1
1669 -1 -1 156 8 0 22 0 3 0 0 1 0 36 78 -1809 6205 486 940 28 39 -2412 1613 -2257 3045 2 0
1670 0
1671 1
1672 -1 -1 155 8 0 1 17 0 1 0 0 0 17 0
1673 1
1674 -1 -1 309 8 0 0 2 0 0 0 0 0 5 0
1675 0
1676 1
1677 -1 -1 1235 8 0 0 11 0 0 0 0 0 0 0
1678 0
1679 1
1680 -1 -1 4939 8 0 0 105 0 0 0 0 0 0 1
1681 -1 -1 4938 8 0 0 16 0 0 0 0 0 0 2469 4017 -7224 1937 2343 166 1
1682 -1 -1 2468 8 0 0 6 0 0 0 0 0 0 1234 4647 -5221 2422 6607 185 617 -1596 3903 3694 5698 213 1
1683 -1 -1 616 8 0 1 26 0 7 0 0 0 0 308 1699 -4500 -458 4565 180 154 4319 -4756 2075 5340 296 77 2316 5375 -3551 2694 157 0
1684 0
1685 1
1686 -1 -1 307 8 0 0 30 0 3 0 0 0 2 0
1687 0
1688 1
1689 -1 -1 1227 8 0 0 5 0 0 0 0 0 0 0
1690 1
1691 -1 -1 2453 8 0 1 1 0 1 0 0 0 0 1
1692 -1 -1 2452 8 0 0 0 0 0 0 0 0 67 1226 2479 3258 4639 2698 10 613 3338 2972 -2920 -6173 268 1
1693 -1 -1 612 8 0 2 6 3 8 1 0 0 3 306 3959 -5141 1165 572 61 153 3944 -3331 1916 3949 210 1
1694 -1 -1 152 8 0 6 12 11 15 0 3 1 2 76 2845 -7815 508 1 232 38 1843 4324 -819 3199 11 19 4632 -5072 -556 6799 361 0
1695 1
1696 -1 -1 37 8 0 62 0 0 1 1 0 0 0 0
1697 0
1698 1
1699 -1 -1 147 8 0 6 0 9 2 3 0 8 4 0
1700 1
1701 -1 -1 293 8 0 24 0 4 3 0 26 0 0 1
1702 -1 -1 292 8 0 31 0 0 0 1 0 0 1 146 2517 -7665 4998 -4523 2 73 -3992 -3810 4765 1865 135 0
1703 0
1704 0
1705 0
1706 1
1707 -1 -1 1167 8 0 2 4 0 7 1 1 1 4 0
1708 1
1709 -1 -1 2333 8 0 0 10 0 1 0 0 0 4 0
1710 1
1711 -1 -1 4665 8 0 0 0 0 0 0 0 1 0 1
1712 -1 -1 4664 8 0 0 74 0 1 0 0 0 0 2332 320 -1476 1954 88 378 1166 2687 3773 -740 5776 20 583 -4420 7821 -593 -5792 368 0
1713 1
1714 -1 -1 1165 8 0 0 2 11 10 1 5 0 7 0
1715 1
1716 -1 -1 2329 8 0 0 3 0 1 0 1 21 5 1
1717 -1 -1 2328 8 0 0 31 8 2 2 1 3 0 1164 4914 5712 -4640 -3496 157 582 328 -7557 921 -3507 14 291 -1283 1520 350 -7171 262 0
1718 1
1719 -1 -1 581 8 0 0 0 1 6 18 3 5 2 0
1720 1
1721 -1 -1 1161 8 0 2 12 0 16 1 0 6 0 1
1722 -1 -1 1160 8 0 0 1 0 6 2 0 41 0 580 789 -5646 -1775 -3078 1 290 -1242 2534 -2405 -6289 40 145 -4601 5653 3770 653 0 0
1723 0
1724 0
1725 1
1726 -1 -1 1159 8 0 0 32 0 2 0 0 0 0 1
1727 -1 -1 1158 8 0 2 12 3 15 1 13 0 18 579 1667 5713 4439 -119 180 0
1728 0
1729 1
1730 -1 -1 2315 8 0 0 0 0 3 0 0 0 60 1
1731 -1 -1 2314 8 0 2 2 0 10 0 0 0 0 1157 -2732 5749 -732 -605 27 0
1732 1
1733 -1 -1 2313 8 0 0 0 0 3 30 1 2 19 1
1734 -1 -1 2312 8 0 2 4 3 19 10 8 0 2 1156 -824 7604 -1380 -7290 175 578 2023 40 4631 -2236 196 289 -1578 -7039 1834 2517 225 0
1735 0
1736 1
1737 -1 -1 1155 8 0 1 9 5 0 0 5 2 17 0
1738 0
1739 1
1740 -1 -1 4619 8 0 0 4 4 2 16 3 0 0 1
1741 -1 -1 4618 8 0 0 2 36 0 0 0 0 3 2309 2340 -1704 -1881 3382 17 1
1742 -1 -1 2308 8 0 1 0 0 3 25 1 0 0 1154 4960 -5773 -1192 3868 42 577 -4256 -6847 3332 -6983 0 0
1743 0
1744 1
1745 -1 -1 2307 8 0 0 0 5 7 6 17 0 0 1
1746 -1 -1 2306 8 0 3 2 0 12 26 0 15 0 1153 -4552 7933 -4692 -5195 11 0
1747 0
1748 1
1749 -1 -1 4611 8 0 2 2 41 10 7 0 0 0 1
1750 -1 -1 4610 8 0 0 0 1 5 0 10 0 0 2305 1743 5398 -2079 4266 6 0
1751 1
1752 -1 -1 4609 8 0 4 0 6 6 3 1 6 1 1
1753 -1 -1 4608 8 0 27 50 0 67 0 24 0 3 2304 -822 -7540 2117 7725 284 1152 4492 5985 -491 -6332 36 576 3297 5135 -2056 -4164 45 288 2678 -6267 2852 1596 37 144 -2539 3601 3551 3456 11 72 -1339 6625 2492 -6090 258 36 4896 7128 -133 235 395 18 2812 599 -3701 -1650 371 9 -1438 -6105 -4453 -497 229 0
1754 0
1755 0
1756 0
1757 1
1758 -1 -1 143 8 0 0 22 1 2 0 4 0 1 0
1759 1
1760 -1 -1 285 8 0 1 0 2 0 0 0 0 11 0
1761 1
1762 -1 -1 569 8 0 1 0 0 0 0 0 3 0 0
1763 1
1764 -1 -1 1137 8 0 0 2 0 0 0 0 0 0 0
1765 1
1766 -1 -1 2273 8 0 0 0 2 0 0 0 0 0 1
1767 -1 -1 2272 8 0 0 0 68 0 0 0 0 0 1136 3735 4222 -3659 5300 197 568 -2275 -6161 -911 2932 235 284 458 -132 3723 3816 316 142 240 -1795 4833 2069 337 71 -4849 -5684 -1807 1012 262 0
1768 0
1769 0
1770 1
1771 -1 -1 567 8 0 1 1 0 0 0 3 0 1 0
1772 1
1773 -1 -1 1133 8 0 0 0 1 0 0 1 0 1 0
1774 1
1775 -1 -1 2265 8 0 0 0 1 0 0 0 0 0 0
1776 1
1777 -1 -1 4529 8 0 0 0 0 0 0 0 0 62 1
1778 -1 -1 4528 8 0 0 0 0 0 0 0 0 13 2264 2726 -4301 -3912 795 197 1132 -4984 -3241 -4466 -5347 9 566 1059 6639 -4443 58 22 283 -2307 1837 -2008 -1283 151 1
1779 -1 -1 282 8 0 5 0 0 4 0 15 0 2 141 -1714 4190 -937 -286 2 0
1780 1
1781 -1 -1 281 8 0 8 4 9 1 0 4 0 0 0
1782 1
1783 -1 -1 561 8 0 0 5 1 4 1 0 0 0 1
1784 -1 -1 560 8 0 2 0 1 35 0 18 0 3 280 -473 6613 4625 7345 352 140 -1685 6417 -3547 2517 392 70 4773 -4051 2783 4016 395 35 -4644 3440 3922 6505 284 0
1785 0
1786 0
1787 0
1788 1
1789 -1 -1 559 8 0 1 2 0 4 0 27 0 1 0
1790 1
1791 -1 -1 1117 8 0 4 1 0 1 0 8 0 49 1
1792 -1 -1 1116 8 0 30 0 0 1 0 12 0 0 558 -417 75 4757 -118 130 279 1784 4199 -4819 2390 176 0
1793 1
1794 -1 -1 557 8 0 0 19 0 12 0 0 0 31 1
1795 -1 -1 556 8 0 5 6 2 32 0 2 2 2 278 -3918 2390 -1094 1376 1 139 2401 -7210 -4699 891 390 0
1796 0
1797 1
1798 -1 -1 555 8 0 4 0 0 1 1 47 0 0 1
1799 -1 -1 554 8 0 12 0 2 0 2 2 0 0 277 4267 -5158 2844 -3692 8 0
1800 1
1801 -1 -1 553 8 0 7 1 0 14 0 3 21 0 0
1802 0
1803 1
1804 -1 -1 2211 8 0 3 0 0 20 0 18 0 0 1
1805 -1 -1 2210 8 0 3 6 10 5 0 8 2 1 1105 1059 -4538 1621 417 8 1
1806 -1 -1 1104 8 0 0 2 25 1 4 0 4 3 552 -4430 -6888 -2301 7817 8 276 -3294 206 3695 6881 273 138 1544 -609 4084 7436 360 69 4032 -5372 -4936 841 217 0
1807 0
1808 0
1809 0
1810 1
1811 -1 -1 1103 8 0 0 0 0 1 0 51 0 0 0
1812 1
1813 -1 -1 2205 8 0 7 0 0 0 0 0 0 0 0
1814 1
1815 -1 -1 4409 8 0 9 0 0 0 0 2 0 0 1
1816 -1 -1 4408 8 0 14 0 0 0 0 47 0 0 2204 -2823 1472 2327 -2907 0 1102 4418 -1307 1478 3645 111 551 -2715 225 -1837 2450 22 0
1817 1
1818 -1 -1 1101 8 0 11 0 0 10 0 33 2 0 1
1819 -1 -1 1100 8 0 16 0 0 19 0 0 0 1 550 -3502 289 4505 2485 29 275 -2995 -7823 581 3273 394 0
1820 0
1821 1
1822 -1 -1 1099 8 0 5 0 0 2 0 0 0 2 0
1823 1
1824 -1 -1 2197 8 0 18 0 0 0 0 3 0 0 0
1825 1
1826 -1 -1 4393 8 0 2 0 0 1 0 0 0 0 1
1827 -1 -1 4392 8 0 111 0 0 0 0 0 0 0 2196 2493 7033 4558 5318 200 1098 1547 1603 -3942 3638 19 549 -3000 3976 3282 4295 81 0
1828 1
1829 -1 -1 1097 8 0 1 0 0 1 6 0 0 4 1
1830 -1 -1 1096 8 0 31 0 0 19 0 17 0 0 548 1052 110 -4993 -7822 265 274 4450 -6177 3439 402 397 137 -2290 -467 -601 6390 19 0
1831 0
1832 1
1833 -1 -1 547 8 0 2 0 0 0 0 9 0 0 0
1834 1
1835 -1 -1 1093 8 0 0 10 0 4 0 4 0 2 0
1836 1
1837 -1 -1 2185 8 0 0 0 0 13 0 0 0 12 1
1838 -1 -1 2184 8 0 0 0 0 57 0 0 0 2 1092 -1095 6451 -4935 -4092 267 546 -1273 784 3652 3767 282 273 -3367 5477 -489 -1000 350 0
1839 0
1840 1
1841 -1 -1 1091 8 0 0 0 0 13 0 27 0 0 0
1842 1
1843 -1 -1 2181 8 0 7 0 0 0 0 1 0 0 0
1844 1
1845 -1 -1 4361 8 0 3 0 0 21 0 8 0 0 1
1846 -1 -1 4360 8 0 0 0 0 54 1 0 0 1 2180 2824 5541 -174 7908 8 1090 2863 -7 -2275 5629 394 545 3449 -4084 1872 1496 222 0
1847 0
1848 1
1849 -1 -1 2179 8 0 3 0 0 11 0 1 2 4 0
1850 1
1851 -1 -1 4357 8 0 1 0 0 29 0 5 0 0 1
1852 -1 -1 4356 8 0 35 0 5 74 0 400 0 0 2178 1996 -7696 -1655 -1305 231 1089 -3265 -1672 -3372 -5768 6 0
1853 1
1854 -1 -1 2177 8 0 4 2 7 3 0 11 7 2 0
1855 1
1856 -1 -1 4353 8 0 15 0 0 2 0 41 0 0 1
1857 -1 -1 4352 8 0 57 0 0 33 0 20 0 1 2176 2526 -5327 2545 1125 72 1088 4944 -4552 -3106 180 153 544 4798 -5720 2323 -1974 30 272 -3958 -5619 -3001 6267 194 136 3083 -5026 -689 273 233 68 4790 -7819 -3169 6319 388 34 -1087 -1194 2086 6935 176 17 -452 4036 -2397 -283 16 0
1858 0
1859 0
1860 0
1861 0
1862 0
1863 1
1864 -1 -1 1087 8 0 0 7 0 4 2 0 0 24 1
1865 -1 -1 1086 8 0 3 4 0 3 1 33 0 0 543 552 2640 263 -5012 12 1
1866 -1 -1 542 8 0 6 8 4 13 0 0 30 2 271 4015 -7275 3825 5302 10 0
1867 1
1868 -1 -1 541 8 0 4 13 4 22 0 0 4 0 0
1869 1
1870 -1 -1 1081 8 0 4 0 0 0 1 0 0 0 0
1871 1
1872 -1 -1 2161 8 0 1 0 0 0 0 0 0 0 0
1873 1
1874 -1 -1 4321 8 0 0 67 0 0 0 0 0 0 1
1875 -1 -1 4320 8 0 0 9 0 0 0 0 0 0 2160 -4607 -6080 -1179 -5676 6 1080 -4050 7023 1877 1933 394 540 -3247 -5295 -4378 -4378 3 270 198 -7267 4881 5557 1 135 -4078 3413 1559 6109 8 0
1876 1
1877 -1 -1 269 8 0 3 0 9 2 21 1 1 0 0
1878 1
1879 -1 -1 537 8 0 7 6 0 3 14 1 0 0 0
1880 1
1881 -1 -1 1073 8 0 13 13 1 8 0 0 0 1 0
1882 1
1883 -1 -1 2145 8 0 1 1 1 2 0 14 0 0 0
1884 1
1885 -1 -1 4289 8 0 6 1 0 6 0 10 0 0 1
1886 -1 -1 4288 8 0 30 0 1 27 0 0 0 0 2144 17 5681 441 -213 6 1072 -4856 6284 44 -5801 148 536 -723 -3631 1465 -6492 144 268 -4856 -5042 -2215 -7554 15 134 -1040 -4437 -1798 -3514 8 67 -3762 1600 4192 -696 200 0
1887 0
1888 0
1889 1
1890 -1 -1 535 8 0 1 0 0 8 0 26 0 0 1
1891 -1 -1 534 8 0 19 0 0 1 3 0 45 0 267 789 -6828 -4592 7374 86 0
1892 0
1893 1
1894 -1 -1 1067 8 0 29 0 0 29 0 0 1 0 1
1895 -1 -1 1066 8 0 16 0 2 2 0 2 0 0 533 -1641 -5828 -1918 6457 19 0
1896 1
1897 -1 -1 1065 8 0 27 0 6 4 3 0 0 0 0
1898 0
1899 1
1900 -1 -1 4259 8 0 12 0 0 3 0 0 0 0 1
1901 -1 -1 4258 8 0 161 0 0 1 0 0 0 0 2129 -543 -70 -4407 7309 47 1
1902 -1 -1 2128 8 0 39 0 0 10 0 0 0 0 1064 122 -6901 -27 -1639 4 532 3096 -7655 -485 5713 38 266 693 4100 -976 4850 6 133 -1885 -6157 -3222 5443 50 0
1903 1
1904 -1 -1 265 8 0 48 2 6 1 3 4 5 0 0
1905 0
1906 0
1907 0
1908 1
1909 -1 -1 4239 8 0 6 0 0 28 0 18 0 0 1
1910 -1 -1 4238 8 0 4 0 0 2 0 41 0 0 2119 -2026 -7781 577 -1113 21 1
1911 -1 -1 2118 8 0 2 1 0 10 0 0 0 2 1059 2487 -5964 -3220 126 32 1
1912 -1 -1 1058 8 0 0 19 0 0 0 1 0 2 529 1359 -4845 -248 4200 11 0
1913 1
1914 -1 -1 1057 8 0 6 0 0 15 0 25 2 0 0
1915 1
1916 -1 -1 2113 8 0 8 2 2 6 0 1 7 0 0
1917 1
1918 -1 -1 4225 8 0 0 0 2 11 0 0 6 0 1
1919 -1 -1 4224 8 0 5 1 0 114 0 2 0 0 2112 2077 7808 -3092 -2329 24 1056 238 -7489 3440 7355 385 528 -3814 -4627 3626 -10 331 264 3276 -5230 -3737 -1270 28 132 -4331 5779 2039 7930 400 66 -583 5911 4034 7794 399 33 -3101 6608 -1267 2053 1 0
1920 0
1921 0
1922 0
1923 0
1924 1
1925 -1 -1 1055 8 0 5 0 2 0 0 9 0 1 0
1926 1
1927 -1 -1 2109 8 0 0 0 0 0 0 11 0 0 0
1928 1
1929 -1 -1 4217 8 0 0 1 0 18 0 0 0 0 1
1930 -1 -1 4216 8 0 24 0 0 35 0 13 0 0 2108 -2982 -3891 723 -7163 14 1054 2974 6050 -4620 -7425 346 527 1325 -7936 -792 6748 396 0
1931 1
1932 -1 -1 1053 8 0 0 0 6 0 0 0 0 0 0
1933 1
1934 -1 -1 2105 8 0 27 0 0 8 0 16 0 0 0
1935 1
1936 -1 -1 4209 8 0 154 0 0 22 0 10 0 0 1
1937 -1 -1 4208 8 0 74 0 0 31 0 0 0 0 2104 -4137 302 11 7914 22 1052 3200 1990 -100 3034 13 526 -3899 7370 -487 302 192 263 -3866 -7475 562 149 67 0
1938 0
1939 1
1940 -1 -1 1051 8 0 8 0 0 18 0 6 0 0 0
1941 1
1942 -1 -1 2101 8 0 28 0 0 10 0 3 0 0 0
1943 1
1944 -1 -1 4201 8 0 68 0 0 14 0 37 0 0 1
1945 -1 -1 4200 8 0 101 0 0 17 0 221 0 0 2100 1560 -102 -3733 6464 5 1050 -2241 -5307 -207 -7928 9 525 -1766 -2827 3775 3471 67 0
1946 1
1947 -1 -1 1049 8 0 46 0 0 4 0 11 0 0 0
1948 1
1949 -1 -1 2097 8 0 3 0 0 6 0 0 0 0 1
1950 -1 -1 2096 8 0 62 0 0 5 0 0 0 0 1048 4342 -1560 -2103 -6852 2 524 -1381 -803 125 243 5 262 -2213 -7779 2926 -85 31 131 963 -5019 -4977 879 9 0
1951 0
1952 1
1953 -1 -1 523 8 0 10 26 1 3 0 2 0 2 0
1954 1
1955 -1 -1 1045 8 0 3 0 0 0 0 0 6 5 1
1956 -1 -1 1044 8 0 25 1 0 19 4 10 0 0 522 -237 2809 -296 7581 24 261 -1422 6302 1160 -2096 23 0
1957 0
1958 0
1959 1
1960 -1 -1 2087 8 0 22 0 0 0 0 1 0 0 1
1961 -1 -1 2086 8 0 25 0 0 27 0 0 0 3 1043 364 -7107 4427 -4179 400 0
1962 0
1963 1
1964 -1 -1 4171 8 0 14 0 0 5 0 12 0 0 1
1965 -1 -1 4170 8 0 81 0 0 10 0 2 0 0 2085 -4091 2024 190 2482 15 0
1966 1
1967 -1 -1 4169 8 0 1 0 0 0 0 1 0 0 1
1968 -1 -1 4168 8 0 85 0 0 1 0 0 0 0 2084 -2280 3940 -3955 4882 150 1042 -3903 -7367 -4881 -741 12 521 1200 4540 2191 -7013 63 0
1969 1
1970 -1 -1 1041 8 0 4 0 0 2 0 1 9 2 0
1971 1
1972 -1 -1 2081 8 0 3 0 0 13 2 7 0 5 0
1973 1
1974 -1 -1 4161 8 0 13 0 0 0 0 10 1 0 1
1975 -1 -1 4160 8 0 64 0 0 67 0 3 0 0 2080 -4650 -5384 -42 4340 69 1040 -2605 -6072 971 -425 128 520 -667 -2595 -2432 7208 278 260 1343 5047 4372 7885 1 130 923 5697 -4230 -1517 2 65 3895 -4236 4546 508 6 0
1976 0
1977 0
1978 0
1979 1
1980 -1 -1 1039 8 0 10 0 0 0 0 13 11 0 1
1981 -1 -1 1038 8 0 20 0 0 27 0 0 5 0 519 -1023 -7664 -4513 6225 35 0
1982 1
1983 -1 -1 1037 8 0 14 0 27 3 3 2 0 0 1
1984 -1 -1 1036 8 0 9 21 3 6 0 5 0 5 518 -4353 -4523 -1445 6264 8 259 -1615 -5829 -4384 5005 6 0
1985 0
1986 1
1987 -1 -1 1035 8 0 11 0 0 5 0 22 0 0 1
1988 -1 -1 1034 8 0 25 0 0 14 10 0 11 0 517 1460 -3885 2825 1943 15 0
1989 1
1990 -1 -1 1033 8 0 44 0 0 9 2 0 0 0 0
1991 1
1992 -1 -1 2065 8 0 7 0 0 37 0 2 0 0 0
1993 1
1994 -1 -1 4129 8 0 24 0 0 0 0 0 0 0 1
1995 -1 -1 4128 8 0 57 1 0 45 0 0 0 0 2064 -3194 -5793 4972 4358 29 1032 -1985 7761 4504 -4927 179 516 -425 1784 3323 -5570 400 258 -777 5158 4246 -3835 337 129 -4921 7378 3083 -3595 5 0
1996 0
1997 0
1998 0
1999 1
2000 -1 -1 2063 8 0 34 0 1 9 0 19 0 0 0
2001 1
2002 -1 -1 4125 8 0 10 0 0 10 0 0 0 0 1
2003 -1 -1 4124 8 0 147 0 0 12 0 0 0 0 2062 -3799 -1221 4467 6721 183 1031 2070 -4214 -991 7739 66 1
2004 -1 -1 1030 8 0 12 1 15 4 0 1 1 4 515 -933 -7134 -4712 3275 13 0
2005 0
2006 1
2007 -1 -1 2059 8 0 0 0 2 0 5 0 0 1 0
2008 1
2009 -1 -1 4117 8 0 1 0 61 4 0 0 0 0 1
2010 -1 -1 4116 8 0 5 0 0 0 0 0 0 0 2058 2816 -6149 -3464 7695 33 1029 4333 -5470 -2585 -1805 46 0
2011 1
2012 -1 -1 2057 8 0 0 0 0 0 34 0 2 0 0
2013 1
2014 -1 -1 4113 8 0 0 0 0 0 8 0 0 0 1
2015 -1 -1 4112 8 0 38 0 0 24 0 5 0 0 2056 -4830 -1711 -2658 -1328 8 1028 2285 -3842 -3090 1201 51 514 -4873 -1808 4279 3700 15 257 -2424 -6249 4102 4657 31 0
2016 0
2017 0
2018 1
2019 -1 -1 2055 8 0 32 0 0 0 0 0 0 0 0
2020 1
2021 -1 -1 4109 8 0 0 0 0 0 0 1 0 0 1
2022 -1 -1 4108 8 0 68 0 0 23 0 0 0 0 2054 -4826 1620 -3593 -6735 55 1027 726 -1304 2313 4162 13 0
2023 1
2024 -1 -1 2053 8 0 2 0 14 0 1 17 0 0 0
2025 1
2026 -1 -1 4105 8 0 17 10 6 3 4 0 0 0 1
2027 -1 -1 4104 8 0 44 4 0 20 0 21 0 1 2052 930 7515 -3682 -910 6 1026 4341 -3243 -4973 -7327 348 513 3666 -4255 -3669 2084 5 0
2028 0
2029 0
2030 1
2031 -1 -1 4103 8 0 14 0 0 15 0 56 0 0 1
2032 -1 -1 4102 8 0 9 1 0 23 0 0 0 0 2051 -4636 -6317 330 -338 10 0
2033 1
2034 -1 -1 4101 8 0 30 0 0 18 0 4 0 2 1
2035 -1 -1 4100 8 0 303 0 0 12 0 18 0 0 2050 4347 -1883 442 1629 9 1025 3232 -6975 1646 -6187 6 0
2036 0
2037 1
2038 -1 -1 4099 8 0 3 4 1 7 0 0 0 0 1
2039 -1 -1 4098 8 0 356 0 1 93 0 0 0 0 2049 -3573 1538 -482 7815 78 0
2040 1
2041 -1 -1 4097 8 0 78 0 0 26 0 14 2 0 1
2042 -1 -1 4096 8 0 1431 2 0 99 0 31 0 0 2048 -3031 -7640 -4479 6507 68 1024 782 -936 -3337 -5423 1 512 -4242 7406 -2057 4541 4 256 4809 7482 521 -5750 7 128 1768 -7080 3252 2546 36 64 1658 2912 2753 -7507 18 32 -4226 -6821 2748 -1951 25 16 -2757 6737 3609 7851 157 8 4564 -5853 -3255 5644 89 4 3400 6711 -446 -10 15 2 -1100 5943 -4052 -6712 0 1 -10 -210 -1478 6287 163 1 2
