22 serialization::archive 15 0 0 1 0 1 0
0 0 0 0
1 0
2 0
3 0
4 0
5 0
6 0
7 1 1 0
8 -1 -1 511 8 0 3 4 0 1 13 0 0 5 1
9 -1 -1 510 8 0 1 30 3 0 0 1 0 10 255 0 0 -3561 -5093 900 -5229 399 1
10 -1 -1 254 8 0 18 1 4 2 7 0 28 0 127 -464 4824 -1007 -4868 4 0
11 1
12 -1 -1 253 8 0 6 6 0 5 0 0 29 0 0
13 1
14 -1 -1 505 8 0 18 0 0 4 0 0 0 4 0
15 0
16 0
17 0
18 1
19 -1 -1 8079 8 0 4 0 0 0 0 0 0 7 1
20 -1 -1 8078 8 0 0 0 0 0 0 0 0 65 4039 747 3628 -2705 7789 13 1
21 -1 -1 4038 8 0 1 1 0 0 0 0 0 0 2019 -598 1650 -305 -6370 297 1
22 -1 -1 2018 8 0 4 12 0 0 0 0 0 13 1009 -3632 3155 -3903 -3438 1 1
23 -1 -1 1008 8 0 4 0 0 4 0 0 1 0 504 -3527 5421 522 -4210 0 252 -1677 -4078 -2935 4887 1 126 4042 -4789 1716 -2174 10 63 -4752 -4371 4953 -4775 192 0
24 0
25 1
26 -1 -1 251 8 0 4 4 0 0 29 0 0 7 1
27 -1 -1 250 8 0 7 12 2 10 0 3 2 0 125 -4649 3712 -4549 6401 1 0
28 0
29 0
30 1
31 -1 -1 999 8 0 2 2 0 1 8 0 0 0 1
32 -1 -1 998 8 0 0 47 0 0 2 0 0 9 499 -1403 -3118 1708 -4295 2 1
33 -1 -1 498 8 0 14 6 0 6 2 0 0 5 249 -4843 7218 125 3959 4 0
34 1
35 -1 -1 497 8 0 1 43 0 4 1 0 0 0 0
36 1
37 -1 -1 993 8 0 0 55 2 2 0 0 0 8 1
38 -1 -1 992 8 0 1 13 0 5 0 0 1 41 496 -4560 7980 -4625 -195 12 248 -2913 1739 -622 225 7 124 -3920 7070 -3424 7607 0 62 -3180 -6841 4834 -4487 331 31 -376 -2634 -3022 2777 0 0
39 0
40 0
41 0
42 0
43 0
44 0
45 1
46 -1 -1 3967 8 0 2 0 45 1 0 2 0 5 1
47 -1 -1 3966 8 0 7 0 0 0 5 0 0 3 1983 1796 4376 2987 -325 243 1
48 -1 -1 1982 8 0 8 0 0 4 15 7 0 1 991 -3310 -7038 -3602 -4378 0 0
49 1
50 -1 -1 1981 8 0 3 1 2 0 0 0 21 0 0
51 1
52 -1 -1 3961 8 0 0 0 57 0 0 0 2 0 1
53 -1 -1 3960 8 0 5 7 34 2 0 0 3 1 1980 4806 7439 -1312 -3404 302 990 1374 -3190 -4686 2831 6 495 -3026 7976 3384 -2309 400 1
54 -1 -1 494 8 0 26 2 0 1 2 1 15 18 247 -2648 2500 -3922 -7415 12 0
55 0
56 0
57 1
58 -1 -1 1975 8 0 2 0 25 0 2 0 0 0 1
59 -1 -1 1974 8 0 9 0 8 2 0 1 0 40 987 -2350 45 978 1483 13 1
60 -1 -1 986 8 0 5 45 0 4 2 0 0 2 493 -192 7529 2353 -6997 400 0
61 0
62 0
63 1
64 -1 -1 3943 8 0 4 0 1 2 0 1 0 10 1
65 -1 -1 3942 8 0 2 0 0 0 0 0 0 62 1971 -269 -1827 -1364 853 3 1
66 -1 -1 1970 8 0 4 0 0 0 0 2 0 0 985 520 176 4033 7181 12 1
67 -1 -1 984 8 0 47 3 0 4 1 0 0 9 492 -647 -2953 -4456 -1 61 246 -3087 7948 -2555 -6510 13 123 -3538 357 3070 -6714 395 0
68 1
69 -1 -1 245 8 0 4 7 7 1 0 0 44 3 0
70 1
71 -1 -1 489 8 0 2 43 0 0 0 0 0 4 0
72 0
73 1
74 -1 -1 1955 8 0 0 0 1 0 0 0 7 0 0
75 1
76 -1 -1 3909 8 0 0 5 0 0 0 0 0 0 0
77 1
78 -1 -1 7817 8 0 1 2 0 0 0 0 0 0 1
79 -1 -1 7816 8 0 0 0 2 2 0 0 0 124 3908 -4765 -3975 -4594 5591 1 1954 3040 1704 -1998 7893 9 977 4665 3344 -4457 -7455 155 1
80 -1 -1 976 8 0 6 4 3 7 1 0 2 10 488 2072 7727 -3995 -7990 390 244 -4635 7814 -1022 6736 400 122 4910 4866 1507 3340 5 61 -774 -389 -4660 416 1 0
81 0
82 1
83 -1 -1 243 8 0 11 0 0 5 3 0 0 11 0
84 1
85 -1 -1 485 8 0 8 0 0 2 0 0 0 6 0
86 1
87 -1 -1 969 8 0 2 0 0 4 0 0 1 0 0
88 1
89 -1 -1 1937 8 0 11 0 0 5 0 0 0 0 0
90 1
91 -1 -1 3873 8 0 17 0 0 0 0 0 0 0 0
92 1
93 -1 -1 7745 8 0 2 0 0 0 0 0 0 0 1
94 -1 -1 7744 8 0 77 0 0 0 0 0 0 0 3872 -1109 -7458 811 6529 12 1936 -2530 -4197 4742 -5939 80 968 -3572 6617 960 4094 1 484 -3041 -829 -2271 -2038 11 242 4383 -7652 2778 5097 244 121 -3117 -121 3554 2961 12 0
95 0
96 0
97 1
98 -1 -1 967 8 0 2 0 34 1 6 0 0 8 1
99 -1 -1 966 8 0 9 0 2 0 0 2 0 42 483 -1927 1607 1607 -3193 7 0
100 1
101 -1 -1 965 8 0 6 3 24 9 0 23 1 0 1
102 -1 -1 964 8 0 0 0 3 1 0 0 0 9 482 2761 1252 -1781 -6493 0 241 -4095 4261 -2059 -934 0 0
103 1
104 -1 -1 481 8 0 22 11 8 0 0 0 0 0 0
105 0
106 1
107 -1 -1 1923 8 0 5 9 1 1 0 3 0 0 0
108 1
109 -1 -1 3845 8 0 12 0 0 7 0 1 0 20 1
110 -1 -1 3844 8 0 16 4 0 15 0 3 0 0 1922 -255 1074 -4644 -1519 282 961 -2798 708 -1894 7813 38 1
111 -1 -1 960 8 0 49 0 0 0 0 0 0 1 480 -1378 -285 -641 -7240 4 240 3885 -7857 4915 -3273 15 120 2849 7454 -4899 7663 26 60 -397 -3307 304 5274 4 30 -2054 -536 3997 2371 388 15 -3487 5843 3240 7599 371 0
112 0
113 0
114 0
115 0
116 1
117 -1 -1 479 8 0 0 0 0 0 0 0 0 8 0
118 1
119 -1 -1 957 8 0 0 2 0 5 0 0 0 0 0
120 1
121 -1 -1 1913 8 0 0 1 0 1 0 1 0 0 0
122 1
123 -1 -1 3825 8 0 0 66 0 0 0 0 0 0 1
124 -1 -1 3824 8 0 0 17 0 0 0 0 0 0 1912 2811 1850 2302 -6032 2 956 -2112 1447 3099 -2340 370 478 -4869 -1304 3600 -2075 313 239 3953 -5245 -169 -1071 199 1
125 -1 -1 238 8 0 0 6 15 6 0 3 17 22 119 444 6258 3576 -3328 324 0
126 1
127 -1 -1 237 8 0 0 23 5 7 1 0 14 7 0
128 0
129 1
130 -1 -1 947 8 0 0 0 0 0 0 0 5 1 0
131 1
132 -1 -1 1893 8 0 0 9 0 0 6 0 0 10 0
133 1
134 -1 -1 3785 8 0 0 0 1 0 4 0 0 5 0
135 1
136 -1 -1 7569 8 0 0 2 0 0 0 0 0 0 1
137 -1 -1 7568 8 0 0 4 0 3 1 0 0 332 3784 -885 -5463 -2745 -5321 254 1892 -6 -6106 1666 6843 5 946 -3200 -691 1825 5143 331 473 -643 -1718 -3190 7591 42 0
138 1
139 -1 -1 945 8 0 0 2 4 0 11 0 0 22 1
140 -1 -1 944 8 0 0 42 2 2 0 0 0 2 472 -3850 1042 4319 -888 201 236 -2719 4275 -1478 -6737 220 118 4341 7814 -4124 -5385 250 59 4109 4351 -4210 -6664 254 0
141 0
142 0
143 0
144 1
145 -1 -1 943 8 0 1 0 0 0 15 3 0 2 0
146 1
147 -1 -1 1885 8 0 0 0 0 1 1 1 8 0 0
148 0
149 1
150 -1 -1 7539 8 0 0 0 0 0 0 0 3 69 1
151 -1 -1 7538 8 0 0 0 0 2 0 0 0 0 3769 623 4020 -4525 1310 163 1
152 -1 -1 3768 8 0 0 0 0 0 0 0 6 0 1884 2665 2602 -4212 -1124 228 942 -1279 2436 2658 5794 4 471 -2214 1279 -779 -3063 362 1
153 -1 -1 470 8 0 2 0 0 0 4 0 40 0 235 1359 4041 -3688 -5503 232 0
154 0
155 0
156 1
157 -1 -1 1879 8 0 0 0 0 1 0 0 0 54 1
158 -1 -1 1878 8 0 3 6 0 0 0 0 0 7 939 -779 3143 -218 -4657 21 1
159 -1 -1 938 8 0 2 45 3 1 0 0 0 9 469 -922 4995 3241 -4259 289 1
160 -1 -1 468 8 0 15 3 2 8 10 2 10 15 234 3288 -5478 4033 5034 0 117 2929 1728 -4075 -600 193 0
161 0
162 0
163 1
164 -1 -1 935 8 0 1 4 0 0 13 3 0 0 0
165 1
166 -1 -1 1869 8 0 0 2 0 4 2 2 0 1 0
167 1
168 -1 -1 3737 8 0 0 68 0 0 0 0 0 0 1
169 -1 -1 3736 8 0 0 34 0 8 1 0 0 0 1868 934 3511 -4556 -2114 304 934 4336 3571 3978 7653 9 467 -2282 4782 -27 -1711 346 0
170 0
171 1
172 -1 -1 1867 8 0 1 27 0 0 0 0 13 5 0
173 0
174 1
175 -1 -1 7467 8 0 0 2 11 6 3 2 0 12 1
176 -1 -1 7466 8 0 0 13 218 5 8 0 0 0 3733 -449 -632 -1661 -4893 314 1
177 -1 -1 3732 8 0 0 44 2 2 0 1 0 1 1866 779 1293 319 -7551 241 933 2194 5499 -4735 -1339 384 0
178 0
179 1
180 -1 -1 3731 8 0 0 0 1 15 0 0 0 1 0
181 1
182 -1 -1 7461 8 0 0 0 0 0 0 0 2 0 1
183 -1 -1 7460 8 0 0 1 0 2 0 0 0 65 3730 4740 -487 -2948 -1892 25 1865 -2988 6035 2361 -2561 239 0
184 0
185 1
186 -1 -1 7459 8 0 0 2 24 7 0 0 4 0 1
187 -1 -1 7458 8 0 2 6 5 4 0 0 0 31 3729 1454 7764 1672 -4563 251 0
188 1
189 -1 -1 7457 8 0 0 0 59 0 0 0 0 0 1
190 -1 -1 7456 8 0 0 11 35 5 6 0 1 0 3728 4902 4064 -3437 -7145 277 1864 -1559 -1727 3921 -7518 235 932 -1107 1437 2999 -1194 256 466 759 7991 -2980 -5779 292 233 -4998 7246 2397 -2947 287 0
191 0
192 0
193 0
194 1
195 -1 -1 3727 8 0 0 0 0 4 0 0 0 1 0
196 1
197 -1 -1 7453 8 0 0 0 0 0 0 0 0 74 1
198 -1 -1 7452 8 0 0 0 0 0 0 0 0 18 3726 -292 5301 -1239 -7544 85 1863 -757 -1338 2943 2597 328 1
199 -1 -1 1862 8 0 0 6 2 1 0 0 9 1 931 -3215 4918 -1112 -3577 17 0
200 1
201 -1 -1 1861 8 0 1 5 0 5 50 1 0 1 0
202 1
203 -1 -1 3721 8 0 0 22 1 2 0 0 0 3 1
204 -1 -1 3720 8 0 0 2 33 3 4 0 0 7 1860 2159 7586 3739 -6511 339 930 -3415 -1752 4100 -4188 320 465 -2118 1595 1985 5722 312 0
205 0
206 0
207 0
208 1
209 -1 -1 7439 8 0 4 5 30 5 1 2 0 0 1
210 -1 -1 7438 8 0 0 13 4 11 20 0 1 0 3719 835 -1280 2147 6591 3 0
211 1
212 -1 -1 7437 8 0 0 154 1 6 15 1 2 3 1
213 -1 -1 7436 8 0 0 42 3 21 6 0 76 4 3718 -459 7892 4548 -5244 298 1859 1436 5360 -719 -7467 312 0
214 0
215 1
216 -1 -1 7435 8 0 0 73 27 3 0 0 0 1 1
217 -1 -1 7434 8 0 0 7 2 2 14 0 0 15 3717 -2067 6879 341 1744 7 0
218 1
219 -1 -1 7433 8 0 0 2 0 2 6 0 0 0 1
220 -1 -1 7432 8 0 0 342 0 7 2 0 0 9 3716 4948 -1167 4618 6375 25 1858 4738 4769 3831 1149 1 929 -4501 1026 4051 -654 228 0
221 0
222 1
223 -1 -1 3715 8 0 1 0 0 1 0 0 5 1 0
224 1
225 -1 -1 7429 8 0 0 15 7 0 3 0 0 1 1
226 -1 -1 7428 8 0 1 2 46 2 1 0 0 0 3714 189 7673 4969 -3076 312 1857 -61 4443 -3518 -6823 382 0
227 1
228 -1 -1 3713 8 0 2 13 1 0 1 0 14 9 0
229 1
230 -1 -1 7425 8 0 2 17 0 2 7 0 0 0 1
231 -1 -1 7424 8 0 1 2 7 7 91 0 2 1 3712 -466 -1522 4056 -550 222 1856 197 6364 4579 2621 267 928 -9 4111 -516 -7681 290 464 -313 -1177 4067 -3113 223 232 -353 3349 3800 7630 312 116 2631 4720 -3736 7717 12 58 -1259 6021 -2960 -5211 399 29 -3877 1757 -594 394 21 0
232 0
233 0
234 1
235 -1 -1 231 8 0 0 0 0 1 0 0 34 0 0
236 1
237 -1 -1 461 8 0 8 48 0 0 0 0 0 4 1
238 -1 -1 460 8 0 2 17 0 0 0 0 16 0 230 1801 262 2383 7290 394 115 2755 -4123 577 -961 16 0
239 1
240 -1 -1 229 8 0 11 17 11 0 1 0 0 3 0
241 1
242 -1 -1 457 8 0 3 12 0 3 0 0 0 0 0
243 1
244 -1 -1 913 8 0 2 0 0 5 1 0 8 5 0
245 1
246 -1 -1 1825 8 0 0 0 2 6 0 0 0 0 0
247 1
248 -1 -1 3649 8 0 1 6 0 0 0 0 0 5 0
249 1
250 -1 -1 7297 8 0 0 0 0 3 0 0 0 1 1
251 -1 -1 7296 8 0 1 0 0 1 0 0 0 162 3648 -4366 -4216 -4120 1047 393 1824 531 1117 4509 -7901 399 912 -4579 -7121 -4968 3784 4 456 -4446 1690 -3702 7037 2 228 3900 3506 2615 5725 112 114 -3173 649 -1521 6406 398 57 819 -5285 3414 7052 391 0
252 0
253 0
254 1
255 -1 -1 455 8 0 0 29 6 4 0 0 6 0 0
256 1
257 -1 -1 909 8 0 0 6 0 0 0 0 6 2 0
258 1
259 -1 -1 1817 8 0 0 0 0 0 58 0 0 0 0
260 1
261 -1 -1 3633 8 0 0 2 6 2 33 0 0 1 1
262 -1 -1 3632 8 0 0 1 38 1 14 1 1 0 1816 3727 -3282 262 5635 0 908 3888 3536 -2255 2181 319 454 3691 -5023 -3796 2810 300 227 1791 6849 3312 803 326 0
263 0
264 1
265 -1 -1 907 8 0 0 0 0 0 0 0 0 57 1
266 -1 -1 906 8 0 2 6 2 2 2 0 0 11 453 -2378 7062 970 -1038 21 0
267 1
268 -1 -1 905 8 0 0 12 0 0 13 0 19 21 0
269 0
270 0
271 1
272 -1 -1 7239 8 0 0 0 54 0 0 0 0 0 1
273 -1 -1 7238 8 0 0 0 60 0 0 0 0 0 3619 2360 4367 2935 1020 203 1
274 -1 -1 3618 8 0 0 5 21 2 1 0 1 37 1809 4727 -6818 -3865 -2372 400 0
275 1
276 -1 -1 3617 8 0 0 34 1 1 0 0 0 1 0
277 1
278 -1 -1 7233 8 0 0 26 0 0 0 0 0 1 1
279 -1 -1 7232 8 0 0 9 87 1 8 0 3 6 3616 -2196 -635 -2877 -5827 252 1808 -1286 -3076 576 -1510 32 904 4730 -6190 150 -6270 2 452 -1326 4755 3880 -607 400 226 -691 839 3658 1671 282 113 4496 1539 4365 -6693 14 0
280 0
281 0
282 0
283 1
284 -1 -1 1807 8 0 1 0 0 2 27 0 0 0 1
285 -1 -1 1806 8 0 1 18 0 0 0 0 41 5 903 1579 -4812 147 5517 341 0
286 0
287 1
288 -1 -1 3611 8 0 0 0 0 0 10 0 0 0 0
289 1
290 -1 -1 7221 8 0 0 0 0 3 1 0 0 1 1
291 -1 -1 7220 8 0 0 0 0 1 0 0 0 82 3610 402 -2064 -3873 -7870 286 1805 -4096 2336 -4068 -3919 352 0
292 1
293 -1 -1 3609 8 0 1 0 6 3 1 0 3 41 1
294 -1 -1 3608 8 0 1 11 0 30 10 1 4 11 1804 -1568 3849 -3191 -6822 277 902 -3551 -3189 -1131 -3004 16 451 130 -1668 -2185 -4610 326 0
295 1
296 -1 -1 901 8 0 0 2 33 1 5 0 0 1 0
297 1
298 -1 -1 1801 8 0 0 16 0 5 3 0 0 14 0
299 1
300 -1 -1 3601 8 0 0 11 4 3 13 0 1 1 0
301 1
302 -1 -1 7201 8 0 0 0 0 1 0 0 0 5 1
303 -1 -1 7200 8 0 0 1 0 0 64 0 0 1 3600 -2975 2808 894 3789 2 1800 768 557 -1905 5825 174 900 -2693 5484 82 5095 3 450 4125 2378 -4833 -3904 296 225 -240 -499 3632 781 251 0
304 0
305 0
306 1
307 -1 -1 1799 8 0 0 0 0 0 2 0 57 0 0
308 0
309 1
310 -1 -1 7195 8 0 0 13 2 4 0 0 3 91 1
311 -1 -1 7194 8 0 0 24 8 2 1 0 9 1 3597 1872 4228 4962 -881 256 0
312 1
313 -1 -1 7193 8 0 0 0 1 3 0 0 40 0 1
314 -1 -1 7192 8 0 0 4 20 19 0 0 10 15 3596 -3181 7217 -3695 486 132 1798 -833 -204 -4683 2603 235 899 -3246 3054 549 -5815 361 0
315 1
316 -1 -1 1797 8 0 1 21 12 3 7 8 0 15 0
317 1
318 -1 -1 3593 8 0 0 0 0 3 8 0 30 1 0
319 1
320 -1 -1 7185 8 0 0 0 7 5 3 0 14 9 1
321 -1 -1 7184 8 0 6 14 57 15 8 0 2 8 3592 3283 -2283 -1374 -2761 244 1796 523 -1014 -1920 3150 234 898 3471 -7197 -2469 -6926 382 449 -131 198 3918 -1535 234 0
322 0
323 0
324 0
325 1
326 -1 -1 7183 8 0 0 5 0 0 50 0 41 5 1
327 -1 -1 7182 8 0 0 3 0 0 5 0 80 0 3591 1954 -4211 -599 5536 319 1
328 -1 -1 3590 8 0 0 3 0 2 9 0 2 21 1795 2151 -2953 2651 4437 246 0
329 1
330 -1 -1 3589 8 0 0 30 0 0 7 0 0 1 0
331 1
332 -1 -1 7177 8 0 0 21 0 5 0 0 0 0 1
333 -1 -1 7176 8 0 1 24 4 6 10 0 187 1 3588 -3074 -6564 4390 7991 262 1794 -4503 7581 -1952 1850 297 897 2976 -4270 -1379 -6189 188 0
334 0
335 1
336 -1 -1 3587 8 0 2 0 39 0 0 0 0 0 1
337 -1 -1 3586 8 0 0 0 7 6 11 3 2 0 1793 -3275 -5719 -324 4487 199 0
338 0
339 1
340 -1 -1 7171 8 0 1 20 14 4 32 0 34 7 1
341 -1 -1 7170 8 0 2 66 15 3 15 4 0 10 3585 1865 2192 -917 -1221 3 0
342 1
343 -1 -1 7169 8 0 2 13 3 3 33 0 129 11 1
344 -1 -1 7168 8 0 1 14 73 20 57 0 78 49 3584 4342 -3839 -1489 3379 250 1792 4874 3370 4302 6304 4 896 -2345 -4703 4837 5177 259 448 19 -2040 1971 -7758 216 224 -1315 2735 -3768 -7879 11 112 -3673 1853 1961 6559 202 56 -190 4511 -27 1392 17 28 -370 -760 4679 -1582 381 14 -1213 6462 3584 -7689 77 7 52 15 3477 -957 399 0
345 0
346 0
347 0
348 0
349 1
350 -1 -1 223 8 0 0 0 12 0 0 0 0 0 0
351 1
352 -1 -1 445 8 0 9 12 0 5 0 0 0 0 0
353 1
354 -1 -1 889 8 0 2 0 0 10 0 15 0 3 0
355 1
356 -1 -1 1777 8 0 9 8 0 10 0 4 0 5 1
357 -1 -1 1776 8 0 11 0 2 3 0 0 0 43 888 2734 1652 -4849 -3973 3 444 -3222 -5387 3739 -2047 12 222 105 -367 -153 2189 16 111 -437 -7472 238 1426 351 0
358 0
359 1
360 -1 -1 443 8 0 1 5 0 26 0 17 18 0 0
361 0
362 0
363 0
364 1
365 -1 -1 7087 8 0 6 0 0 0 0 87 0 0 1
366 -1 -1 7086 8 0 0 0 0 4 0 19 0 0 3543 -4069 745 -3040 -7889 27 0
367 1
368 -1 -1 7085 8 0 0 0 0 9 0 0 0 0 1
369 -1 -1 7084 8 0 1 0 0 19 0 68 0 0 3542 1450 6436 2580 5591 1 1771 -3637 6443 -424 -2752 31 1
370 -1 -1 1770 8 0 2 0 0 38 1 28 0 0 885 -3146 2160 3786 -6027 91 1
371 -1 -1 884 8 0 1 3 0 15 0 4 0 1 442 -1662 1651 -3224 -997 5 221 3408 7386 -527 1907 263 0
372 0
373 1
374 -1 -1 883 8 0 0 0 0 1 0 0 13 0 0
375 0
376 1
377 -1 -1 3531 8 0 0 0 1 6 0 0 0 0 0
378 1
379 -1 -1 7061 8 0 6 0 0 2 0 3 2 0 1
380 -1 -1 7060 8 0 6 0 0 16 0 114 0 0 3530 4157 4778 -1161 -3207 262 1765 1307 -1641 -751 3426 271 1
381 -1 -1 1764 8 0 9 0 7 9 2 9 0 5 882 -3238 6938 -3527 2943 14 441 1230 3961 -3098 5505 30 0
382 0
383 0
384 1
385 -1 -1 3527 8 0 0 0 0 8 8 0 0 0 0
386 1
387 -1 -1 7053 8 0 0 0 0 13 0 2 0 2 1
388 -1 -1 7052 8 0 0 0 0 17 0 47 0 0 3526 -1930 5455 2564 -7319 43 1763 3720 7933 132 -2117 235 1
389 -1 -1 1762 8 0 4 2 4 8 0 3 8 0 881 1243 -7134 2529 7745 189 0
390 0
391 0
392 1
393 -1 -1 7047 8 0 2 1 88 36 0 26 0 0 1
394 -1 -1 7046 8 0 0 0 0 2 0 4 0 5 3523 -4789 7282 2999 -4999 2 1
395 -1 -1 3522 8 0 3 12 0 9 0 2 0 0 1761 -2229 4090 21 -1816 0 1
396 -1 -1 1760 8 0 7 9 4 21 4 1 0 1 880 0 7432 71 -5016 14 440 4992 7215 976 -6679 10 220 -3868 6373 -2389 -3687 35 110 3446 7433 -453 5686 17 55 -841 418 -4562 -5738 392 0
397 0
398 0
399 1
400 -1 -1 439 8 0 17 1 0 0 0 0 0 1 0
401 1
402 -1 -1 877 8 0 2 2 2 2 0 3 0 0 0
403 0
404 1
405 -1 -1 3507 8 0 1 0 0 0 0 0 2 0 0
406 1
407 -1 -1 7013 8 0 0 0 0 0 0 0 1 0 1
408 -1 -1 7012 8 0 0 0 0 2 85 0 0 0 3506 1390 -6519 -2299 -7006 11 1753 1017 6780 -164 4503 14 1
409 -1 -1 1752 8 0 3 0 0 6 12 0 10 0 876 1609 6642 -200 2324 0 438 1736 7369 -1510 2041 17 219 -2934 -2928 -2179 7950 5 0
410 1
411 -1 -1 437 8 0 14 17 10 6 15 7 0 0 0
412 1
413 -1 -1 873 8 0 11 8 0 0 0 0 0 1 0
414 1
415 -1 -1 1745 8 0 2 6 2 17 2 2 0 0 1
416 -1 -1 1744 8 0 19 0 0 18 0 12 0 1 872 106 1478 3026 -7538 25 436 -4885 -273 -724 -7667 388 218 -3636 -7151 -369 7521 400 109 -504 5300 1273 -7751 399 0
417 0
418 1
419 -1 -1 435 8 0 12 0 0 9 0 17 3 0 0
420 0
421 1
422 -1 -1 1739 8 0 4 3 0 3 1 0 55 0 0
423 1
424 -1 -1 3477 8 0 2 0 1 2 0 0 28 3 1
425 -1 -1 3476 8 0 1 3 20 2 10 0 0 1 1738 -2371 -181 -3582 -7012 20 869 -1749 -4407 2741 -1076 6 0
426 0
427 0
428 1
429 -1 -1 6951 8 0 1 0 0 2 12 4 78 0 1
430 -1 -1 6950 8 0 1 0 0 4 3 6 1 0 3475 -4195 -7939 -4557 7119 398 1
431 -1 -1 3474 8 0 0 0 0 7 12 0 1 0 1737 1197 -1828 4291 -4092 10 1
432 -1 -1 1736 8 0 6 0 0 4 0 14 3 0 868 -2492 -2093 -4615 -7871 7 434 -4034 2063 1511 -2968 2 217 4834 -6536 182 -7004 9 0
433 0
434 1
435 -1 -1 867 8 0 10 0 0 2 2 0 0 0 0
436 1
437 -1 -1 1733 8 0 17 31 10 1 0 0 0 5 1
438 -1 -1 1732 8 0 1 1 1 0 0 3 0 9 866 -3903 -3397 -1205 4595 0 433 3904 -4044 1700 -5525 4 0
439 0
440 0
441 1
442 -1 -1 3463 8 0 4 0 5 7 0 49 0 0 1
443 -1 -1 3462 8 0 4 0 0 10 1 1 7 0 1731 416 148 4376 -7173 50 1
444 -1 -1 1730 8 0 0 0 0 17 22 16 0 0 865 379 -36 4814 -3598 49 0
445 1
446 -1 -1 1729 8 0 5 0 3 11 0 0 6 32 0
447 1
448 -1 -1 3457 8 0 2 0 0 1 5 4 17 0 1
449 -1 -1 3456 8 0 34 0 2 7 0 25 0 0 1728 3964 7341 -2322 -2189 270 864 4204 3188 -1984 5891 261 432 -1567 -340 -2774 -3009 12 216 -3056 712 -1054 -6530 185 108 -3069 -7421 2972 4778 385 54 -4272 6913 4315 7286 3 27 -951 4253 -3171 -3495 16 0
450 0
451 0
452 0
453 1
454 -1 -1 431 8 0 3 0 0 1 0 0 14 0 1
455 -1 -1 430 8 0 13 0 0 7 0 37 1 0 215 733 3115 1958 -4948 390 0
456 1
457 -1 -1 429 8 0 0 2 0 6 0 2 0 2 0
458 1
459 -1 -1 857 8 0 2 0 3 1 0 0 0 0 0
460 1
461 -1 -1 1713 8 0 0 0 0 0 0 0 57 0 1
462 -1 -1 1712 8 0 8 0 0 0 0 0 16 0 856 -4863 -5896 -4786 1129 22 428 -2620 6517 -4837 -7282 96 214 1014 -6345 -884 -5739 12 107 -4842 -7455 -3145 5825 52 0
463 0
464 0
465 1
466 -1 -1 855 8 0 8 0 0 0 0 0 0 10 0
467 0
468 0
469 1
470 -1 -1 6839 8 0 0 92 0 0 0 0 0 0 1
471 -1 -1 6838 8 0 0 3 0 2 0 0 0 0 3419 -2007 -6471 -2948 329 37 1
472 -1 -1 3418 8 0 1 4 1 3 0 0 0 0 1709 4139 -7810 -2904 523 24 1
473 -1 -1 1708 8 0 1 0 12 0 7 3 0 0 854 2284 -7925 -6 1267 35 427 -4927 -5103 319 -215 399 1
474 -1 -1 426 8 0 25 0 0 0 0 4 7 5 213 485 -7332 134 -2364 19 0
475 0
476 1
477 -1 -1 851 8 0 8 3 1 7 0 0 0 7 0
478 1
479 -1 -1 1701 8 0 2 3 0 0 0 0 0 1 0
480 1
481 -1 -1 3401 8 0 5 0 0 1 0 0 0 0 0
482 1
483 -1 -1 6801 8 0 1 0 0 7 0 86 0 0 1
484 -1 -1 6800 8 0 5 0 0 0 0 15 0 0 3400 -399 -6573 3768 4081 142 1700 -2777 -7699 55 -1047 208 850 4546 5915 -4273 -1266 112 425 -865 -4100 -2448 2958 229 1
485 -1 -1 424 8 0 12 2 2 13 14 2 0 5 212 -4075 -4195 -3484 7131 32 106 2724 -5124 -3918 868 340 53 -422 -661 3665 -5531 366 0
486 0
487 0
488 0
489 0
490 1
491 -1 -1 1695 8 0 0 0 0 10 0 2 0 0 0
492 1
493 -1 -1 3389 8 0 30 0 0 0 0 3 0 0 0
494 1
495 -1 -1 6777 8 0 5 0 0 10 0 0 0 0 1
496 -1 -1 6776 8 0 53 0 0 8 0 0 1 0 3388 -4782 3427 -1637 501 1 1694 3258 -5099 -4531 5505 67 847 2572 5643 -4128 -6839 134 0
497 1
498 -1 -1 1693 8 0 4 0 0 1 0 1 0 0 0
499 1
500 -1 -1 3385 8 0 20 0 0 0 0 0 0 0 0
501 1
502 -1 -1 6769 8 0 111 0 0 0 0 0 0 0 1
503 -1 -1 6768 8 0 62 0 0 0 0 0 0 0 3384 973 4970 3495 4138 116 1692 3009 -5359 -2543 5992 42 846 3465 2779 47 -3296 65 423 -1912 -5767 -1545 7390 26 1
504 -1 -1 422 8 0 22 0 0 5 2 23 0 0 211 -2473 1733 3976 -218 390 0
505 1
506 -1 -1 421 8 0 3 13 0 9 0 1 24 0 1
507 -1 -1 420 8 0 27 0 1 6 3 0 0 0 210 4109 7101 4386 -5949 30 105 -3685 -7649 -3316 -4472 0 0
508 0
509 0
510 1
511 -1 -1 839 8 0 5 3 2 2 0 5 33 0 1
512 -1 -1 838 8 0 18 4 0 28 2 9 1 0 419 -4729 -3186 3343 -7120 384 0
513 1
514 -1 -1 837 8 0 10 1 29 4 7 2 1 0 1
515 -1 -1 836 8 0 7 24 4 6 0 0 0 0 418 -1119 6715 2216 -1541 18 209 1121 -563 -4929 -5031 13 0
516 1
517 -1 -1 417 8 0 10 5 4 6 7 4 5 24 0
518 1
519 -1 -1 833 8 0 12 0 0 5 0 7 20 0 0
520 0
521 1
522 -1 -1 3331 8 0 7 0 0 2 4 2 0 5 0
523 1
524 -1 -1 6661 8 0 6 0 0 4 2 0 0 0 1
525 -1 -1 6660 8 0 84 0 0 0 0 1 0 0 3330 3969 3462 673 7085 8 1665 -4972 -6205 -396 -896 29 1
526 -1 -1 1664 8 0 6 0 0 0 24 2 1 1 832 -2153 3387 4124 318 381 416 -4943 -6691 2575 5583 358 208 -794 -4354 -1860 5234 156 104 -848 5154 -3008 3125 6 52 -4035 -6075 -4831 6218 9 26 -736 -6822 -2062 1673 41 13 -1101 -602 -240 -7713 2 0
527 0
528 0
529 1
530 -1 -1 103 8 0 11 0 0 0 17 3 0 6 1
531 -1 -1 102 8 0 9 10 4 3 0 15 0 5 51 -4352 5171 -2211 -7405 398 0
532 0
533 1
534 -1 -1 203 8 0 2 0 0 4 2 0 0 0 1
535 -1 -1 202 8 0 61 0 0 5 0 0 0 0 101 4888 5165 3476 5142 4 0
536 1
537 -1 -1 201 8 0 23 12 1 11 3 6 0 3 0
538 1
539 -1 -1 401 8 0 9 0 0 0 0 0 0 24 0
540 1
541 -1 -1 801 8 0 38 12 0 0 0 0 0 16 1
542 -1 -1 800 8 0 21 0 0 4 0 0 0 0 400 -4376 -887 4791 -3703 0 200 -2068 7960 -2938 -1230 391 100 -2318 6729 -1137 -3033 9 50 1060 -7974 -2599 -4405 384 25 3752 6527 726 -72 8 0
543 0
544 0
545 0
546 1
547 -1 -1 399 8 0 0 1 0 30 3 10 0 0 1
548 -1 -1 398 8 0 5 0 0 8 0 0 4 15 199 1988 -3128 -2536 -4376 2 0
549 0
550 1
551 -1 -1 795 8 0 7 11 18 4 23 0 2 0 0
552 1
553 -1 -1 1589 8 0 2 0 0 3 10 10 4 1 0
554 1
555 -1 -1 3177 8 0 1 3 3 0 4 0 0 0 0
556 1
557 -1 -1 6353 8 0 1 0 0 0 0 1 0 0 1
558 -1 -1 6352 8 0 0 0 0 0 0 0 123 0 3176 -798 1417 -4576 -3524 391 1588 1641 7929 2843 -1124 32 794 -3156 -6479 -3490 6571 303 397 -426 -7684 -3877 6411 362 0
559 1
560 -1 -1 793 8 0 1 0 2 0 56 2 0 2 1
561 -1 -1 792 8 0 1 0 0 3 0 28 0 0 396 -4961 -4892 -269 -5753 4 198 3544 7515 -4431 -2241 0 99 -3145 4736 3184 4434 3 0
562 0
563 1
564 -1 -1 395 8 0 1 3 2 27 1 5 0 7 0
565 0
566 1
567 -1 -1 1579 8 0 1 0 62 0 0 0 0 0 1
568 -1 -1 1578 8 0 1 0 12 7 0 1 0 0 789 1390 5716 1685 -6129 283 1
569 -1 -1 788 8 0 5 0 0 6 0 1 1 4 394 -1330 -140 -1190 -4449 9 197 4620 3127 -4071 353 43 0
570 0
571 1
572 -1 -1 787 8 0 2 0 0 3 0 64 0 0 1
573 -1 -1 786 8 0 4 5 0 20 6 2 0 0 393 -1662 -4909 -3411 6455 43 0
574 1
575 -1 -1 785 8 0 41 0 0 2 0 5 0 7 0
576 0
577 0
578 1
579 -1 -1 6279 8 0 1 1 0 2 1 10 0 0 1
580 -1 -1 6278 8 0 0 1 0 15 0 3 0 39 3139 -4256 -2207 4138 -479 367 1
581 -1 -1 3138 8 0 10 0 0 0 4 3 2 0 1569 -3920 6280 -3117 -6760 2 0
582 1
583 -1 -1 3137 8 0 1 10 0 1 4 0 0 6 1
584 -1 -1 3136 8 0 5 0 13 22 8 3 11 1 1568 3199 5579 361 -6874 352 784 -3433 1006 4480 -620 346 392 -1497 808 -4967 -7906 388 196 -4212 -1366 -3797 3106 6 98 1 6242 -1451 1109 59 49 1186 -1440 -348 6802 350 0
585 0
586 0
587 0
588 1
589 -1 -1 783 8 0 0 3 0 0 0 0 0 0 0
590 1
591 -1 -1 1565 8 0 0 1 0 0 0 1 0 0 0
592 1
593 -1 -1 3129 8 0 0 0 0 1 0 0 0 1 0
594 1
595 -1 -1 6257 8 0 0 0 0 0 0 0 0 57 1
596 -1 -1 6256 8 0 0 0 0 0 0 0 0 95 3128 -3216 -1737 3176 1390 1 1564 1655 -2566 4730 -5586 235 782 3398 1369 -1688 7360 322 391 2678 3746 2997 -6421 236 0
597 1
598 -1 -1 781 8 0 0 0 0 4 0 1 0 5 0
599 1
600 -1 -1 1561 8 0 0 1 1 0 0 0 0 3 1
601 -1 -1 1560 8 0 0 66 0 1 0 0 0 0 780 3152 -6317 -4711 3331 397 390 2564 -1451 -4442 1293 30 195 3007 -7714 -3388 -2999 203 0
602 1
603 -1 -1 389 8 0 1 0 0 0 0 0 1 44 0
604 0
605 0
606 1
607 -1 -1 3111 8 0 0 11 0 2 0 0 0 1 0
608 1
609 -1 -1 6221 8 0 0 4 1 0 0 0 0 0 1
610 -1 -1 6220 8 0 0 143 0 0 0 0 0 0 3110 1972 169 1653 -5355 270 1555 -4329 -5256 2197 7208 337 0
611 1
612 -1 -1 3109 8 0 0 0 3 15 1 9 1 3 0
613 1
614 -1 -1 6217 8 0 0 72 0 5 3 0 2 0 1
615 -1 -1 6216 8 0 0 30 12 7 0 0 0 0 3108 2770 5338 -4758 4412 0 1554 -3930 1384 1995 7409 15 777 3432 7812 2249 1431 207 0
616 0
617 1
618 -1 -1 3107 8 0 0 1 11 9 0 0 0 0 1
619 -1 -1 3106 8 0 0 4 0 5 14 0 0 27 1553 -130 -4319 -535 -868 386 0
620 0
621 1
622 -1 -1 6211 8 0 0 0 0 0 5 0 0 0 1
623 -1 -1 6210 8 0 0 60 3 0 0 0 3 0 3105 4240 -1327 4443 -6615 12 1
624 -1 -1 3104 8 0 0 9 15 5 0 0 0 5 1552 -1231 -5300 -2809 -584 341 776 3876 -4240 -1819 -2469 19 388 -2384 -3767 1044 1172 17 194 -3603 4067 388 5021 310 97 -289 6760 -3855 841 192 0
625 0
626 0
627 0
628 0
629 0
630 1
631 -1 -1 6207 8 0 0 1 0 1 0 0 6 0 1
632 -1 -1 6206 8 0 0 0 0 0 0 0 129 0 3103 -1761 2893 -4662 -7823 117 1
633 -1 -1 3102 8 0 0 0 0 5 22 0 12 7 1551 2987 -3536 -646 -597 19 0
634 1
635 -1 -1 3101 8 0 0 0 0 0 0 1 0 27 0
636 1
637 -1 -1 6201 8 0 1 2 3 24 8 0 1 3 1
638 -1 -1 6200 8 0 0 11 6 2 6 0 12 0 3100 -341 -3177 4448 530 269 1550 3745 6954 -670 -4156 333 775 3901 -3464 -993 4141 265 0
639 0
640 1
641 -1 -1 3099 8 0 0 0 0 3 1 0 0 46 0
642 1
643 -1 -1 6197 8 0 0 2 24 4 4 0 0 34 1
644 -1 -1 6196 8 0 1 0 126 5 14 0 10 2 3098 -4860 -7211 -653 7358 244 1549 -4972 5140 -3051 -2203 16 0
645 0
646 1
647 -1 -1 6195 8 0 0 0 1 1 2 0 0 13 1
648 -1 -1 6194 8 0 0 0 0 6 25 1 38 0 3097 -36 -7088 4139 -3079 51 0
649 1
650 -1 -1 6193 8 0 0 0 13 8 0 0 7 161 1
651 -1 -1 6192 8 0 0 33 4 9 1 0 18 55 3096 -788 -7583 -547 7386 269 1548 1775 -3186 1308 1479 286 774 705 -236 2888 -2008 283 387 -339 607 -175 -7430 7 0
652 0
653 0
654 0
655 1
656 -1 -1 6191 8 0 0 0 0 8 0 0 0 0 1
657 -1 -1 6190 8 0 0 91 3 1 0 0 0 2 3095 4823 -7951 -4473 7867 185 1
658 -1 -1 3094 8 0 0 1 2 32 0 7 4 7 1547 -3871 -6627 -3643 5602 248 0
659 1
660 -1 -1 3093 8 0 0 21 10 3 7 0 0 7 0
661 1
662 -1 -1 6185 8 0 0 7 5 0 0 0 0 5 1
663 -1 -1 6184 8 0 0 1 0 15 1 0 3 76 3092 455 -596 -201 -4654 257 1546 -4837 7471 4324 6392 280 773 -437 -2243 4822 -6281 19 0
664 0
665 1
666 -1 -1 3091 8 0 0 14 0 8 0 0 0 2 0
667 1
668 -1 -1 6181 8 0 0 10 0 0 0 0 0 1 1
669 -1 -1 6180 8 0 1 0 1 17 3 0 214 1 3090 314 495 -3245 -3607 196 1545 -3883 -3771 4401 1456 332 0
670 0
671 1
672 -1 -1 6179 8 0 0 0 71 2 0 0 1 0 1
673 -1 -1 6178 8 0 2 4 14 15 3 5 104 13 3089 -621 7003 -4950 -273 238 0
674 1
675 -1 -1 6177 8 0 1 119 15 94 121 14 24 41 1
676 -1 -1 6176 8 0 0 38 43 56 22 11 135 77 3088 519 -171 4746 1492 280 1544 4964 6616 2971 -4017 256 772 -1719 6400 4640 -3609 331 386 -4889 -1374 -3947 -3657 7 193 -697 -2419 -4495 -4595 37 0
677 0
678 0
679 0
680 1
681 -1 -1 3087 8 0 0 0 0 0 1 0 0 0 0
682 1
683 -1 -1 6173 8 0 0 0 0 0 0 0 7 0 1
684 -1 -1 6172 8 0 0 0 0 0 0 0 94 0 3086 -4586 -1257 -774 -361 140 1543 820 -4346 -950 -3357 324 0
685 1
686 -1 -1 3085 8 0 1 0 0 0 41 0 24 0 1
687 -1 -1 3084 8 0 0 2 0 0 0 0 0 40 1542 3752 5181 -1364 -1077 249 771 2340 -4278 4773 -5718 8 0
688 1
689 -1 -1 1541 8 0 0 0 27 0 16 0 4 1 1
690 -1 -1 1540 8 0 1 21 1 3 3 0 0 22 770 -1335 4501 -4145 -6754 398 385 3624 -7736 -398 -336 21 0
691 0
692 0
693 0
694 1
695 -1 -1 6159 8 0 0 13 2 10 0 0 1 20 1
696 -1 -1 6158 8 0 0 0 2 7 48 12 0 3 3079 1476 -6492 -332 -104 269 0
697 1
698 -1 -1 6157 8 0 0 0 9 0 0 0 46 4 1
699 -1 -1 6156 8 0 0 10 4 7 0 7 1 10 3078 1100 -3262 -1227 -524 32 1539 4628 -4043 -1021 7306 224 0
700 0
701 1
702 -1 -1 6155 8 0 0 109 34 8 0 0 0 0 1
703 -1 -1 6154 8 0 0 103 7 41 53 1 6 1 3077 598 -3701 -4533 3653 213 0
704 1
705 -1 -1 6153 8 0 2 157 302 30 50 3 14 66 1
706 -1 -1 6152 8 0 1 103 26 12 19 12 5 0 3076 -106 133 -4640 7574 179 1538 37 -4562 3488 -7909 195 769 1858 -7528 1150 5157 279 0
707 0
708 0
709 1
710 -1 -1 6151 8 0 0 0 2 1 0 0 0 116 1
711 -1 -1 6150 8 0 0 5 2 2 27 0 3 41 3075 -783 -863 3295 -5349 183 0
712 1
713 -1 -1 6149 8 0 0 6 8 4 0 1 2 91 1
714 -1 -1 6148 8 0 2 94 166 55 44 8 38 75 3074 4814 -5280 -218 4606 207 1537 -3285 -1024 -220 184 26 0
715 0
716 1
717 -1 -1 6147 8 0 0 1 29 2 46 0 0 17 1
718 -1 -1 6146 8 0 2 96 82 8 47 0 53 55 3073 -1 -5264 -2254 3541 29 0
719 1
720 -1 -1 6145 8 0 1 10 47 6 5 1 10 35 1
721 -1 -1 6144 8 0 16 67 27 139 81 17 31 44 3072 -545 -1200 -4279 2108 169 1536 354 1717 -2793 -1493 159 768 -3483 5157 -1002 -340 28 384 -475 -4935 -3705 7596 115 192 1750 4381 -4512 -5195 392 96 -506 -1080 4728 2330 249 48 1404 -6432 -2647 536 359 24 940 -58 3783 281 350 12 816 329 -2349 -688 397 6 -2584 -1110 3553 -386 367 3 666 -1045 -1238 -7879 144 0
722 0
723 0
724 0
725 0
726 0
727 1
728 -1 -1 191 8 0 1 0 0 1 1 4 0 47 0
729 0
730 1
731 -1 -1 763 8 0 4 5 16 8 0 7 0 3 1
732 -1 -1 762 8 0 1 2 6 2 0 0 0 34 381 4653 5127 1105 -7295 3 1
733 -1 -1 380 8 0 4 42 7 5 1 0 0 2 190 -608 4653 -4199 -3813 392 95 3862 1113 2302 -529 9 0
734 0
735 1
736 -1 -1 379 8 0 10 23 9 12 0 0 0 0 0
737 0
738 0
739 1
740 -1 -1 3031 8 0 35 0 0 27 0 0 0 0 1
741 -1 -1 3030 8 0 48 1 0 2 0 1 0 0 1515 -604 1775 -668 7162 19 1
742 -1 -1 1514 8 0 11 12 1 5 0 0 0 0 757 1689 -361 629 1888 2 0
743 1
744 -1 -1 1513 8 0 33 0 0 6 0 1 0 0 1
745 -1 -1 1512 8 0 12 4 0 5 0 0 0 25 756 4792 -518 -3406 -5743 392 378 1765 5208 -1709 7215 1 189 1097 -2442 -3747 3201 37 0
746 0
747 1
748 -1 -1 755 8 0 17 6 0 6 2 2 0 0 1
749 -1 -1 754 8 0 11 0 0 6 0 6 0 35 377 800 4172 -4333 6732 2 1
750 -1 -1 376 8 0 3 27 0 1 0 0 0 17 188 3436 -412 3020 5840 0 94 -981 310 -1578 6216 4 47 -89 4709 2109 -121 3 0
751 0
752 0
753 1
754 -1 -1 375 8 0 6 0 0 0 0 0 0 0 0
755 1
756 -1 -1 749 8 0 1 0 0 0 0 65 0 0 1
757 -1 -1 748 8 0 1 0 0 15 0 19 0 8 374 2694 7399 4212 -6879 68 187 -3548 -3703 -241 -5529 383 0
758 1
759 -1 -1 373 8 0 0 0 0 1 0 0 0 48 0
760 1
761 -1 -1 745 8 0 6 1 1 0 0 20 0 2 1
762 -1 -1 744 8 0 8 21 0 6 0 0 0 27 372 -1936 5838 3748 1023 32 186 2415 -1910 597 6394 378 93 4777 -7367 -4561 1485 243 0
763 0
764 1
765 -1 -1 371 8 0 14 0 15 0 0 7 0 1 0
766 1
767 -1 -1 741 8 0 0 0 1 1 0 0 12 34 1
768 -1 -1 740 8 0 4 0 2 1 28 5 0 9 370 3682 6861 -478 -251 204 185 283 2846 -740 -1552 380 0
769 1
770 -1 -1 369 8 0 3 2 21 1 0 1 0 1 0
771 1
772 -1 -1 737 8 0 1 0 8 13 3 28 0 3 0
773 1
774 -1 -1 1473 8 0 4 7 0 6 3 4 0 3 0
775 1
776 -1 -1 2945 8 0 0 0 0 0 0 3 0 0 0
777 1
778 -1 -1 5889 8 0 10 0 0 2 0 0 0 0 1
779 -1 -1 5888 8 0 17 0 0 43 0 0 0 1 2944 3677 4706 -4722 6884 82 1472 -956 -6284 -45 -800 28 736 32 7774 2686 1451 16 368 4104 4372 -3105 1202 27 184 -4546 -3011 4700 1638 357 92 2298 4515 1070 575 18 46 1205 1205 -4264 1647 377 23 2450 -406 4854 6585 6 0
780 0
781 0
782 0
783 1
784 -1 -1 367 8 0 4 0 0 0 0 2 0 6 0
785 0
786 1
787 -1 -1 1467 8 0 3 0 0 2 0 0 0 0 0
788 1
789 -1 -1 2933 8 0 0 0 0 5 0 0 0 0 0
790 1
791 -1 -1 5865 8 0 0 0 0 2 0 0 0 0 1
792 -1 -1 5864 8 0 0 0 0 8 0 62 0 0 2932 4092 -4300 1717 5295 11 1466 -1010 4419 1133 4303 19 733 1572 6733 3240 7928 11 0
793 1
794 -1 -1 1465 8 0 0 0 0 1 0 23 0 0 0
795 1
796 -1 -1 2929 8 0 17 0 0 34 0 2 0 0 1
797 -1 -1 2928 8 0 13 0 0 18 0 27 0 1 1464 230 2030 2484 -6854 45 732 -4776 -7046 4416 3996 124 366 920 1161 4136 731 18 183 -2935 5445 3852 -1838 384 1
798 -1 -1 182 8 0 9 0 6 21 8 3 0 2 91 1437 5601 4742 3457 1 0
799 0
800 1
801 -1 -1 363 8 0 8 7 0 14 14 12 0 0 0
802 0
803 0
804 1
805 -1 -1 2903 8 0 1 0 0 0 1 0 0 0 0
806 1
807 -1 -1 5805 8 0 4 1 0 8 0 1 0 0 1
808 -1 -1 5804 8 0 1 0 0 80 0 0 0 0 2902 3696 297 1883 1094 7 1451 4533 6611 3035 3236 269 1
809 -1 -1 1450 8 0 6 0 0 17 0 5 0 3 725 -1962 3937 2509 -7088 31 1
810 -1 -1 724 8 0 19 4 0 19 0 0 7 3 362 2933 7637 2324 3722 8 181 378 -3381 -3027 3520 11 0
811 0
812 1
813 -1 -1 723 8 0 7 0 0 1 0 24 0 1 1
814 -1 -1 722 8 0 3 4 0 18 4 15 0 0 361 -2834 6489 1583 1209 8 1
815 -1 -1 360 8 0 1 19 0 7 0 7 7 17 180 2612 1019 -1363 -5531 400 90 4214 -3088 -452 -7757 383 45 -1066 3285 1909 4188 3 0
816 0
817 0
818 1
819 -1 -1 359 8 0 0 0 0 0 0 58 2 0 0
820 1
821 -1 -1 717 8 0 36 12 1 0 0 0 0 3 0
822 1
823 -1 -1 1433 8 0 26 0 2 12 0 21 0 0 1
824 -1 -1 1432 8 0 4 4 0 12 0 2 3 0 716 4727 -4340 -1204 -2051 32 358 -4760 6351 1458 -1559 372 179 -3884 -7555 3328 -975 328 0
825 0
826 1
827 -1 -1 715 8 0 11 0 0 0 0 0 0 0 1
828 -1 -1 714 8 0 3 59 0 0 0 1 0 3 357 4282 -944 -2681 -7574 312 0
829 1
830 -1 -1 713 8 0 0 0 0 2 9 0 46 2 1
831 -1 -1 712 8 0 4 11 0 9 2 0 5 16 356 3198 -2871 -4675 -2183 279 178 -4443 6369 -83 1039 335 89 2479 1423 -3546 -307 400 0
832 0
833 0
834 0
835 1
836 -1 -1 1423 8 0 12 9 12 2 0 0 0 0 0
837 1
838 -1 -1 2845 8 0 52 0 0 12 0 2 0 0 1
839 -1 -1 2844 8 0 48 2 0 0 0 0 0 0 1422 -984 7442 -1000 -7807 334 711 1417 -4156 -4319 6977 386 0
840 1
841 -1 -1 1421 8 0 6 0 44 12 0 0 0 0 1
842 -1 -1 1420 8 0 22 6 3 8 0 0 0 3 710 1831 4417 -1484 4928 11 355 -1494 242 -4742 7640 12 0
843 0
844 1
845 -1 -1 1419 8 0 5 3 1 6 0 0 0 12 0
846 0
847 1
848 -1 -1 5675 8 0 0 0 0 22 0 1 0 0 1
849 -1 -1 5674 8 0 24 3 1 36 0 0 0 0 2837 -1388 -855 2129 1573 26 1
850 -1 -1 2836 8 0 18 0 0 4 2 5 0 0 1418 -2697 4177 -1946 -7976 388 709 1588 -2267 3385 7064 162 0
851 0
852 0
853 1
854 -1 -1 5671 8 0 7 67 0 0 0 0 0 0 1
855 -1 -1 5670 8 0 1 1 0 4 0 0 0 0 2835 3412 1438 1954 6823 5 1
856 -1 -1 2834 8 0 21 8 3 3 0 0 1 1 1417 -1655 6480 4832 -5702 397 1
857 -1 -1 1416 8 0 12 3 3 21 5 0 0 2 708 2604 -165 -2304 6851 7 354 -2292 7410 4735 5825 2 177 3491 3179 -706 7749 11 0
858 0
859 1
860 -1 -1 707 8 0 23 5 6 1 0 0 0 0 0
861 0
862 1
863 -1 -1 2827 8 0 4 0 0 4 0 61 0 0 1
864 -1 -1 2826 8 0 3 0 0 8 0 1 0 0 1413 -378 1169 -1526 7248 20 1
865 -1 -1 1412 8 0 15 0 0 3 0 0 0 0 706 4445 -5704 4066 -1463 17 353 4922 -818 -2051 6181 68 0
866 1
867 -1 -1 705 8 0 2 2 0 8 0 0 5 11 0
868 0
869 1
870 -1 -1 2819 8 0 21 0 19 13 0 0 0 7 0
871 1
872 -1 -1 5637 8 0 46 0 0 28 0 0 0 0 1
873 -1 -1 5636 8 0 8 0 0 2 4 0 0 1 2818 4998 4765 -387 -7196 7 1409 4017 -3503 -3723 6206 63 0
874 0
875 1
876 -1 -1 5635 8 0 7 0 4 5 0 0 0 0 1
877 -1 -1 5634 8 0 114 0 0 6 0 0 1 0 2817 4197 3312 3426 4989 394 1
878 -1 -1 2816 8 0 31 0 0 9 0 20 0 0 1408 2379 417 -594 6776 10 704 2133 -1364 2670 -7793 10 352 2640 2972 3006 801 10 176 4011 -2103 1197 1532 15 88 -4057 716 4975 -6516 0 44 308 5274 -590 -84 15 22 2470 6556 2432 3974 2 11 1740 -155 4625 -2276 20 0
879 0
880 0
881 0
882 0
883 1
884 -1 -1 351 8 0 2 0 0 3 3 0 0 23 0
885 0
886 0
887 1
888 -1 -1 2807 8 0 0 0 50 4 0 0 0 0 1
889 -1 -1 2806 8 0 1 0 2 4 8 2 0 0 1403 4868 -5521 4352 2445 43 1
890 -1 -1 1402 8 0 2 0 3 3 50 0 0 0 701 3024 -7114 -4733 -4541 396 0
891 0
892 1
893 -1 -1 2803 8 0 4 0 0 1 0 6 0 0 0
894 1
895 -1 -1 5605 8 0 0 0 1 2 0 0 1 1 1
896 -1 -1 5604 8 0 1 0 202 0 0 0 1 0 2802 64 4869 2184 4438 117 1401 -336 427 -2450 -2131 321 1
897 -1 -1 1400 8 0 0 0 2 4 0 6 8 0 700 1544 4985 -1176 -138 44 350 -1205 6963 4653 -3780 10 175 -3177 5121 3422 7663 271 0
898 1
899 -1 -1 349 8 0 3 4 0 16 0 12 15 0 0
900 1
901 -1 -1 697 8 0 1 5 0 7 2 12 1 5 0
902 1
903 -1 -1 1393 8 0 0 0 1 1 0 0 0 67 1
904 -1 -1 1392 8 0 0 2 17 5 16 0 0 15 696 2758 -3180 -3537 -7134 291 348 1364 7417 -726 -25 155 174 -493 -618 -4538 -2858 313 87 4858 -6378 -3337 -2758 391 0
905 0
906 1
907 -1 -1 347 8 0 7 4 0 2 0 3 10 20 0
908 1
909 -1 -1 693 8 0 15 0 3 9 0 11 0 0 0
910 0
911 1
912 -1 -1 2771 8 0 0 0 0 10 0 6 0 0 0
913 1
914 -1 -1 5541 8 0 0 0 0 0 0 66 0 0 1
915 -1 -1 5540 8 0 0 0 0 2 0 2 0 0 2770 -4135 7245 -4896 -2886 24 1385 4772 4070 -1276 3921 8 1
916 -1 -1 1384 8 0 1 0 1 14 0 3 0 3 692 1624 1872 -3179 -3664 360 346 740 765 -3608 -3203 400 173 1512 7931 -3359 5445 391 0
917 0
918 1
919 -1 -1 691 8 0 6 0 0 5 2 2 12 35 0
920 1
921 -1 -1 1381 8 0 2 0 0 2 0 2 0 0 0
922 1
923 -1 -1 2761 8 0 0 0 0 9 0 0 0 27 0
924 1
925 -1 -1 5521 8 0 1 0 0 0 0 0 0 0 1
926 -1 -1 5520 8 0 0 0 0 0 0 0 0 157 2760 551 -1389 2722 6566 394 1380 -1425 3177 -1747 -3572 310 690 1554 -206 2762 2223 9 345 -2440 4219 1464 7488 0 0
927 0
928 1
929 -1 -1 1379 8 0 0 0 6 12 2 0 0 8 0
930 1
931 -1 -1 2757 8 0 0 0 0 5 0 14 0 0 0
932 1
933 -1 -1 5513 8 0 7 2 0 3 1 0 0 0 1
934 -1 -1 5512 8 0 3 3 0 88 0 6 0 2 2756 -3955 3532 -4704 -3741 370 1378 648 -5229 -1924 5114 39 689 649 23 -3825 6864 140 0
935 1
936 -1 -1 1377 8 0 0 6 2 14 0 0 0 0 0
937 0
938 1
939 -1 -1 5507 8 0 0 0 0 0 1 0 0 0 1
940 -1 -1 5506 8 0 0 0 0 2 0 0 0 84 2753 4528 472 3155 7572 320 1
941 -1 -1 2752 8 0 0 0 0 17 0 0 0 0 1376 3970 -7682 -3570 752 310 688 305 6931 -185 -6042 348 344 -212 1217 -1429 5169 0 172 3557 251 -3547 4979 238 86 3089 1579 -3927 -1752 353 43 947 5814 -731 86 21 0
942 0
943 0
944 0
945 0
946 1
947 -1 -1 1375 8 0 1 2 0 4 7 41 0 1 0
948 0
949 1
950 -1 -1 5499 8 0 0 87 0 2 0 1 0 0 1
951 -1 -1 5498 8 0 0 1 6 0 4 0 0 3 2749 4050 7102 -3752 -2664 48 1
952 -1 -1 2748 8 0 0 1 4 13 0 5 15 5 1374 -2557 4842 4969 -3689 327 687 -4442 -737 3635 -2904 326 0
953 1
954 -1 -1 1373 8 0 0 0 10 2 0 4 0 1 1
955 -1 -1 1372 8 0 0 0 0 7 10 0 0 41 686 -3708 -101 4774 -4898 372 343 1578 6461 -4716 -6403 118 0
956 1
957 -1 -1 685 8 0 8 2 23 15 2 11 0 0 0
958 1
959 -1 -1 1369 8 0 18 18 1 5 2 0 0 2 0
960 0
961 1
962 -1 -1 5475 8 0 0 0 0 1 1 0 4 0 1
963 -1 -1 5474 8 0 24 2 0 70 0 16 0 1 2737 1598 -6894 -4884 -4538 17 1
964 -1 -1 2736 8 0 5 0 0 2 5 1 0 6 1368 -342 6437 -2563 -6922 6 684 -627 7646 -3394 -3160 384 342 -3596 1486 2505 6339 26 171 4479 1795 1407 380 10 0
965 0
966 1
967 -1 -1 683 8 0 5 5 2 0 0 0 18 17 0
968 1
969 -1 -1 1365 8 0 5 4 0 12 0 0 0 30 1
970 -1 -1 1364 8 0 2 0 1 0 0 1 0 60 682 -3705 1090 3114 -6376 84 341 3205 6814 -712 -2450 294 1
971 -1 -1 340 8 0 18 0 3 2 0 6 9 0 170 1443 7249 -3923 -3930 0 85 4463 1915 -711 -7690 107 0
972 0
973 0
974 1
975 -1 -1 679 8 0 10 11 7 6 0 0 0 2 0
976 1
977 -1 -1 1357 8 0 1 0 4 0 0 0 0 0 0
978 0
979 1
980 -1 -1 5427 8 0 1 0 0 0 0 0 0 0 1
981 -1 -1 5426 8 0 0 0 0 77 0 0 0 0 2713 2258 3030 -4586 7277 361 1
982 -1 -1 2712 8 0 2 0 0 11 0 6 0 0 1356 -3787 2463 19 -5603 342 678 -870 5186 -3134 7172 303 339 2590 7626 2390 -6662 372 0
983 0
984 0
985 1
986 -1 -1 2711 8 0 0 3 20 0 0 0 0 0 0
987 1
988 -1 -1 5421 8 0 1 0 3 1 0 0 0 0 1
989 -1 -1 5420 8 0 0 208 1 0 0 0 0 0 2710 -3058 -244 323 -2269 317 1355 4072 -434 -4699 -472 331 0
990 1
991 -1 -1 2709 8 0 2 0 61 3 2 0 0 0 0
992 1
993 -1 -1 5417 8 0 0 23 0 11 0 0 0 0 1
994 -1 -1 5416 8 0 3 39 14 0 0 0 0 0 2708 -54 6135 -179 -7053 331 1354 3460 7993 1432 5561 14 677 -953 5963 2149 -1095 40 0
995 0
996 0
997 1
998 -1 -1 5415 8 0 1 0 0 3 0 2 0 2 1
999 -1 -1 5414 8 0 0 35 7 0 26 0 0 0 2707 1079 16 3610 -7020 352 1
1000 -1 -1 2706 8 0 5 7 1 16 0 5 0 9 1353 -3467 1935 493 -7909 322 0
1001 1
1002 -1 -1 2705 8 0 0 63 1 1 0 0 0 2 1
1003 -1 -1 2704 8 0 3 4 0 1 0 1 10 45 1352 -4268 3267 -1404 -2924 8 676 -3937 -366 -4120 -7443 9 338 4749 1823 -2287 -4551 272 169 1026 -666 -356 -4430 342 0
1004 0
1005 0
1006 0
1007 1
1008 -1 -1 2703 8 0 1 0 4 0 0 2 0 0 0
1009 1
1010 -1 -1 5405 8 0 2 0 0 2 0 2 0 0 1
1011 -1 -1 5404 8 0 0 1 1 62 1 0 1 0 2702 802 -45 175 -653 6 1351 -4744 -7790 -4224 291 29 0
1012 0
1013 1
1014 -1 -1 5403 8 0 0 15 3 13 0 2 4 1 1
1015 -1 -1 5402 8 0 1 41 310 30 4 0 1 0 2701 -4131 -1267 369 -1687 31 1
1016 -1 -1 2700 8 0 0 7 0 24 2 1 0 0 1350 3378 3543 -4573 -7493 291 675 4556 -916 1548 4609 3 0
1017 0
1018 0
1019 1
1020 -1 -1 5399 8 0 0 1 28 3 0 0 0 0 1
1021 -1 -1 5398 8 0 0 18 0 5 1 0 14 0 2699 1619 4494 2620 -7905 334 0
1022 1
1023 -1 -1 5397 8 0 0 0 13 5 9 0 0 49 1
1024 -1 -1 5396 8 0 0 1 166 5 21 0 0 0 2698 1373 -257 -429 5066 8 1349 -4925 4288 4336 -3922 26 0
1025 1
1026 -1 -1 2697 8 0 0 4 1 25 1 0 23 12 0
1027 1
1028 -1 -1 5393 8 0 2 4 1 8 128 1 46 9 1
1029 -1 -1 5392 8 0 1 8 194 22 254 0 12 27 2696 1682 -5932 -4287 1808 259 1348 4829 -3143 -1145 -4571 324 674 -424 -1347 3571 -5047 276 337 -4060 2208 -1520 -7477 260 0
1030 0
1031 0
1032 0
1033 1
1034 -1 -1 5391 8 0 1 15 3 10 0 0 0 0 1
1035 -1 -1 5390 8 0 1 2 94 3 25 0 0 0 2695 1252 7573 691 -1002 4 0
1036 1
1037 -1 -1 5389 8 0 0 1 21 17 25 0 0 6 1
1038 -1 -1 5388 8 0 0 3 2 8 91 0 1 0 2694 -3478 -2258 -2169 -7039 38 1347 -1104 6602 2958 -7008 290 0
1039 0
1040 1
1041 -1 -1 5387 8 0 1 5 76 17 2 0 1 8 1
1042 -1 -1 5386 8 0 0 23 8 16 18 3 0 0 2693 -657 4268 -3593 -5190 228 0
1043 1
1044 -1 -1 5385 8 0 1 5 4 8 2 0 0 105 1
1045 -1 -1 5384 8 0 8 2 18 33 2 5 0 23 2692 -4641 6395 4676 3687 220 1346 2347 4001 -4776 4317 9 673 4165 6942 4897 -6079 244 0
1046 0
1047 0
1048 1
1049 -1 -1 5383 8 0 1 21 44 37 12 2 2 15 1
1050 -1 -1 5382 8 0 1 26 30 46 180 14 2 2 2691 -1571 1486 -2759 -7400 225 0
1051 1
1052 -1 -1 5381 8 0 0 0 0 4 1 13 7 3 1
1053 -1 -1 5380 8 0 2 112 27 50 29 2 8 21 2690 -2208 4845 1708 6652 43 1345 4138 2813 4871 -47 1 0
1054 0
1055 1
1056 -1 -1 5379 8 0 2 2 0 2 0 0 14 0 1
1057 -1 -1 5378 8 0 1 146 1 20 4 0 0 0 2689 -1640 6124 -4740 7655 353 0
1058 1
1059 -1 -1 5377 8 0 2 105 147 43 14 3 8 1 1
1060 -1 -1 5376 8 0 8 74 15 77 29 1 2 12 2688 4151 2969 -4103 7370 205 1344 2190 5948 -2176 798 239 672 3185 3688 1490 1645 3 336 -3334 2142 4461 3544 5 168 4930 3936 -1136 -7739 292 84 -3752 6778 2035 -5008 330 42 2756 569 2385 -7882 364 21 4981 -6528 -4549 -2941 312 0
1061 0
1062 0
1063 0
1064 1
1065 -1 -1 335 8 0 52 0 3 3 0 0 0 9 1
1066 -1 -1 334 8 0 3 0 21 1 0 0 0 0 167 -738 658 -4526 4365 1 0
1067 1
1068 -1 -1 333 8 0 0 1 0 8 0 0 0 0 1
1069 -1 -1 332 8 0 48 1 0 13 0 2 0 0 166 3315 -791 932 158 14 83 2857 -413 60 5985 38 0
1070 1
1071 -1 -1 165 8 0 10 10 3 6 0 18 3 6 0
1072 1
1073 -1 -1 329 8 0 14 0 3 2 13 1 0 0 0
1074 0
1075 1
1076 -1 -1 1315 8 0 7 0 0 0 1 0 0 1 1
1077 -1 -1 1314 8 0 9 0 0 1 0 0 0 58 657 1917 -386 3508 -1948 3 0
1078 1
1079 -1 -1 1313 8 0 11 0 0 0 0 0 0 29 0
1080 0
1081 1
1082 -1 -1 5251 8 0 1 34 0 3 2 0 0 6 1
1083 -1 -1 5250 8 0 8 0 0 6 8 0 3 17 2625 -4450 7704 -4185 5556 2 0
1084 1
1085 -1 -1 5249 8 0 6 18 0 4 0 0 0 4 1
1086 -1 -1 5248 8 0 35 2 1 8 0 0 0 2 2624 3185 1532 -1420 149 40 1312 -4361 3668 -4435 -2351 269 656 -1493 -2388 -3925 1135 394 328 4862 -6151 -1637 7609 396 164 2565 -7768 4649 -3834 3 82 1705 4087 -3748 -6043 5 41 -2827 -4250 -695 7472 1 0
1087 0
1088 0
1089 0
1090 0
1091 1
1092 -1 -1 1311 8 0 2 0 0 2 1 0 0 0 0
1093 1
1094 -1 -1 2621 8 0 0 0 0 0 0 0 1 0 0
1095 1
1096 -1 -1 5241 8 0 0 0 0 0 2 0 0 0 1
1097 -1 -1 5240 8 0 0 0 0 0 80 0 0 0 2620 -4975 1282 -3750 4254 286 1310 -3648 7326 2297 1587 9 655 1510 -1214 -4970 -6163 311 0
1098 0
1099 1
1100 -1 -1 2619 8 0 0 0 12 0 0 0 4 1 0
1101 1
1102 -1 -1 5237 8 0 0 0 0 3 0 0 0 10 1
1103 -1 -1 5236 8 0 1 0 3 2 77 0 1 1 2618 4964 -4763 -622 1160 286 1309 -2532 668 -4698 7879 32 0
1104 0
1105 1
1106 -1 -1 5235 8 0 0 0 11 0 14 0 0 0 1
1107 -1 -1 5234 8 0 0 0 88 1 0 0 0 0 2617 4496 2842 2293 -1502 15 1
1108 -1 -1 2616 8 0 0 6 7 11 11 2 0 30 1308 4852 960 -3157 -4485 285 654 4503 6448 4606 -7273 24 327 -2251 -7660 -1365 5932 303 0
1109 0
1110 0
1111 1
1112 -1 -1 2615 8 0 1 0 0 1 1 2 0 0 0
1113 1
1114 -1 -1 5229 8 0 1 0 0 1 0 0 0 0 1
1115 -1 -1 5228 8 0 0 0 0 0 0 0 0 81 2614 -149 -404 2524 1882 375 1307 -2637 5586 3751 -6314 321 0
1116 1
1117 -1 -1 2613 8 0 1 0 0 5 0 0 0 11 1
1118 -1 -1 2612 8 0 7 0 0 1 0 0 56 0 1306 2963 3194 622 5431 354 653 3737 5795 3158 -5160 338 0
1119 0
1120 0
1121 1
1122 -1 -1 5223 8 0 1 0 0 0 0 0 2 6 1
1123 -1 -1 5222 8 0 0 94 18 4 0 0 0 0 2611 4236 -2845 -3685 2590 306 0
1124 1
1125 -1 -1 5221 8 0 1 0 12 1 2 0 3 30 1
1126 -1 -1 5220 8 0 1 4 108 7 9 0 1 2 2610 4835 -2739 -1244 -6693 322 1305 -3885 7333 3337 -6789 281 0
1127 0
1128 1
1129 -1 -1 5219 8 0 1 0 0 0 0 0 6 44 1
1130 -1 -1 5218 8 0 0 18 51 32 18 2 9 53 2609 4713 -1708 -3622 -2182 307 0
1131 1
1132 -1 -1 5217 8 0 2 113 6 29 22 6 5 8 1
1133 -1 -1 5216 8 0 9 25 11 34 47 2 4 60 2608 1203 -1017 2909 -4860 243 1304 4396 5128 -4183 6111 75 652 -785 1862 -3883 -3681 273 326 -307 -281 -1497 -3202 365 163 4621 -6148 3310 -3932 15 0
1134 0
1135 0
1136 1
1137 -1 -1 1303 8 0 2 0 4 5 0 0 0 4 0
1138 1
1139 -1 -1 2605 8 0 0 0 0 0 0 0 35 1 1
1140 -1 -1 2604 8 0 0 1 0 0 1 0 9 40 1302 4750 -3811 591 -7117 24 651 -2808 -2297 -522 -5625 283 0
1141 0
1142 0
1143 1
1144 -1 -1 5207 8 0 0 0 15 0 0 0 1 27 1
1145 -1 -1 5206 8 0 1 0 1 4 34 0 3 11 2603 3997 -101 2908 -4395 300 0
1146 1
1147 -1 -1 5205 8 0 0 143 6 1 3 1 0 7 1
1148 -1 -1 5204 8 0 0 1 0 1 4 0 0 14 2602 992 -95 -4060 -1058 239 1301 4253 1990 1882 -348 8 0
1149 1
1150 -1 -1 2601 8 0 1 1 8 15 2 0 6 12 0
1151 1
1152 -1 -1 5201 8 0 0 0 19 1 81 0 0 3 1
1153 -1 -1 5200 8 0 4 15 0 8 10 0 0 2 2600 3499 2256 -2875 -3992 20 1300 -3471 6206 -3975 -4570 6 650 2426 573 -4912 2618 233 325 2848 2750 3241 -4751 270 0
1154 0
1155 0
1156 0
1157 1
1158 -1 -1 5199 8 0 0 0 7 0 0 0 0 0 1
1159 -1 -1 5198 8 0 0 0 68 0 0 0 0 0 2599 -2362 68 4710 7986 296 1
1160 -1 -1 2598 8 0 0 1 11 3 1 0 14 18 1299 -1612 -1174 4944 6187 199 1
1161 -1 -1 1298 8 0 2 0 5 4 39 0 0 1 649 -1342 -5489 -2673 -7687 0 0
1162 0
1163 0
1164 1
1165 -1 -1 5191 8 0 1 27 1 0 0 0 0 0 1
1166 -1 -1 5190 8 0 0 4 88 6 23 0 94 9 2595 2790 -3638 3862 5216 337 0
1167 1
1168 -1 -1 5189 8 0 0 0 0 2 0 0 17 59 1
1169 -1 -1 5188 8 0 2 101 3 8 9 0 117 35 2594 3080 2242 1807 -6284 294 1297 4789 -5386 832 -1940 3 0
1170 0
1171 1
1172 -1 -1 5187 8 0 3 0 0 1 0 0 2 5 1
1173 -1 -1 5186 8 0 2 2 0 0 78 0 0 0 2593 -1399 821 2863 -58 3 0
1174 1
1175 -1 -1 5185 8 0 4 2 7 7 91 0 488 10 1
1176 -1 -1 5184 8 0 5 78 32 27 79 4 336 122 2592 4303 -324 3406 -5052 255 1296 4492 -7889 3047 2853 376 648 4505 2816 -2601 -3863 206 324 3459 -6167 -2307 7246 355 162 4084 5119 -77 -6438 11 81 3728 7887 -3713 -1703 1 0
1177 0
1178 0
1179 1
1180 -1 -1 647 8 0 0 0 0 0 2 0 0 0 0
1181 1
1182 -1 -1 1293 8 0 0 0 0 0 0 2 0 0 0
1183 1
1184 -1 -1 2585 8 0 0 0 3 0 0 0 0 0 0
1185 1
1186 -1 -1 5169 8 0 0 0 57 0 0 0 0 0 1
1187 -1 -1 5168 8 0 0 0 48 0 0 0 0 0 2584 3489 -3632 -342 1957 220 1292 -2360 6959 830 -1688 365 646 3581 -6919 -525 2107 10 323 1834 -4432 -2174 -7712 224 1
1188 -1 -1 322 8 0 3 3 1 1 7 5 1 0 161 -4611 5645 3593 -531 273 0
1189 0
1190 1
1191 -1 -1 643 8 0 1 0 0 0 0 6 0 0 0
1192 1
1193 -1 -1 1285 8 0 7 3 0 5 0 2 0 0 1
1194 -1 -1 1284 8 0 58 0 1 5 0 0 0 0 642 4471 3146 -1227 -4330 14 321 2688 -5865 416 -2806 149 0
1195 0
1196 0
1197 1
1198 -1 -1 2567 8 0 0 0 0 9 0 32 0 0 1
1199 -1 -1 2566 8 0 7 2 0 11 1 7 0 1 1283 4489 -5305 -667 -820 102 0
1200 1
1201 -1 -1 2565 8 0 2 2 0 3 3 0 9 43 0
1202 1
1203 -1 -1 5129 8 0 1 33 0 4 0 0 0 2 1
1204 -1 -1 5128 8 0 5 8 0 45 6 3 1 17 2564 -2153 6634 24 -3750 268 1282 1109 -386 4997 1754 218 641 -4654 7228 4471 6927 9 0
1205 0
1206 1
1207 -1 -1 2563 8 0 0 0 34 4 18 0 7 3 0
1208 1
1209 -1 -1 5125 8 0 1 0 0 11 0 0 0 9 1
1210 -1 -1 5124 8 0 4 11 29 37 4 1 0 1 2562 -1789 52 1850 -3147 278 1281 3916 693 2259 2691 16 0
1211 0
1212 1
1213 -1 -1 5123 8 0 6 2 1 11 47 5 0 0 1
1214 -1 -1 5122 8 0 1 5 1 1 2 0 0 29 2561 4849 -6308 -4867 3059 280 0
1215 1
1216 -1 -1 5121 8 0 2 11 1 15 3 3 69 1 1
1217 -1 -1 5120 8 0 14 18 2 35 13 12 11 24 2560 -3613 -4171 362 6528 214 1280 -4947 -6105 -171 4319 278 640 407 914 -1566 -5770 231 320 -2748 4498 434 4910 1 160 2766 -1484 1356 -5950 395 80 -4351 7524 1186 -205 275 40 -4484 7340 -3147 -5424 0 20 2651 835 -1432 -6090 400 10 1017 4437 -2758 -5873 30 5 2341 3175 -1245 -4976 398 0
1218 0
1219 0
1220 0
1221 0
1222 0
1223 1
1224 -1 -1 319 8 0 1 17 0 5 0 0 5 1 0
1225 1
1226 -1 -1 637 8 0 2 0 0 8 0 0 0 1 1
1227 -1 -1 636 8 0 3 1 0 9 0 50 0 3 318 4021 -888 3610 -7865 154 159 -1311 6088 1818 -2655 219 0
1228 0
1229 0
1230 1
1231 -1 -1 1271 8 0 0 0 0 9 0 39 0 0 0
1232 1
1233 -1 -1 2541 8 0 0 0 0 6 0 31 0 0 0
1234 1
1235 -1 -1 5081 8 0 0 0 0 2 1 192 0 0 1
1236 -1 -1 5080 8 0 9 0 0 3 0 165 0 0 2540 -880 5406 -4100 -6218 119 1270 3555 4705 3777 3059 22 635 -2378 3854 -2347 -280 51 0
1237 1
1238 -1 -1 1269 8 0 2 0 0 0 0 44 0 0 0
1239 1
1240 -1 -1 2537 8 0 3 0 0 4 0 0 0 0 1
1241 -1 -1 2536 8 0 11 0 0 8 0 44 0 0 1268 -3118 -220 3908 -2252 47 634 4323 4009 1328 1833 23 317 4683 7792 2310 -1463 40 1
1242 -1 -1 316 8 0 3 0 0 24 5 34 0 0 158 -4 687 2930 -6149 24 79 -793 -4361 4098 2730 5 0
1243 1
1244 -1 -1 157 8 0 0 8 4 0 0 0 0 6 0
1245 1
1246 -1 -1 313 8 0 16 0 2 7 0 2 0 7 0
1247 1
1248 -1 -1 625 8 0 2 0 0 5 1 19 7 0 0
1249 1
1250 -1 -1 1249 8 0 14 0 0 1 0 0 0 0 1
1251 -1 -1 1248 8 0 9 0 0 31 0 21 0 0 624 215 1490 778 7087 106 312 3224 5994 1497 -1058 46 156 1840 5063 -2816 -4396 396 78 27 -3928 -176 -174 94 39 1222 4361 2766 -1673 23 0
1252 0
1253 0
1254 0
1255 1
1256 -1 -1 623 8 0 4 0 0 3 0 23 16 0 0
1257 1
1258 -1 -1 1245 8 0 0 0 0 10 0 6 0 0 0
1259 0
1260 1
1261 -1 -1 4979 8 0 0 0 0 1 0 0 1 0 1
1262 -1 -1 4978 8 0 0 0 0 1 81 0 0 0 2489 3130 2632 4295 -5513 31 1
1263 -1 -1 2488 8 0 0 0 0 0 0 8 0 0 1244 4519 7311 -3050 7327 6 622 1389 -1712 3747 -6207 8 311 -3126 2010 -4566 -5221 37 0
1264 0
1265 1
1266 -1 -1 1243 8 0 0 0 0 3 2 1 0 0 0
1267 1
1268 -1 -1 2485 8 0 4 0 0 0 0 0 0 0 0
1269 1
1270 -1 -1 4969 8 0 0 0 0 0 0 64 0 0 1
1271 -1 -1 4968 8 0 6 0 0 2 0 15 0 0 2484 2185 -930 -1901 -1572 27 1242 3834 -2436 -1998 -7685 90 621 -3031 -6008 2713 -2895 16 0
1272 0
1273 1
1274 -1 -1 2483 8 0 7 0 0 4 3 3 0 0 1
1275 -1 -1 2482 8 0 4 0 0 3 0 1 55 0 1241 4708 1454 -1518 -2361 40 1
1276 -1 -1 1240 8 0 4 0 5 14 1 22 5 0 620 2702 -352 825 -7100 29 310 1763 296 -252 -6726 46 155 -3572 2846 -788 -7206 10 0
1277 0
1278 1
1279 -1 -1 619 8 0 4 0 0 13 13 6 22 1 1
1280 -1 -1 618 8 0 13 0 19 5 1 4 3 0 309 -3225 1453 327 -2821 12 0
1281 0
1282 1
1283 -1 -1 1235 8 0 5 0 0 25 0 17 0 0 0
1284 0
1285 1
1286 -1 -1 4939 8 0 3 0 3 1 0 0 61 0 1
1287 -1 -1 4938 8 0 6 0 0 8 0 0 0 0 2469 -3862 335 -4023 -4118 8 0
1288 1
1289 -1 -1 4937 8 0 16 0 0 14 0 57 9 0 1
1290 -1 -1 4936 8 0 21 0 1 23 0 12 43 0 2468 4837 2592 718 20 16 1234 2439 4695 -3200 -7508 62 617 481 6771 3685 -4225 22 0
1291 0
1292 0
1293 1
1294 -1 -1 4935 8 0 8 0 0 19 0 38 0 0 1
1295 -1 -1 4934 8 0 4 0 0 40 0 1 0 0 2467 195 -114 3381 -3120 18 0
1296 1
1297 -1 -1 4933 8 0 3 0 7 4 0 1 0 8 1
1298 -1 -1 4932 8 0 75 0 0 106 0 5 0 1 2466 -2517 393 -3656 -6869 238 1233 -553 -21 557 -1849 7 0
1299 1
1300 -1 -1 2465 8 0 6 0 1 4 0 36 0 3 0
1301 1
1302 -1 -1 4929 8 0 6 0 0 14 0 9 38 0 1
1303 -1 -1 4928 8 0 53 1 1 46 0 40 5 0 2464 3635 908 -678 -5691 13 1232 -84 5522 4853 -3718 40 616 3673 1317 -1801 7314 380 308 4386 -897 -1552 -3689 19 154 -4817 2881 2214 4959 368 77 4167 4617 192 -3776 43 0
1304 0
1305 0
1306 1
1307 -1 -1 615 8 0 3 14 12 2 0 0 14 4 1
1308 -1 -1 614 8 0 9 2 0 0 2 6 1 40 307 2442 -6517 -2209 -7565 11 0
1309 1
1310 -1 -1 613 8 0 0 2 0 12 41 5 0 9 0
1311 1
1312 -1 -1 1225 8 0 7 0 0 3 0 26 1 0 1
1313 -1 -1 1224 8 0 18 1 13 6 9 4 0 0 612 -215 210 1910 -1963 9 306 362 -632 -250 520 1 153 -319 -4637 4771 104 189 0
1314 0
1315 1
1316 -1 -1 611 8 0 3 12 2 5 10 3 0 0 0
1317 0
1318 1
1319 -1 -1 2443 8 0 2 0 3 0 2 2 8 1 0
1320 1
1321 -1 -1 4885 8 0 0 0 0 2 0 0 1 7 1
1322 -1 -1 4884 8 0 48 0 0 10 0 0 17 0 2442 4784 3797 1194 1152 149 1221 2239 -661 1750 -7459 2 1
1323 -1 -1 1220 8 0 5 9 0 2 0 1 33 3 610 88 -1747 -4612 5790 400 305 2975 5608 -3566 7518 173 0
1324 0
1325 0
1326 1
1327 -1 -1 2439 8 0 4 0 1 2 0 1 0 0 0
1328 1
1329 -1 -1 4877 8 0 3 0 0 0 0 73 0 0 1
1330 -1 -1 4876 8 0 4 0 0 2 0 5 0 0 2438 1528 -3910 3840 7976 55 1219 1638 -7462 1766 2102 222 0
1331 1
1332 -1 -1 2437 8 0 23 4 1 11 0 0 0 1 1
1333 -1 -1 2436 8 0 9 0 0 0 0 15 1 6 1218 -251 -628 -4763 -319 6 609 2820 -2645 1329 7268 17 0
1334 0
1335 0
1336 1
1337 -1 -1 4871 8 0 25 9 1 11 1 0 0 0 1
1338 -1 -1 4870 8 0 83 0 0 5 0 41 0 0 2435 2074 -4948 -1845 -4534 1 1
1339 -1 -1 2434 8 0 6 8 0 7 16 7 0 11 1217 2932 -4548 3742 4070 12 0
1340 1
1341 -1 -1 2433 8 0 13 2 0 0 0 8 11 3 0
1342 1
1343 -1 -1 4865 8 0 6 0 2 5 0 16 4 0 1
1344 -1 -1 4864 8 0 490 0 0 107 4 24 5 1 2432 939 3366 395 -3386 18 1216 3887 -5624 342 -2603 35 608 -922 -4409 3756 1777 38 304 514 -7617 2078 -3832 28 152 -2240 853 2054 2458 149 76 4726 6614 2906 3588 12 38 4152 -1148 1889 -7893 2 19 784 4920 3657 -6757 51 0
1345 0
1346 0
1347 0
1348 0
1349 1
1350 -1 -1 607 8 0 0 0 0 0 0 0 34 0 0
1351 1
1352 -1 -1 1213 8 0 3 2 0 3 38 1 16 0 1
1353 -1 -1 1212 8 0 5 0 2 4 0 9 0 1 606 3315 -339 -2318 -843 10 303 -3481 6303 1754 -3456 230 0
1354 0
1355 0
1356 1
1357 -1 -1 2423 8 0 0 0 0 2 0 0 0 40 1
1358 -1 -1 2422 8 0 3 1 0 2 0 0 22 2 1211 -1969 -4017 -3061 7264 27 1
1359 -1 -1 1210 8 0 5 0 8 14 0 4 0 0 605 3481 2546 -3127 -7078 122 0
1360 0
1361 0
1362 1
1363 -1 -1 4839 8 0 0 0 2 36 0 19 34 0 1
1364 -1 -1 4838 8 0 1 0 0 7 0 2 89 0 2419 1178 -4046 -4387 -7289 18 0
1365 1
1366 -1 -1 4837 8 0 3 0 0 47 0 1 0 0 1
1367 -1 -1 4836 8 0 4 0 0 24 0 10 15 0 2418 -2016 671 4610 -7528 21 1209 4836 -4682 4947 5504 240 0
1368 1
1369 -1 -1 2417 8 0 18 0 20 7 0 3 0 0 0
1370 1
1371 -1 -1 4833 8 0 7 0 0 16 0 4 1 0 1
1372 -1 -1 4832 8 0 10 0 2 11 0 1 48 0 2416 -331 -3161 -2601 6498 391 1208 4441 -6301 283 267 15 604 2065 -1087 436 -5861 16 302 2276 -1349 1936 -7845 379 151 -4965 1940 -2333 800 5 0
1373 0
1374 0
1375 1
1376 -1 -1 1207 8 0 0 1 1 1 1 46 0 2 1
1377 -1 -1 1206 8 0 3 0 0 0 6 1 2 15 603 -3664 -6515 1195 2465 42 0
1378 1
1379 -1 -1 1205 8 0 7 0 1 0 0 0 22 0 0
1380 1
1381 -1 -1 2409 8 0 2 0 18 2 1 3 2 6 1
1382 -1 -1 2408 8 0 11 17 2 4 0 0 2 0 1204 -2414 1557 4702 692 248 602 -978 -7064 1413 7329 394 301 4797 -7763 -3179 -5437 17 0
1383 1
1384 -1 -1 601 8 0 5 2 0 33 3 8 1 0 0
1385 1
1386 -1 -1 1201 8 0 2 0 0 4 1 15 0 1 0
1387 1
1388 -1 -1 2401 8 0 3 0 0 5 0 5 2 2 0
1389 1
1390 -1 -1 4801 8 0 2 0 0 1 1 0 6 0 1
1391 -1 -1 4800 8 0 110 1 1 7 0 0 0 0 2400 1814 3001 806 -395 15 1200 395 821 -667 -5751 17 600 -3627 1986 2498 2108 38 300 4540 3535 3506 -470 9 150 2101 -1142 3425 1596 244 75 3708 871 -1166 -1951 7 0
1392 0
1393 0
1394 0
1395 0
1396 0
1397 1
1398 -1 -1 4799 8 0 0 2 4 9 0 2 0 0 1
1399 -1 -1 4798 8 0 0 0 0 8 1 0 56 0 2399 -505 -1496 2348 -7254 17 0
1400 1
1401 -1 -1 4797 8 0 3 0 2 16 0 0 3 8 1
1402 -1 -1 4796 8 0 0 0 0 6 33 0 8 0 2398 3942 2482 -2180 4204 336 1199 -1588 1765 -3730 6742 311 0
1403 0
1404 1
1405 -1 -1 4795 8 0 0 0 4 71 0 36 0 0 1
1406 -1 -1 4794 8 0 3 4 0 39 0 0 3 4 2397 3849 -3538 -4950 4376 253 0
1407 1
1408 -1 -1 4793 8 0 1 2 5 18 11 2 1 13 1
1409 -1 -1 4792 8 0 0 55 0 27 0 0 0 3 2396 -354 -3514 180 5401 127 1198 1583 527 2459 -4706 9 599 3582 1598 -4854 -4727 311 0
1410 0
1411 0
1412 1
1413 -1 -1 4791 8 0 5 0 0 47 10 14 0 0 1
1414 -1 -1 4790 8 0 0 1 29 21 0 2 10 0 2395 -4748 -7642 -2973 5964 251 0
1415 1
1416 -1 -1 4789 8 0 0 18 0 0 0 0 0 11 1
1417 -1 -1 4788 8 0 5 10 21 29 0 28 0 9 2394 -2344 -6088 -1211 -2741 44 1197 -1555 -242 -165 5006 267 0
1418 0
1419 1
1420 -1 -1 4787 8 0 4 1 27 51 40 20 20 0 1
1421 -1 -1 4786 8 0 0 12 136 19 4 7 3 1 2393 1645 -4190 -697 5610 299 0
1422 1
1423 -1 -1 4785 8 0 2 0 13 46 50 8 65 6 1
1424 -1 -1 4784 8 0 3 2 65 51 220 10 16 3 2392 -855 -7960 -4226 -4787 107 1196 -3281 -3270 -1094 5381 251 598 -2566 -2470 1683 -6739 5 299 2483 5313 1343 -5325 1 0
1425 0
1426 0
1427 1
1428 -1 -1 2391 8 0 1 14 4 1 1 6 2 22 0
1429 1
1430 -1 -1 4781 8 0 0 2 30 0 0 0 5 0 1
1431 -1 -1 4780 8 0 0 0 13 11 2 0 111 7 2390 -967 1958 2852 -6044 33 1195 3167 -1595 -1509 7220 270 0
1432 0
1433 1
1434 -1 -1 4779 8 0 1 0 1 19 7 0 14 0 1
1435 -1 -1 4778 8 0 0 0 0 10 70 0 3 0 2389 -1886 -624 -2805 4489 231 0
1436 1
1437 -1 -1 4777 8 0 0 0 15 1 0 0 0 0 1
1438 -1 -1 4776 8 0 0 0 1 15 64 0 241 0 2388 1047 -6229 -3846 1114 238 1194 4124 1825 -3830 7078 231 597 -2998 -7097 -11 6643 240 0
1439 0
1440 1
1441 -1 -1 2387 8 0 1 1 0 3 26 0 0 0 0
1442 1
1443 -1 -1 4773 8 0 0 1 2 0 11 0 0 0 1
1444 -1 -1 4772 8 0 1 60 4 15 0 0 4 13 2386 -3949 -3651 -3193 6888 192 1193 -3403 -1424 -2381 7359 210 0
1445 0
1446 1
1447 -1 -1 4771 8 0 2 1 2 12 10 3 50 0 1
1448 -1 -1 4770 8 0 2 8 9 21 24 2 4 0 2385 829 -2208 673 4825 204 0
1449 1
1450 -1 -1 4769 8 0 2 7 82 11 48 3 6 0 1
1451 -1 -1 4768 8 0 0 2 27 50 214 0 8 1 2384 -3314 -5967 795 -1931 0 1192 -1117 -3620 4985 -3129 5 596 4460 -7806 -626 -4365 32 298 -3838 -5039 1337 6246 214 149 -556 -270 -4273 5220 254 0
1452 0
1453 1
1454 -1 -1 595 8 0 20 0 3 6 4 5 0 3 0
1455 0
1456 1
1457 -1 -1 2379 8 0 0 1 0 1 0 0 1 10 0
1458 1
1459 -1 -1 4757 8 0 0 0 3 0 0 0 0 1 1
1460 -1 -1 4756 8 0 1 65 2 0 0 0 0 2 2378 153 6902 1572 7403 307 1189 108 7607 -4594 -6157 279 1
1461 -1 -1 1188 8 0 16 15 4 9 2 4 0 2 594 -1105 -2673 1077 3147 262 297 4746 -77 1174 1474 2 0
1462 0
1463 0
1464 1
1465 -1 -1 2375 8 0 0 15 0 4 0 0 6 1 0
1466 1
1467 -1 -1 4749 8 0 0 2 2 22 10 0 0 39 1
1468 -1 -1 4748 8 0 0 3 48 26 6 1 0 10 2374 3366 -7487 -4942 6469 321 1187 -35 -3372 4724 -1482 356 0
1469 0
1470 1
1471 -1 -1 4747 8 0 0 2 48 2 5 0 1 0 1
1472 -1 -1 4746 8 0 0 8 0 3 82 0 1 1 2373 4079 -6834 3770 6131 349 0
1473 1
1474 -1 -1 4745 8 0 4 10 12 23 15 8 114 6 1
1475 -1 -1 4744 8 0 0 4 58 10 70 1 26 14 2372 -4126 -4890 -4585 2934 16 1186 -4888 -6544 -455 -41 341 593 1234 2766 -4601 -4896 6 0
1476 0
1477 0
1478 1
1479 -1 -1 4743 8 0 0 9 0 0 0 9 5 1 1
1480 -1 -1 4742 8 0 1 22 2 25 0 1 2 94 2371 -1468 -7151 -2877 7722 352 0
1481 1
1482 -1 -1 4741 8 0 1 8 20 0 0 2 2 8 1
1483 -1 -1 4740 8 0 0 3 6 8 4 0 35 8 2370 4742 -2194 4052 3517 22 1185 -1194 -7285 -4239 7457 239 0
1484 0
1485 1
1486 -1 -1 4739 8 0 0 3 41 14 13 0 0 1 1
1487 -1 -1 4738 8 0 0 191 31 36 12 7 6 9 2369 1435 -185 2715 6169 256 0
1488 1
1489 -1 -1 4737 8 0 1 14 9 23 20 0 43 14 1
1490 -1 -1 4736 8 0 4 132 190 61 192 14 33 8 2368 -157 -1458 -2370 3122 227 1184 -442 -6729 -4340 7784 242 592 1683 -4450 -2624 5704 267 296 -980 -5173 2327 6227 277 148 -357 -5315 627 2859 398 74 4596 970 -2826 4471 201 37 2269 -1116 -2655 4732 370 0
1491 0
1492 0
1493 0
1494 0
1495 1
1496 -1 -1 1183 8 0 2 6 1 19 2 28 8 1 0
1497 1
1498 -1 -1 2365 8 0 29 0 0 3 0 5 2 0 1
1499 -1 -1 2364 8 0 7 1 13 2 6 1 8 0 1182 -2762 -7219 -3242 4322 1 591 -3149 7098 -3879 4349 6 0
1500 0
1501 1
1502 -1 -1 2363 8 0 2 1 5 18 0 9 0 6 0
1503 1
1504 -1 -1 4725 8 0 0 4 17 6 0 0 0 18 1
1505 -1 -1 4724 8 0 8 3 1 29 6 1 0 140 2362 2827 1897 -4177 755 13 1181 -2919 -6002 2644 3963 1 0
1506 1
1507 -1 -1 2361 8 0 1 3 18 0 2 0 0 0 1
1508 -1 -1 2360 8 0 13 4 2 8 2 4 15 16 1180 1116 -5444 -1183 -2256 4 590 -1490 4385 -2791 -1627 6 295 -3681 -7069 1804 6696 7 0
1509 0
1510 1
1511 -1 -1 1179 8 0 18 23 14 0 1 0 0 0 1
1512 -1 -1 1178 8 0 5 7 0 5 1 0 2 16 589 4101 2350 935 -1055 38 0
1513 0
1514 1
1515 -1 -1 2355 8 0 4 0 34 0 0 0 0 0 0
1516 1
1517 -1 -1 4709 8 0 62 0 0 3 12 0 0 0 1
1518 -1 -1 4708 8 0 8 0 5 3 7 9 0 0 2354 6 -7877 -1044 327 2 1177 -2891 -3330 -4292 -7772 66 0
1519 0
1520 1
1521 -1 -1 4707 8 0 54 0 0 0 0 158 9 1 1
1522 -1 -1 4706 8 0 8 0 16 19 21 72 0 1 2353 4643 5772 148 -3642 80 0
1523 1
1524 -1 -1 4705 8 0 4 3 5 2 0 9 4 0 1
1525 -1 -1 4704 8 0 53 2 0 19 1 0 0 9 2352 3106 5548 -229 3953 12 1176 1331 5256 -3014 -894 19 588 4857 -5936 -3092 -1131 7 294 -1086 -590 -4578 -3587 108 147 -2191 5016 3042 2491 7 0
1526 0
1527 0
1528 1
1529 -1 -1 1175 8 0 1 0 0 0 0 19 0 0 0
1530 1
1531 -1 -1 2349 8 0 3 6 0 1 1 0 0 0 0
1532 1
1533 -1 -1 4697 8 0 2 0 0 3 0 7 0 0 1
1534 -1 -1 4696 8 0 1 0 50 12 0 4 1 0 2348 4817 -3515 2103 -6413 383 1174 1315 2620 1050 -5080 390 587 -1218 579 3135 1252 208 0
1535 1
1536 -1 -1 1173 8 0 7 37 1 9 5 0 0 1 0
1537 1
1538 -1 -1 2345 8 0 0 10 3 7 1 16 2 28 0
1539 1
1540 -1 -1 4689 8 0 0 5 0 8 0 18 0 0 1
1541 -1 -1 4688 8 0 13 4 2 35 3 7 2 4 2344 -3567 -3798 3240 -419 63 1172 -2206 837 -798 -6204 192 586 -4850 5932 -4148 -5761 291 293 4096 -70 222 2655 10 0
1542 0
1543 0
1544 0
1545 1
1546 -1 -1 4687 8 0 0 5 13 13 23 8 0 6 1
1547 -1 -1 4686 8 0 1 91 93 16 5 1 7 12 2343 377 1960 -4631 -2934 326 0
1548 1
1549 -1 -1 4685 8 0 0 8 3 7 3 0 1 79 1
1550 -1 -1 4684 8 0 3 73 9 9 0 1 6 42 2342 -4731 966 -3323 -6376 256 1171 1343 6288 4975 -3583 259 0
1551 0
1552 1
1553 -1 -1 4683 8 0 3 14 0 42 0 1 6 17 1
1554 -1 -1 4682 8 0 0 83 0 12 5 1 19 38 2341 -1746 -1449 -4312 -4422 2 0
1555 1
1556 -1 -1 4681 8 0 2 13 3 2 4 0 4 15 1
1557 -1 -1 4680 8 0 1 23 21 39 10 5 48 1 2340 107 -161 -2717 -2347 25 1170 277 4046 961 -1353 21 585 -1690 6930 -2965 -5124 220 0
1558 0
1559 0
1560 1
1561 -1 -1 4679 8 0 2 34 2 1 4 0 2 1 1
1562 -1 -1 4678 8 0 1 1 0 1 0 1 0 30 2339 -1068 7042 -3729 -1386 14 0
1563 1
1564 -1 -1 4677 8 0 1 52 115 28 114 0 19 12 1
1565 -1 -1 4676 8 0 3 11 33 15 32 0 58 22 2338 3152 7302 -3568 -2911 4 1169 -17 4755 -482 -4578 328 0
1566 0
1567 1
1568 -1 -1 4675 8 0 3 14 9 7 10 0 15 19 1
1569 -1 -1 4674 8 0 4 3 7 63 1 22 49 1 2337 -554 2229 -3655 -66 65 0
1570 1
1571 -1 -1 4673 8 0 2 0 50 8 5 1 0 29 1
1572 -1 -1 4672 8 0 13 43 39 127 125 23 7 39 2336 894 -7883 3026 -7872 321 1168 3922 204 -1876 4288 12 584 -1025 -21 -2581 -5327 145 292 -1378 2032 4279 -30 218 146 -2335 -2158 2898 -4867 336 73 -3330 5268 4515 -6222 400 0
1573 0
1574 0
1575 0
1576 0
1577 1
1578 -1 -1 2335 8 0 3 9 3 11 2 3 10 1 0
1579 1
1580 -1 -1 4669 8 0 5 0 0 38 0 175 0 1 1
1581 -1 -1 4668 8 0 3 2 9 4 0 13 4 1 2334 3024 6483 427 4914 9 1167 -2628 4515 -1636 -7801 175 0
1582 1
1583 -1 -1 2333 8 0 2 1 0 2 0 19 8 0 0
1584 1
1585 -1 -1 4665 8 0 3 20 10 12 6 2 1 6 1
1586 -1 -1 4664 8 0 4 3 5 143 19 25 13 11 2332 2147 -3772 -1266 320 5 1166 -4930 -5527 4460 7457 400 583 4183 2847 2161 2420 10 0
1587 0
1588 0
1589 1
1590 -1 -1 4663 8 0 13 0 3 96 51 33 191 0 1
1591 -1 -1 4662 8 0 6 17 4 29 59 11 32 1 2331 3990 -3785 3794 -5355 2 0
1592 1
1593 -1 -1 4661 8 0 11 45 16 45 113 14 28 3 1
1594 -1 -1 4660 8 0 7 2 65 13 49 4 102 3 2330 -647 5375 4759 1325 7 1165 1328 7284 -4542 1503 30 0
1595 0
1596 1
1597 -1 -1 4659 8 0 0 7 1 15 0 0 8 43 1
1598 -1 -1 4658 8 0 3 0 0 20 29 1 17 0 2329 2857 1523 4613 5313 9 0
1599 1
1600 -1 -1 4657 8 0 16 2 131 86 79 8 58 9 1
1601 -1 -1 4656 8 0 36 12 90 125 54 110 28 0 2328 2116 3710 -3486 -2905 37 1164 -768 -6907 -4430 3487 166 582 -2297 4552 4057 -3537 16 291 -4662 3521 -4300 -4663 39 0
1602 0
1603 1
1604 -1 -1 1163 8 0 2 1 5 3 12 0 24 0 0
1605 0
1606 1
1607 -1 -1 4651 8 0 0 4 0 13 5 0 0 2 1
1608 -1 -1 4650 8 0 3 2 42 8 0 7 0 0 2325 1018 -6004 681 4820 10 0
1609 1
1610 -1 -1 4649 8 0 0 56 0 4 2 2 0 1 1
1611 -1 -1 4648 8 0 8 9 5 13 1 6 0 4 2324 -4802 -2552 2459 -1343 13 1162 1439 -421 4675 -5894 16 581 4151 1505 -4792 -3083 244 0
1612 0
1613 0
1614 1
1615 -1 -1 4647 8 0 30 0 0 20 1 0 0 0 1
1616 -1 -1 4646 8 0 15 7 6 17 0 2 0 31 2323 2850 -3498 -1529 6820 0 0
1617 1
1618 -1 -1 4645 8 0 7 0 11 67 22 8 28 6 1
1619 -1 -1 4644 8 0 36 14 52 208 8 49 3 9 2322 -1100 1064 -3254 -5765 24 1161 3492 2548 2835 -7276 363 0
1620 0
1621 1
1622 -1 -1 4643 8 0 47 1 4 158 5 172 30 0 1
1623 -1 -1 4642 8 0 33 1 4 39 0 14 25 0 2321 4525 656 4056 96 1 0
1624 1
1625 -1 -1 4641 8 0 1 1 0 0 9 5 0 0 1
1626 -1 -1 4640 8 0 18 15 6 71 0 16 1 3 2320 -1145 3037 -772 -3988 47 1160 2175 -1185 1188 -5967 5 580 -2580 5527 -4278 6291 0 290 3971 -170 -974 -92 17 145 2561 2668 -3658 -2191 19 0
1627 0
1628 0
1629 0
1630 1
1631 -1 -1 2319 8 0 2 7 2 3 1 0 0 48 0
1632 1
1633 -1 -1 4637 8 0 1 1 0 4 20 0 0 5 1
1634 -1 -1 4636 8 0 3 24 0 24 0 8 0 1 2318 3963 -1149 -3145 -4045 7 1159 -3715 4605 4586 -319 307 0
1635 0
1636 1
1637 -1 -1 4635 8 0 2 0 2 1 7 0 0 1 1
1638 -1 -1 4634 8 0 1 55 0 2 0 0 0 0 2317 -3197 -1990 -1265 7383 22 0
1639 1
1640 -1 -1 4633 8 0 0 12 1 8 9 0 2 9 1
1641 -1 -1 4632 8 0 3 6 10 21 7 0 76 0 2316 -4918 -3660 -135 3174 27 1158 -4905 1988 1778 -5455 48 579 -4831 6894 1030 -4050 1 0
1642 0
1643 0
1644 1
1645 -1 -1 4631 8 0 0 8 8 1 1 0 0 21 1
1646 -1 -1 4630 8 0 24 44 8 5 3 14 7 1 2315 2942 -5609 -1966 1005 257 0
1647 1
1648 -1 -1 4629 8 0 3 1 20 11 3 10 1 13 1
1649 -1 -1 4628 8 0 2 0 15 65 127 9 28 1 2314 3037 3524 -2305 -4929 76 1157 4795 6088 2316 -115 353 0
1650 0
1651 1
1652 -1 -1 4627 8 0 5 1 5 24 14 2 0 0 1
1653 -1 -1 4626 8 0 34 0 10 41 0 57 11 0 2313 -1104 4598 -1013 -7349 395 0
1654 1
1655 -1 -1 4625 8 0 9 1 8 14 8 15 0 43 1
1656 -1 -1 4624 8 0 42 66 55 211 34 75 2 24 2312 4696 -7265 -4871 5745 343 1156 -10 -294 -4971 -4406 352 578 4558 5484 4406 483 22 289 -204 318 643 7371 191 0
1657 0
1658 0
1659 0
1660 1
1661 -1 -1 4623 8 0 6 2 0 12 0 85 0 0 1
1662 -1 -1 4622 8 0 2 0 2 18 0 5 0 4 2311 -3314 -2943 3619 3421 2 0
1663 1
1664 -1 -1 4621 8 0 3 19 13 4 1 0 0 1 1
1665 -1 -1 4620 8 0 2 3 1 9 8 13 3 17 2310 1997 846 257 -2103 2 1155 4485 -532 4085 2109 1 0
1666 0
1667 1
1668 -1 -1 4619 8 0 0 6 19 6 1 0 0 39 1
1669 -1 -1 4618 8 0 13 1 36 22 19 12 0 2 2309 2227 -6657 403 -1000 200 0
1670 1
1671 -1 -1 4617 8 0 3 19 21 19 100 13 9 5 1
1672 -1 -1 4616 8 0 30 22 6 23 13 10 22 8 2308 -91 -6877 -1186 2295 40 1154 -2814 6752 -4909 -4503 11 577 -659 -5303 223 4919 50 0
1673 0
1674 0
1675 1
1676 -1 -1 4615 8 0 3 1 4 3 27 1 10 0 1
1677 -1 -1 4614 8 0 65 5 3 66 9 71 59 1 2307 2842 2810 4794 -7653 231 0
1678 1
1679 -1 -1 4613 8 0 30 40 105 121 43 66 0 2 1
1680 -1 -1 4612 8 0 60 34 21 73 2 26 23 0 2306 2664 3651 2910 -2026 3 1153 -2630 -5631 -715 2636 11 0
1681 0
1682 1
1683 -1 -1 4611 8 0 189 4 16 12 9 122 4 5 1
1684 -1 -1 4610 8 0 207 20 82 244 149 147 57 5 2305 -3784 7698 1659 -4515 396 0
1685 1
1686 -1 -1 4609 8 0 96 34 24 30 49 32 14 21 1
1687 -1 -1 4608 8 0 1028 16 40 294 13 44 12 20 2304 4630 -7675 -2525 5056 116 1152 4599 7292 4652 -6915 19 576 -639 -4773 4373 7362 68 288 4595 -4424 3988 330 29 144 -3210 767 -4207 -7751 34 72 3056 1992 3211 -7201 17 36 -569 2297 3239 -5501 155 18 -768 -5325 -2296 4681 183 9 -771 -3825 -4830 6366 397 0
1688 0
1689 0
1690 0
1691 0
1692 1
1693 -1 -1 287 8 0 0 0 7 0 9 0 0 16 0
1694 1
1695 -1 -1 573 8 0 0 0 1 5 0 0 6 2 0
1696 1
1697 -1 -1 1145 8 0 0 0 0 4 0 0 0 3 1
1698 -1 -1 1144 8 0 0 0 0 0 0 0 0 63 572 -1598 -3729 1501 68 233 286 -3715 6329 2024 -5197 326 143 1183 2974 -3325 5153 6 0
1699 0
1700 0
1701 1
1702 -1 -1 1143 8 0 0 0 1 2 3 0 0 0 0
1703 1
1704 -1 -1 2285 8 0 0 0 1 0 0 0 0 0 0
1705 1
1706 -1 -1 4569 8 0 0 0 0 0 18 0 0 0 1
1707 -1 -1 4568 8 0 0 0 0 0 83 0 0 0 2284 -2404 -396 3089 2924 169 1142 2326 -5035 -321 4743 281 571 4277 -6464 2707 -1166 284 1
1708 -1 -1 570 8 0 0 1 15 4 4 0 2 1 285 -3744 2205 -980 -6882 53 1
1709 -1 -1 284 8 0 0 0 1 0 3 2 1 27 142 -2086 7745 -716 -2814 246 71 3900 6810 4552 -2189 336 0
1710 0
1711 1
1712 -1 -1 283 8 0 0 27 2 1 0 1 1 1 1
1713 -1 -1 282 8 0 0 0 9 10 0 0 20 6 141 -4682 -3156 -853 1377 17 0
1714 0
1715 1
1716 -1 -1 563 8 0 0 0 1 18 6 1 3 7 0
1717 1
1718 -1 -1 1125 8 0 0 2 55 2 0 0 0 0 1
1719 -1 -1 1124 8 0 0 1 8 5 9 2 1 5 562 3243 6409 -2166 -6332 308 281 2808 -198 4433 -2126 3 0
1720 1
1721 -1 -1 561 8 0 0 0 14 0 19 0 0 0 0
1722 0
1723 1
1724 -1 -1 2243 8 0 0 0 1 1 0 0 0 6 0
1725 1
1726 -1 -1 4485 8 0 0 0 0 0 1 0 6 0 1
1727 -1 -1 4484 8 0 0 0 3 9 51 0 1 0 2242 -4197 5822 -2419 -5061 278 1121 -1331 -4860 4863 -1329 300 1
1728 -1 -1 1120 8 0 0 7 2 3 1 1 0 13 560 2468 7562 3993 -3534 212 280 -3960 6539 2531 6633 53 140 1691 2655 -3134 -4838 28 70 3571 7672 3281 -3140 391 35 -2028 4729 235 649 218 0
1729 0
1730 0
1731 0
1732 1
1733 -1 -1 559 8 0 1 0 3 6 26 0 1 2 0
1734 1
1735 -1 -1 1117 8 0 0 1 0 7 1 2 3 0 1
1736 -1 -1 1116 8 0 0 3 3 3 0 2 0 45 558 2771 2239 1374 -4217 34 279 -1468 5943 2404 7650 14 0
1737 1
1738 -1 -1 557 8 0 12 9 5 8 11 0 0 2 0
1739 1
1740 -1 -1 1113 8 0 3 0 1 8 0 1 31 0 1
1741 -1 -1 1112 8 0 2 1 11 15 4 14 6 0 556 -4385 -4827 -668 5385 4 278 -608 7665 440 -2132 280 139 -4651 4313 -525 405 35 0
1742 0
1743 0
1744 1
1745 -1 -1 1111 8 0 4 2 0 38 8 0 0 0 0
1746 0
1747 1
1748 -1 -1 4443 8 0 3 0 0 23 0 45 1 0 1
1749 -1 -1 4442 8 0 0 1 3 0 2 3 0 0 2221 1811 1095 2606 -3479 1 1
1750 -1 -1 2220 8 0 2 0 0 41 3 8 2 0 1110 -2480 411 4746 -5848 22 555 4965 4829 474 -1924 195 0
1751 1
1752 -1 -1 1109 8 0 5 0 4 8 0 0 6 20 1
1753 -1 -1 1108 8 0 1 4 9 23 23 2 0 3 554 3125 -97 -2317 -6764 325 277 -1325 6473 3386 -176 1 0
1754 0
1755 0
1756 1
1757 -1 -1 2215 8 0 6 0 0 17 0 0 0 0 1
1758 -1 -1 2214 8 0 1 1 7 13 0 26 0 0 1107 -3213 -6926 4739 -1378 13 0
1759 1
1760 -1 -1 2213 8 0 0 0 0 14 4 5 0 0 0
1761 1
1762 -1 -1 4425 8 0 4 0 0 15 0 15 0 0 1
1763 -1 -1 4424 8 0 118 0 0 11 0 21 0 1 2212 4398 -6909 -4082 -7738 29 1106 -772 -2016 4738 6070 32 553 -4524 7706 3826 5818 50 0
1764 0
1765 0
1766 1
1767 -1 -1 4423 8 0 6 0 0 6 0 60 0 0 1
1768 -1 -1 4422 8 0 5 0 2 1 0 1 0 0 2211 3911 622 1823 -7648 1 0
1769 1
1770 -1 -1 4421 8 0 4 0 0 42 0 61 0 0 1
1771 -1 -1 4420 8 0 10 0 0 52 4 28 41 0 2210 -4588 6844 3307 5465 15 1105 2350 7646 -1292 -1632 62 0
1772 0
1773 1
1774 -1 -1 4419 8 0 3 0 0 0 2 1 3 0 1
1775 -1 -1 4418 8 0 9 0 0 42 1 18 0 0 2209 3440 -2491 -4738 6014 376 1
1776 -1 -1 2208 8 0 2 0 2 15 12 0 0 2 1104 1472 5198 3645 -7583 7 552 -2300 -188 -2015 -1482 2 276 -921 3182 4140 5619 1 138 2879 6226 -1277 -7762 173 69 -374 251 4768 -1400 163 0
1777 0
1778 0
1779 1
1780 -1 -1 551 8 0 1 30 4 0 10 1 0 1 0
1781 1
1782 -1 -1 1101 8 0 6 3 3 9 0 2 0 10 1
1783 -1 -1 1100 8 0 0 9 3 0 0 1 25 1 550 705 -7734 -39 -3129 2 275 4172 4085 1809 -2376 386 0
1784 0
1785 0
1786 0
1787 1
1788 -1 -1 4399 8 0 0 13 0 5 6 0 1 33 1
1789 -1 -1 4398 8 0 4 3 0 12 0 0 0 3 2199 -3574 4232 866 183 9 0
1790 1
1791 -1 -1 4397 8 0 2 0 0 19 0 0 0 9 1
1792 -1 -1 4396 8 0 10 4 0 27 0 5 1 0 2198 -2974 6721 -4865 -2999 21 1099 -3875 4891 4736 1814 226 0
1793 1
1794 -1 -1 2197 8 0 7 0 9 3 0 0 1 7 0
1795 1
1796 -1 -1 4393 8 0 0 6 0 6 0 1 0 76 1
1797 -1 -1 4392 8 0 0 0 4 5 0 0 0 1 2196 4601 -5308 4534 6885 28 1098 1679 -5917 36 -7268 9 549 -2432 -4441 -1443 6689 0 0
1798 0
1799 1
1800 -1 -1 2195 8 0 4 1 0 1 6 3 12 2 1
1801 -1 -1 2194 8 0 13 0 2 4 0 5 0 36 1097 2019 -1735 772 6304 342 0
1802 1
1803 -1 -1 2193 8 0 7 7 0 6 1 4 13 0 0
1804 1
1805 -1 -1 4385 8 0 21 0 0 17 0 45 0 3 1
1806 -1 -1 4384 8 0 43 0 0 26 0 1 0 8 2192 -1079 -416 3015 1254 13 1096 -3734 4059 1333 5434 297 548 -406 344 4771 1455 256 274 4477 -6431 -3073 -7294 12 137 3944 4839 1795 983 45 0
1807 0
1808 0
1809 1
1810 -1 -1 1095 8 0 9 0 0 3 0 2 0 1 0
1811 0
1812 1
1813 -1 -1 4379 8 0 2 0 2 0 50 0 0 0 1
1814 -1 -1 4378 8 0 2 0 3 22 22 0 0 1 2189 345 -5202 3822 -7315 21 1
1815 -1 -1 2188 8 0 0 0 0 19 2 0 0 2 1094 -2828 -1886 -4767 -6116 4 547 1128 -7015 4290 1678 380 0
1816 1
1817 -1 -1 1093 8 0 1 19 1 6 1 5 0 1 0
1818 1
1819 -1 -1 2185 8 0 0 3 9 11 0 4 0 20 0
1820 1
1821 -1 -1 4369 8 0 2 0 14 7 10 0 0 0 1
1822 -1 -1 4368 8 0 8 4 1 9 7 0 0 11 2184 1774 -5097 -130 -7564 7 1092 -4680 2584 4871 -944 82 546 2448 -3642 2132 7628 63 273 2433 603 3693 7345 221 0
1823 0
1824 1
1825 -1 -1 1091 8 0 5 0 16 6 11 1 4 1 0
1826 1
1827 -1 -1 2181 8 0 0 5 0 1 0 0 0 1 0
1828 1
1829 -1 -1 4361 8 0 7 0 0 16 0 16 5 0 1
1830 -1 -1 4360 8 0 27 0 1 17 0 2 0 0 2180 -2957 -5624 -1608 7216 104 1090 -3928 -3622 -3046 -6872 94 545 1733 -5080 -649 983 8 0
1831 0
1832 1
1833 -1 -1 2179 8 0 3 5 0 0 18 0 4 0 0
1834 1
1835 -1 -1 4357 8 0 4 4 0 1 0 0 1 0 1
1836 -1 -1 4356 8 0 2 0 3 2 0 0 53 0 2178 292 91 867 -6946 388 1089 -2714 -1655 4676 5544 329 0
1837 1
1838 -1 -1 2177 8 0 9 0 0 3 1 0 18 0 0
1839 1
1840 -1 -1 4353 8 0 1 12 4 4 0 0 0 0 1
1841 -1 -1 4352 8 0 5 2 3 16 22 3 5 18 2176 4728 7111 2355 -6819 382 1088 -4729 -7373 1666 -7172 389 544 -3823 4663 -196 -1893 299 272 1461 -7982 4852 -937 2 136 1908 837 -3631 -5117 10 68 3754 -5583 1749 1656 2 34 2051 6370 1342 -6837 2 17 1221 7039 455 275 221 0
1842 0
1843 0
1844 0
1845 1
1846 -1 -1 271 8 0 5 0 5 9 0 6 0 15 0
1847 1
1848 -1 -1 541 8 0 0 0 0 2 9 2 33 1 0
1849 1
1850 -1 -1 1081 8 0 2 0 0 12 0 0 16 2 1
1851 -1 -1 1080 8 0 6 10 0 8 0 18 2 1 540 -2712 -404 -4879 -3063 1 270 3848 7567 4812 -3212 67 135 -2614 -6770 4785 5330 305 0
1852 0
1853 1
1854 -1 -1 539 8 0 4 0 0 0 0 0 15 0 1
1855 -1 -1 538 8 0 43 3 0 4 2 0 0 1 269 1152 -6201 3241 -7135 16 0
1856 0
1857 0
1858 0
1859 1
1860 -1 -1 4303 8 0 56 0 0 28 0 378 0 0 1
1861 -1 -1 4302 8 0 10 1 0 21 0 23 0 0 2151 1945 -3007 1057 7464 53 1
1862 -1 -1 2150 8 0 5 1 1 18 0 2 0 0 1075 -2259 -1987 -262 3512 5 1
1863 -1 -1 1074 8 0 17 0 1 16 9 17 4 1 537 1831 -7398 1235 -670 19 0
1864 0
1865 1
1866 -1 -1 2147 8 0 55 0 0 0 0 6 0 0 1
1867 -1 -1 2146 8 0 4 0 0 4 0 0 0 6 1073 2514 -6360 -4985 3249 357 0
1868 1
1869 -1 -1 2145 8 0 0 2 0 25 0 0 0 3 1
1870 -1 -1 2144 8 0 13 0 1 7 2 22 7 0 1072 941 -6023 -3034 7779 243 536 -552 -7048 92 2200 400 268 -1962 -308 -912 7338 21 134 2092 -412 1088 5297 395 67 3672 5729 2334 -323 6 0
1871 0
1872 0
1873 0
1874 1
1875 -1 -1 1071 8 0 0 0 6 2 7 1 5 0 0
1876 0
1877 1
1878 -1 -1 4283 8 0 62 0 0 7 0 0 0 0 1
1879 -1 -1 4282 8 0 1 0 5 2 0 0 0 0 2141 3787 -4426 4086 5891 249 1
1880 -1 -1 2140 8 0 15 0 2 9 4 12 1 0 1070 783 -3057 821 238 0 535 -386 -7458 -66 1129 44 0
1881 1
1882 -1 -1 1069 8 0 1 0 0 2 18 0 0 2 0
1883 1
1884 -1 -1 2137 8 0 10 0 1 0 0 0 5 0 1
1885 -1 -1 2136 8 0 3 0 0 2 11 0 43 0 1068 -482 -3693 3078 -2984 5 534 -1709 5840 -825 -4659 14 267 4881 -5589 -4811 5756 0 0
1886 0
1887 1
1888 -1 -1 1067 8 0 3 0 0 13 0 5 0 2 0
1889 1
1890 -1 -1 2133 8 0 4 0 0 8 0 0 0 0 1
1891 -1 -1 2132 8 0 2 0 0 1 0 0 66 0 1066 631 1107 3631 2714 361 533 4917 -7960 -1745 -6563 1 0
1892 0
1893 1
1894 -1 -1 2131 8 0 0 9 0 2 0 0 0 0 1
1895 -1 -1 2130 8 0 7 0 0 52 0 0 0 0 1065 4678 -3483 3044 -1103 24 1
1896 -1 -1 1064 8 0 1 1 0 4 6 1 4 3 532 -3980 -4196 -306 7084 12 266 -4059 -2868 84 6273 345 133 -1646 1022 -1691 6737 388 0
1897 0
1898 1
1899 -1 -1 531 8 0 2 30 9 11 0 2 0 11 0
1900 0
1901 1
1902 -1 -1 2123 8 0 0 0 0 5 0 35 0 0 1
1903 -1 -1 2122 8 0 5 0 2 20 8 16 0 0 1061 1326 -6388 1221 -3967 12 0
1904 1
1905 -1 -1 2121 8 0 1 4 0 5 0 9 0 0 1
1906 -1 -1 2120 8 0 1 0 1 57 1 6 2 1 1060 1968 -7428 4891 -7095 132 530 4380 -1382 -4563 -4134 41 265 -4706 627 4577 3396 199 0
1907 0
1908 1
1909 -1 -1 1059 8 0 0 0 0 2 0 0 0 15 0
1910 1
1911 -1 -1 2117 8 0 1 1 40 1 0 0 0 0 1
1912 -1 -1 2116 8 0 6 5 3 13 0 1 6 0 1058 -2000 -2054 -2652 1956 11 529 -3643 5332 -2321 -6655 18 0
1913 1
1914 -1 -1 1057 8 0 1 11 15 6 5 5 0 0 0
1915 0
1916 1
1917 -1 -1 4227 8 0 24 0 0 15 0 3 0 4 1
1918 -1 -1 4226 8 0 53 0 10 1 0 0 0 0 2113 293 -1432 -4542 -459 6 0
1919 1
1920 -1 -1 4225 8 0 44 0 3 7 2 0 0 0 1
1921 -1 -1 4224 8 0 60 0 4 98 2 41 3 0 2112 2742 987 -1049 7433 397 1056 1525 -3350 994 6800 398 528 -3938 3484 -1684 -58 19 264 -2543 -480 467 -3062 14 132 -2004 4119 -2288 -5632 12 66 3580 -436 4345 6096 283 33 -2029 -7205 -2951 3322 58 0
1922 0
1923 0
1924 0
1925 1
1926 -1 -1 527 8 0 1 1 0 3 0 2 0 0 0
1927 0
1928 1
1929 -1 -1 2107 8 0 15 0 0 4 0 0 0 0 1
1930 -1 -1 2106 8 0 63 0 0 0 0 0 0 0 1053 -1474 -3613 -2474 -4695 1 1
1931 -1 -1 1052 8 0 7 0 0 7 0 0 0 0 526 -464 5390 3280 -6110 388 263 3830 4500 2040 139 14 0
1932 1
1933 -1 -1 525 8 0 5 2 0 2 0 25 4 0 1
1934 -1 -1 524 8 0 22 0 0 11 0 1 1 0 262 -4605 -5120 -2155 6835 26 131 -407 847 -2811 3972 3 0
1935 0
1936 1
1937 -1 -1 523 8 0 5 2 1 6 15 0 37 1 0
1938 0
1939 1
1940 -1 -1 2091 8 0 4 10 2 10 19 0 0 8 1
1941 -1 -1 2090 8 0 3 0 14 15 3 1 0 0 1045 -994 4453 2101 -277 2 0
1942 1
1943 -1 -1 2089 8 0 3 3 5 23 5 10 11 4 1
1944 -1 -1 2088 8 0 18 1 2 30 0 12 0 1 1044 4414 2840 1023 -3962 23 522 174 2927 -3133 -7816 153 261 968 3358 4094 4250 275 0
1945 1
1946 -1 -1 521 8 0 3 9 10 22 0 1 3 0 0
1947 1
1948 -1 -1 1041 8 0 5 0 0 0 3 0 1 0 0
1949 1
1950 -1 -1 2081 8 0 24 0 1 41 0 3 0 0 0
1951 1
1952 -1 -1 4161 8 0 0 0 7 3 0 3 0 0 1
1953 -1 -1 4160 8 0 24 0 0 50 0 67 0 0 2080 2857 5483 -1480 3834 16 1040 1170 2744 4053 -6567 25 520 4782 4488 -249 -2217 55 260 1752 626 4622 -7996 56 130 2649 -5627 936 -4990 0 65 2471 81 3418 -5957 397 0
1954 0
1955 0
1956 1
1957 -1 -1 519 8 0 8 0 0 9 0 29 0 4 0
1958 1
1959 -1 -1 1037 8 0 13 0 0 10 0 0 6 3 1
1960 -1 -1 1036 8 0 49 1 0 2 0 4 0 0 518 -3819 -2678 2826 2308 208 259 4060 -5754 -2663 -6686 16 0
1961 0
1962 1
1963 -1 -1 1035 8 0 1 6 1 3 1 0 0 40 1
1964 -1 -1 1034 8 0 1 12 5 16 0 3 1 4 517 -1808 1658 -4535 -6489 235 0
1965 1
1966 -1 -1 1033 8 0 33 0 3 10 0 2 0 4 0
1967 1
1968 -1 -1 2065 8 0 7 0 0 0 0 1 0 0 0
1969 1
1970 -1 -1 4129 8 0 5 0 1 0 0 0 2 0 1
1971 -1 -1 4128 8 0 9 2 0 101 0 6 1 1 2064 -2152 4960 497 6718 344 1032 -3822 4716 441 -7844 388 516 225 -7595 3844 6817 389 258 -1805 240 1290 -640 37 129 -3939 -5486 4315 5804 372 0
1972 0
1973 0
1974 0
1975 1
1976 -1 -1 2063 8 0 30 0 0 4 0 5 0 1 0
1977 1
1978 -1 -1 4125 8 0 2 0 0 2 0 44 0 0 1
1979 -1 -1 4124 8 0 86 0 0 4 0 152 0 0 2062 -4911 -4656 3410 -7673 87 1031 446 934 3426 -1687 11 1
1980 -1 -1 1030 8 0 42 0 0 10 0 0 0 2 515 -4572 -7931 230 -799 30 0
1981 0
1982 1
1983 -1 -1 2059 8 0 30 1 0 0 0 18 0 0 0
1984 1
1985 -1 -1 4117 8 0 1 0 0 10 0 0 0 0 1
1986 -1 -1 4116 8 0 14 0 0 13 0 58 0 0 2058 420 -6502 -3801 5117 219 1029 3577 -7832 -2952 1941 395 0
1987 0
1988 1
1989 -1 -1 4115 8 0 1 0 0 16 0 0 0 0 1
1990 -1 -1 4114 8 0 321 0 0 17 0 10 0 4 2057 -4958 -5373 -404 493 67 0
1991 1
1992 -1 -1 4113 8 0 88 0 0 7 0 20 0 0 1
1993 -1 -1 4112 8 0 28 2 0 28 0 51 0 0 2056 -4036 3631 -3774 7711 10 1028 -692 -6030 4980 5552 40 514 -3062 -7867 4774 7186 123 257 -2786 2887 3874 706 11 0
1994 0
1995 0
1996 1
1997 -1 -1 2055 8 0 12 1 0 12 8 1 0 0 0
1998 1
1999 -1 -1 4109 8 0 4 1 0 2 0 0 0 0 1
2000 -1 -1 4108 8 0 3 0 64 2 0 0 0 0 2054 3100 1578 2690 3173 8 1027 526 305 -2832 1928 7 0
2001 0
2002 1
2003 -1 -1 4107 8 0 83 0 0 24 0 15 4 0 1
2004 -1 -1 4106 8 0 12 1 0 11 1 41 4 0 2053 4308 -2054 -4461 -7273 394 0
2005 1
2006 -1 -1 4105 8 0 11 0 13 8 0 0 0 0 1
2007 -1 -1 4104 8 0 316 5 0 190 0 9 0 0 2052 -2461 -3929 2141 2739 30 1026 4883 -3065 -4131 -4622 350 513 2748 -4277 3081 3687 40 0
2008 0
2009 0
2010 1
2011 -1 -1 4103 8 0 0 0 0 13 0 2 0 2 1
2012 -1 -1 4102 8 0 150 0 2 22 0 26 0 0 2051 -3445 5891 990 -2102 24 0
2013 1
2014 -1 -1 4101 8 0 72 0 0 30 0 6 0 0 1
2015 -1 -1 4100 8 0 1351 2 0 43 0 10 0 0 2050 2885 7303 -4553 -6761 17 1025 -1290 -3210 4270 3647 27 0
2016 0
2017 1
2018 -1 -1 4099 8 0 3 0 0 10 0 40 0 0 1
2019 -1 -1 4098 8 0 14 3 3 23 0 6 0 4 2049 -2907 -7548 3303 -7534 1 0
2020 1
2021 -1 -1 4097 8 0 91 2 0 22 1 41 0 1 1
2022 -1 -1 4096 8 0 278 2 0 15 0 6 1 3 2048 4593 7623 3273 -3678 8 1024 -3105 6186 -4474 -6761 31 512 176 1972 3817 5500 1 256 722 -6961 -2771 -7212 5 128 -4277 -6505 1236 6111 42 64 -4397 2448 3147 6913 145 32 2755 7207 2946 -6036 19 16 -1040 -4568 -858 7183 69 8 -3763 4970 -1287 -1793 18 4 -1855 6812 -3997 4522 0 2 889 -412 -719 -5738 139 1 793 -449 3564 -139 144 1 1
