22 serialization::archive 15 0 0 4 0 1 0
0 0 0 0
1 0
2 0
3 0
4 0
5 0
6 0
7 1 1 0
8 -1 -1 511 8 0 0 1 12 0 10 0 0 0 1
9 -1 -1 510 8 0 8 43 0 0 0 0 6 7 255 0 0 -2773 5675 -1364 6290 1 1
10 -1 -1 254 8 0 10 3 0 18 0 0 0 0 127 -2126 1455 4045 -1956 280 0
11 1
12 -1 -1 253 8 0 7 15 1 2 0 1 7 3 0
13 1
14 -1 -1 505 8 0 12 1 30 10 0 1 0 5 0
15 1
16 -1 -1 1009 8 0 1 0 26 1 0 0 6 0 0
17 0
18 1
19 -1 -1 4035 8 0 0 0 0 0 2 0 0 0 0
20 1
21 -1 -1 8069 8 0 3 0 0 0 0 0 0 0 1
22 -1 -1 8068 8 0 4 0 0 0 0 0 0 88 4034 -4150 -3170 2561 -1284 19 2017 -3646 6419 154 4288 391 1
23 -1 -1 2016 8 0 3 0 5 2 0 0 9 20 1008 1005 -894 -2533 -5018 7 504 -1304 7191 -646 3629 9 252 4509 95 -4865 -2474 44 126 4717 2836 4294 -4347 22 63 -4667 1060 4891 3871 8 0
24 1
25 -1 -1 125 8 0 5 12 0 2 4 1 0 4 0
26 0
27 1
28 -1 -1 499 8 0 0 0 0 0 0 0 0 28 1
29 -1 -1 498 8 0 34 0 0 0 2 0 0 9 249 -3242 -5493 4284 2312 163 0
30 0
31 1
32 -1 -1 995 8 0 0 0 0 0 0 0 1 17 0
33 1
34 -1 -1 1989 8 0 6 0 0 0 0 0 0 0 0
35 1
36 -1 -1 3977 8 0 3 0 0 0 0 1 3 0 0
37 1
38 -1 -1 7953 8 0 0 0 0 0 0 0 4 1 1
39 -1 -1 7952 8 0 0 0 0 0 0 0 65 0 3976 3675 -4000 -2554 -140 140 1988 2775 7156 -3096 -5469 78 994 -4298 -4576 1948 -4168 226 497 4899 -6384 -884 1474 399 0
40 1
41 -1 -1 993 8 0 11 0 0 1 0 0 0 16 1
42 -1 -1 992 8 0 28 0 0 2 0 0 12 2 496 2997 -4821 4534 6336 19 248 4783 -3927 3795 -201 56 124 -2249 -3259 -4869 3623 171 62 -4639 5356 2257 -1476 37 31 -323 3976 -3647 -7509 45 0
43 0
44 1
45 -1 -1 123 8 0 42 0 0 16 4 0 0 0 0
46 1
47 -1 -1 245 8 0 6 2 24 2 1 0 0 2 1
48 -1 -1 244 8 0 18 19 0 6 2 0 0 6 122 -1867 -2874 2130 -2091 4 61 4169 2407 -4344 5044 9 0
49 0
50 1
51 -1 -1 243 8 0 0 6 0 17 4 5 0 0 0
52 1
53 -1 -1 485 8 0 0 16 2 9 9 0 0 8 0
54 1
55 -1 -1 969 8 0 3 10 4 1 0 0 0 1 0
56 1
57 -1 -1 1937 8 0 0 0 0 0 0 0 0 2 0
58 1
59 -1 -1 3873 8 0 0 0 0 1 0 0 0 1 0
60 1
61 -1 -1 7745 8 0 0 2 0 2 0 0 0 0 1
62 -1 -1 7744 8 0 0 126 0 0 0 0 0 0 3872 -4536 -5430 1561 6160 160 1936 3703 3917 -3504 -1694 317 968 -176 -5858 948 7298 257 484 2441 3916 -893 7177 13 242 -729 4008 916 2620 7 121 4718 5339 4446 -5294 3 0
63 0
64 0
65 0
66 1
67 -1 -1 1935 8 0 1 0 0 0 3 0 0 0 0
68 1
69 -1 -1 3869 8 0 2 0 0 1 0 0 0 9 0
70 1
71 -1 -1 7737 8 0 0 0 0 0 0 0 0 2 1
72 -1 -1 7736 8 0 0 0 0 0 0 0 0 92 3868 2250 -5658 3753 -7908 388 1934 2587 3028 -1201 4421 5 967 795 4994 -2063 65 29 0
73 1
74 -1 -1 1933 8 0 0 0 13 2 0 3 0 4 0
75 1
76 -1 -1 3865 8 0 6 10 0 1 0 0 0 0 0
77 1
78 -1 -1 7729 8 0 19 1 0 1 0 0 0 11 1
79 -1 -1 7728 8 0 7 17 0 15 0 0 0 68 3864 -326 5345 -60 7612 1 1932 -2822 -2317 -4748 7082 18 966 1885 5395 -4567 2467 27 483 -3549 -173 -1432 1958 7 1
80 -1 -1 482 8 0 10 44 0 5 2 0 0 8 241 -1488 1684 -4846 -4082 11 0
81 1
82 -1 -1 481 8 0 9 0 0 3 26 0 1 0 1
83 -1 -1 480 8 0 16 13 0 1 1 5 0 1 240 -842 7247 2467 -4167 137 120 -2811 7541 -4976 -6470 23 60 -4885 7149 -2775 1157 17 30 2902 2012 -2696 5868 8 15 4106 -4214 -4943 3520 0 0
84 0
85 0
86 0
87 0
88 0
89 0
90 1
91 -1 -1 1919 8 0 0 0 0 1 2 0 0 0 1
92 -1 -1 1918 8 0 0 0 0 2 0 65 0 0 959 4195 5105 -467 2474 345 1
93 -1 -1 958 8 0 7 0 0 0 0 1 0 0 479 4101 -2374 -4261 -2626 99 1
94 -1 -1 478 8 0 21 5 2 6 2 2 0 0 239 3972 -2580 2325 234 11 0
95 0
96 0
97 0
98 1
99 -1 -1 3823 8 0 47 9 4 0 0 0 0 0 1
100 -1 -1 3822 8 0 1 0 6 0 0 0 0 5 1911 683 7955 -2769 395 345 1
101 -1 -1 1910 8 0 3 0 0 1 18 0 0 8 955 2519 5369 2052 849 17 0
102 0
103 1
104 -1 -1 3819 8 0 5 0 11 1 0 0 0 0 0
105 1
106 -1 -1 7637 8 0 13 0 0 28 0 0 0 0 1
107 -1 -1 7636 8 0 180 0 6 33 0 3 0 0 3818 -4641 -288 -2323 4587 28 1909 -1137 -2862 1594 4357 140 0
108 0
109 1
110 -1 -1 7635 8 0 91 8 10 26 1 0 0 2 1
111 -1 -1 7634 8 0 43 23 33 14 4 14 0 7 3817 -4651 1639 -2553 -5805 53 0
112 1
113 -1 -1 7633 8 0 11 44 0 16 0 0 0 0 1
114 -1 -1 7632 8 0 36 1 0 18 1 0 0 0 3816 3564 -1183 4892 -6431 268 1908 425 -22 4759 -3259 3 954 4556 -236 4105 5652 10 477 2496 7374 -17 881 5 1
115 -1 -1 476 8 0 9 1 3 0 3 45 0 0 238 472 75 -2257 -7071 77 119 4036 -5792 3806 7427 76 0
116 0
117 0
118 1
119 -1 -1 951 8 0 3 0 5 3 0 4 40 0 0
120 0
121 1
122 -1 -1 3803 8 0 7 0 0 1 2 0 3 0 0
123 1
124 -1 -1 7605 8 0 1 0 0 3 0 0 0 0 1
125 -1 -1 7604 8 0 5 0 0 4 78 0 0 0 3802 4135 2786 -1366 5559 239 1901 -2824 -4244 -2664 4396 0 1
126 -1 -1 1900 8 0 8 1 12 0 3 0 9 1 950 -1869 495 -2624 -4612 400 475 -3357 -2883 688 -1790 13 0
127 1
128 -1 -1 949 8 0 3 23 38 0 0 0 0 0 1
129 -1 -1 948 8 0 10 0 2 14 2 0 0 0 474 -214 -853 2562 -3890 17 237 -2769 3065 833 -6818 372 0
130 0
131 1
132 -1 -1 947 8 0 1 0 0 4 0 3 19 0 0
133 1
134 -1 -1 1893 8 0 0 0 0 1 3 0 0 5 0
135 1
136 -1 -1 3785 8 0 2 0 3 15 0 0 0 0 1
137 -1 -1 3784 8 0 13 1 6 7 0 41 0 0 1892 3899 2157 4073 -103 5 946 -2555 5454 2351 5389 397 473 4116 900 -1950 3469 37 0
138 0
139 0
140 1
141 -1 -1 3783 8 0 14 0 0 11 0 1 0 0 1
142 -1 -1 3782 8 0 8 0 10 8 27 3 0 0 1891 -1073 -144 -3876 5698 14 0
143 0
144 1
145 -1 -1 7563 8 0 4 0 0 17 8 0 0 0 1
146 -1 -1 7562 8 0 3 0 29 23 0 27 0 0 3781 -4402 1884 -2982 6231 3 0
147 1
148 -1 -1 7561 8 0 5 0 106 6 2 0 0 0 1
149 -1 -1 7560 8 0 12 0 26 25 0 0 0 0 3780 -704 -1927 -4110 1905 9 1890 -4549 -1883 702 -3873 4 945 3857 -1236 -3950 4517 22 0
150 1
151 -1 -1 1889 8 0 0 0 25 1 2 0 1 0 0
152 1
153 -1 -1 3777 8 0 2 2 1 1 29 0 0 4 0
154 1
155 -1 -1 7553 8 0 36 0 0 14 0 2 0 0 1
156 -1 -1 7552 8 0 5 4 3 8 1 0 0 5 3776 4426 826 3252 4043 1 1888 -219 3654 1692 4574 125 944 4708 6554 -3427 7522 278 472 2823 4849 3005 -6945 370 236 -36 1682 -3650 5519 21 118 4891 4725 -789 5419 42 59 465 3611 4646 7987 0 0
157 0
158 0
159 1
160 -1 -1 471 8 0 5 0 0 2 0 4 0 40 0
161 1
162 -1 -1 941 8 0 8 0 0 18 0 31 0 0 1
163 -1 -1 940 8 0 6 0 0 4 15 1 0 4 470 3068 -6397 -2880 -1650 287 235 578 5404 4843 7484 30 0
164 0
165 0
166 1
167 -1 -1 1879 8 0 21 10 5 8 1 2 0 6 1
168 -1 -1 1878 8 0 0 26 0 5 1 0 0 0 939 -4181 2637 -1278 -537 0 0
169 1
170 -1 -1 1877 8 0 0 0 0 1 0 3 0 0 0
171 1
172 -1 -1 3753 8 0 45 0 0 2 0 0 0 0 1
173 -1 -1 3752 8 0 12 7 0 5 0 0 0 0 1876 4456 7493 -1605 4820 0 938 2731 -5578 -3389 -863 349 469 4932 4538 -1328 -166 22 0
174 0
175 1
176 -1 -1 1875 8 0 3 0 3 0 4 0 0 0 0
177 1
178 -1 -1 3749 8 0 8 0 0 3 0 0 0 53 1
179 -1 -1 3748 8 0 8 0 0 0 0 0 0 0 1874 463 637 -4413 1045 188 937 335 7114 474 2473 4 0
180 1
181 -1 -1 1873 8 0 2 5 15 2 0 1 0 0 0
182 0
183 1
184 -1 -1 7491 8 0 1 79 0 1 0 0 0 4 1
185 -1 -1 7490 8 0 0 8 0 4 1 0 0 15 3745 3785 7268 -1421 7542 398 1
186 -1 -1 3744 8 0 3 2 0 1 3 0 0 16 1872 -1331 422 365 -4655 35 936 -4353 6468 1099 -709 360 468 -595 -534 3270 5133 0 234 4343 142 -568 -7888 394 117 1679 -5681 -3123 -7475 3 0
187 0
188 0
189 1
190 -1 -1 935 8 0 0 1 0 0 64 0 0 0 1
191 -1 -1 934 8 0 11 0 0 4 13 0 5 0 467 4301 5532 1623 -2921 134 0
192 1
193 -1 -1 933 8 0 12 0 0 3 0 1 29 0 1
194 -1 -1 932 8 0 9 3 0 3 7 1 0 2 466 2325 2859 -935 -1349 5 233 3691 -4899 3275 7248 6 0
195 0
196 1
197 -1 -1 931 8 0 13 3 0 7 0 0 0 0 0
198 0
199 1
200 -1 -1 3723 8 0 0 0 0 0 3 0 49 0 1
201 -1 -1 3722 8 0 2 0 0 0 3 0 5 9 1861 4924 -6619 2526 3455 21 1
202 -1 -1 1860 8 0 7 0 5 5 0 0 0 6 930 -2217 1499 4011 -1487 0 465 923 -6668 680 7135 7 0
203 0
204 0
205 1
206 -1 -1 3719 8 0 6 21 0 0 0 0 0 0 0
207 1
208 -1 -1 7437 8 0 7 0 1 0 0 0 0 16 1
209 -1 -1 7436 8 0 82 0 0 0 0 2 10 3 3718 2985 3443 368 752 1 1859 -3397 -661 2350 3492 363 0
210 1
211 -1 -1 3717 8 0 19 1 0 0 25 0 0 2 1
212 -1 -1 3716 8 0 15 2 9 0 1 0 0 39 1858 -559 672 819 7038 22 929 87 1673 -2156 6190 400 0
213 0
214 1
215 -1 -1 3715 8 0 5 0 17 4 0 0 0 26 0
216 1
217 -1 -1 7429 8 0 9 0 16 9 1 0 0 2 1
218 -1 -1 7428 8 0 79 0 1 1 8 0 3 3 3714 4876 -356 4121 5894 397 1857 4370 -1581 1857 -2838 4 0
219 1
220 -1 -1 3713 8 0 19 3 10 3 0 0 0 1 0
221 1
222 -1 -1 7425 8 0 16 0 1 3 0 23 0 0 1
223 -1 -1 7424 8 0 146 0 0 9 0 8 0 0 3712 304 287 457 2463 11 1856 2548 -3351 3513 -7329 352 928 1331 -2263 -212 5452 322 464 305 1428 3823 -3866 129 232 4812 2060 -468 278 8 116 4327 5342 -317 864 4 58 3394 5161 4723 -5750 15 29 -3626 5225 -2284 -6775 311 0
224 0
225 0
226 0
227 0
228 1
229 -1 -1 927 8 0 1 2 0 0 0 45 0 0 1
230 -1 -1 926 8 0 8 18 6 2 0 4 0 0 463 2620 6912 -2594 7161 32 1
231 -1 -1 462 8 0 3 2 1 3 0 0 0 42 231 214 1238 -4725 1586 2 0
232 1
233 -1 -1 461 8 0 1 1 51 0 0 0 0 0 0
234 0
235 1
236 -1 -1 1843 8 0 3 0 25 3 0 0 0 1 0
237 1
238 -1 -1 3685 8 0 1 0 12 2 0 0 0 1 0
239 1
240 -1 -1 7369 8 0 3 0 0 2 5 0 0 0 1
241 -1 -1 7368 8 0 2 0 0 0 2 0 0 59 3684 2082 -4474 -3785 3438 342 1842 -2456 1804 1121 3429 0 921 3432 4928 -1563 6368 5 0
242 1
243 -1 -1 1841 8 0 3 0 0 0 0 0 0 0 0
244 1
245 -1 -1 3681 8 0 0 0 0 1 0 0 2 0 0
246 1
247 -1 -1 7361 8 0 0 1 0 1 0 0 0 0 1
248 -1 -1 7360 8 0 0 1 1 0 0 0 0 79 3680 -4921 -2251 -773 -5173 188 1840 -1419 -6204 -1596 348 2 920 1970 -7446 4197 -2981 395 460 -1660 7815 -4204 2564 1 230 -2078 7956 -672 5101 19 115 -4490 1078 1176 -7045 382 0
249 1
250 -1 -1 229 8 0 0 2 33 6 0 0 6 0 0
251 0
252 0
253 1
254 -1 -1 1831 8 0 15 7 0 20 0 13 0 1 0
255 0
256 1
257 -1 -1 7323 8 0 0 2 21 7 0 0 0 7 1
258 -1 -1 7322 8 0 3 0 5 2 8 1 0 22 3661 3987 5032 -3746 -230 279 1
259 -1 -1 3660 8 0 13 0 9 7 4 6 0 0 1830 -241 5719 -2179 6379 3 915 4806 317 -3399 -3096 19 0
260 0
261 1
262 -1 -1 3659 8 0 5 28 1 11 3 1 0 2 0
263 1
264 -1 -1 7317 8 0 3 9 0 12 0 15 0 0 1
265 -1 -1 7316 8 0 0 0 0 1 1 41 0 0 3658 2836 7028 4829 2409 0 1829 -800 -1046 -4988 74 39 1
266 -1 -1 1828 8 0 7 3 4 2 0 12 11 5 914 2783 164 -2439 -3733 0 457 -2071 3965 -3412 -3451 176 0
267 1
268 -1 -1 913 8 0 29 2 0 1 0 0 0 1 0
269 1
270 -1 -1 1825 8 0 1 36 0 3 1 0 1 0 1
271 -1 -1 1824 8 0 8 6 0 4 4 2 1 15 912 482 5465 2237 -573 8 456 288 7345 -524 -1697 395 228 -587 4394 1694 -5329 4 114 4437 -4883 471 -643 348 57 2005 2191 4798 2236 400 0
272 0
273 0
274 1
275 -1 -1 455 8 0 4 9 2 12 5 32 0 2 1
276 -1 -1 454 8 0 5 6 13 9 9 2 0 16 227 1159 4787 -2473 -1314 3 0
277 1
278 -1 -1 453 8 0 9 0 16 2 8 1 0 0 0
279 1
280 -1 -1 905 8 0 11 6 0 9 0 0 20 1 0
281 1
282 -1 -1 1809 8 0 9 0 0 8 12 0 0 0 0
283 1
284 -1 -1 3617 8 0 13 0 1 1 0 0 0 0 1
285 -1 -1 3616 8 0 17 4 0 42 0 0 0 0 1808 886 1088 4306 3215 31 904 444 -3664 -4455 -1485 309 452 -2863 -512 -2413 -2996 252 226 4677 5189 2408 -940 195 113 1748 6523 4340 -3756 24 0
286 0
287 0
288 1
289 -1 -1 903 8 0 4 0 0 3 1 30 0 0 0
290 0
291 1
292 -1 -1 3611 8 0 1 0 0 0 0 2 0 2 0
293 1
294 -1 -1 7221 8 0 5 0 0 54 0 0 0 0 1
295 -1 -1 7220 8 0 0 0 0 8 0 3 0 0 3610 2634 7376 -993 -6487 20 1805 4726 2598 3830 -3159 40 1
296 -1 -1 1804 8 0 0 0 0 18 0 0 0 13 902 4808 -642 4251 -6535 1 451 1297 6907 2440 2052 29 0
297 1
298 -1 -1 901 8 0 6 2 0 14 0 4 0 12 0
299 1
300 -1 -1 1801 8 0 6 0 0 23 0 3 0 0 0
301 0
302 1
303 -1 -1 7203 8 0 6 2 0 14 0 1 0 0 1
304 -1 -1 7202 8 0 9 1 0 35 0 87 1 0 3601 117 7826 3526 -6928 147 0
305 1
306 -1 -1 7201 8 0 1 0 0 7 0 1 0 0 1
307 -1 -1 7200 8 0 15 0 0 10 0 153 0 0 3600 -1362 1567 -336 7956 6 1800 2967 6069 -1626 -525 4 900 1033 -7577 2771 3445 7 450 -1097 1845 -267 7818 8 225 4058 6811 1541 5032 5 0
308 0
309 1
310 -1 -1 899 8 0 0 0 0 3 0 0 13 0 0
311 1
312 -1 -1 1797 8 0 0 2 0 0 0 37 0 0 0
313 1
314 -1 -1 3593 8 0 1 3 2 1 2 0 0 1 0
315 1
316 -1 -1 7185 8 0 6 0 0 43 0 0 0 0 1
317 -1 -1 7184 8 0 5 0 0 19 0 21 0 0 3592 -2211 7909 836 -7564 249 1796 3600 6299 3895 -2737 288 898 2109 -3203 4954 -3493 24 449 3328 6786 -1428 1823 70 0
318 0
319 1
320 -1 -1 1795 8 0 6 0 0 0 3 0 4 1 0
321 1
322 -1 -1 3589 8 0 1 0 5 7 1 2 0 5 1
323 -1 -1 3588 8 0 6 0 0 42 2 1 0 0 1794 482 7358 -4169 4555 191 897 -2138 2453 -4706 7672 3 0
324 1
325 -1 -1 1793 8 0 3 0 0 0 3 12 0 8 0
326 0
327 1
328 -1 -1 7171 8 0 4 0 0 0 0 0 0 0 1
329 -1 -1 7170 8 0 0 0 0 2 0 0 0 103 3585 4201 -3301 -3128 4195 397 1
330 -1 -1 3584 8 0 4 0 0 3 0 0 0 0 1792 -600 -174 -4705 7202 398 896 1480 5063 4368 249 30 448 -4993 7446 -890 -7081 1 224 -3461 3421 3051 -419 9 112 4854 919 -4344 -908 394 56 4299 -2362 866 6128 0 28 1173 6022 4101 -2932 393 14 1443 3461 1514 6337 0 7 -2631 1664 4209 7862 359 0
331 0
332 0
333 0
334 0
335 0
336 0
337 1
338 -1 -1 895 8 0 1 0 0 0 0 0 0 0 0
339 1
340 -1 -1 1789 8 0 0 0 0 0 0 0 0 7 0
341 1
342 -1 -1 3577 8 0 0 0 0 0 0 0 0 42 1
343 -1 -1 3576 8 0 0 0 0 0 0 0 0 43 1788 -2448 7533 -2801 385 376 894 -3056 -2462 1419 3077 81 447 -3748 -7472 -4493 1403 258 1
344 -1 -1 446 8 0 0 0 3 1 0 0 0 0 223 -3909 6156 -4928 -6101 22 0
345 1
346 -1 -1 445 8 0 0 3 1 9 18 1 0 23 0
347 0
348 0
349 1
350 -1 -1 3559 8 0 2 0 2 0 0 0 3 0 0
351 1
352 -1 -1 7117 8 0 0 0 0 0 0 0 91 0 1
353 -1 -1 7116 8 0 0 0 0 2 0 0 7 0 3558 1391 -79 4559 1401 36 1779 575 -845 636 5612 0 1
354 -1 -1 1778 8 0 2 2 0 0 0 0 0 5 889 -1907 6891 -3115 -2610 0 1
355 -1 -1 888 8 0 0 0 5 5 0 1 0 13 444 921 3665 3574 -7625 382 222 -3288 -1256 2399 -2132 74 111 -2275 4529 101 -1851 24 0
356 1
357 -1 -1 221 8 0 3 0 28 0 0 1 0 16 0
358 0
359 1
360 -1 -1 883 8 0 2 3 9 1 0 0 6 0 1
361 -1 -1 882 8 0 0 0 0 2 0 0 48 0 441 -4514 7812 14 6613 400 0
362 1
363 -1 -1 881 8 0 2 1 32 1 0 0 0 0 1
364 -1 -1 880 8 0 0 41 0 0 0 0 0 0 440 -3174 4842 -4476 -6068 368 220 -1346 -2927 2242 6629 243 110 4660 -4491 -2872 2921 5 55 1100 5148 -1130 -6276 5 0
365 0
366 1
367 -1 -1 219 8 0 13 2 1 4 27 0 0 12 1
368 -1 -1 218 8 0 9 1 31 2 2 0 4 5 109 -668 -1834 -2514 -4459 387 0
369 0
370 0
371 1
372 -1 -1 871 8 0 3 0 17 0 0 0 0 3 0
373 1
374 -1 -1 1741 8 0 1 4 0 2 0 0 0 0 0
375 1
376 -1 -1 3481 8 0 0 0 3 0 0 0 0 0 0
377 1
378 -1 -1 6961 8 0 4 0 0 0 1 0 1 0 1
379 -1 -1 6960 8 0 1 0 1 0 0 0 0 63 3480 -4482 -1493 -1706 7013 323 1740 3610 5851 -4990 4324 381 870 -455 3410 -2865 -7482 333 435 4861 6257 -2101 -1731 98 1
380 -1 -1 434 8 0 1 0 0 8 0 1 2 0 217 3267 -6682 -1747 1476 0 0
381 0
382 1
383 -1 -1 867 8 0 4 25 1 5 1 0 0 0 1
384 -1 -1 866 8 0 13 3 1 8 3 0 25 4 433 -4944 6580 514 -808 17 0
385 0
386 1
387 -1 -1 1731 8 0 1 17 1 12 2 2 1 0 0
388 1
389 -1 -1 3461 8 0 1 0 14 0 0 1 0 0 0
390 1
391 -1 -1 6921 8 0 3 11 2 0 0 0 3 7 1
392 -1 -1 6920 8 0 3 58 2 0 0 0 0 1 3460 -3254 -2970 4509 7915 3 1730 4317 7201 -4873 -1103 365 865 1244 -6614 -1676 -6410 11 0
393 1
394 -1 -1 1729 8 0 32 0 0 0 0 2 0 3 0
395 1
396 -1 -1 3457 8 0 2 17 0 0 0 4 0 0 1
397 -1 -1 3456 8 0 8 9 18 11 0 0 0 19 1728 3770 6013 -345 5129 20 864 483 -2067 -2865 -3225 388 432 -2369 1412 2462 1670 9 216 3305 -3976 -909 -6209 353 108 4800 -7720 -4289 7631 346 54 3037 -273 1918 4501 387 27 288 1953 1465 -7944 212 0
398 0
399 0
400 0
401 1
402 -1 -1 431 8 0 2 59 0 0 0 0 0 7 0
403 1
404 -1 -1 861 8 0 1 16 0 0 0 0 0 3 0
405 1
406 -1 -1 1721 8 0 0 1 0 2 0 0 0 2 0
407 1
408 -1 -1 3441 8 0 0 0 0 0 0 0 0 2 0
409 1
410 -1 -1 6881 8 0 0 0 0 0 0 0 0 73 1
411 -1 -1 6880 8 0 0 0 0 0 0 0 0 20 3440 2656 3415 924 -6290 384 1720 4086 4333 2485 -1101 275 860 -3656 -1892 -4628 2396 371 430 4104 1213 1524 4685 398 215 3620 6166 1341 2025 16 0
412 1
413 -1 -1 429 8 0 10 4 27 5 0 7 1 0 0
414 1
415 -1 -1 857 8 0 2 3 0 5 0 7 3 7 0
416 1
417 -1 -1 1713 8 0 0 0 0 2 0 0 2 5 0
418 1
419 -1 -1 3425 8 0 1 0 1 0 1 0 0 0 0
420 1
421 -1 -1 6849 8 0 0 8 0 3 0 0 0 0 1
422 -1 -1 6848 8 0 0 129 0 0 0 0 0 0 3424 2631 -6155 -3525 -4240 27 1712 -1847 -1486 -3727 -4910 398 856 -4708 1332 4757 -272 10 428 -4965 -1631 2957 -5182 8 214 762 -2974 -445 5732 4 107 2797 514 -2125 3378 199 0
423 0
424 1
425 -1 -1 427 8 0 7 5 0 2 0 0 12 18 1
426 -1 -1 426 8 0 48 0 3 1 0 0 0 0 213 4877 1360 -1980 50 308 0
427 0
428 1
429 -1 -1 851 8 0 1 0 2 21 0 3 0 2 1
430 -1 -1 850 8 0 3 34 9 8 0 4 0 0 425 -1647 2502 4757 -5319 363 1
431 -1 -1 424 8 0 26 0 17 8 0 3 0 5 212 3368 1267 -1599 -4754 2 106 729 421 -252 -5289 400 53 4288 4447 1133 -481 8 0
432 0
433 0
434 1
435 -1 -1 423 8 0 7 0 3 7 0 3 41 1 0
436 1
437 -1 -1 845 8 0 13 0 0 3 0 36 0 3 1
438 -1 -1 844 8 0 27 0 0 10 0 2 3 0 422 4710 -1075 -3979 4299 41 211 4702 2760 1923 6253 26 0
439 0
440 1
441 -1 -1 843 8 0 2 4 23 0 1 1 0 0 1
442 -1 -1 842 8 0 8 0 0 0 47 0 0 7 421 -2657 -2496 -1986 -5040 12 0
443 1
444 -1 -1 841 8 0 2 3 24 8 0 6 1 0 0
445 1
446 -1 -1 1681 8 0 2 1 0 1 3 0 26 9 1
447 -1 -1 1680 8 0 14 0 4 10 5 1 7 0 840 4434 -406 -623 4292 12 420 -380 1382 -2751 -6009 379 210 -4723 7262 4864 -2396 264 105 1511 -4795 -2742 -5283 371 0
448 0
449 1
450 -1 -1 419 8 0 18 0 0 18 10 6 3 2 0
451 1
452 -1 -1 837 8 0 6 0 14 2 0 0 4 0 0
453 1
454 -1 -1 1673 8 0 1 6 29 3 1 1 0 7 0
455 1
456 -1 -1 3345 8 0 4 0 7 4 1 27 0 24 0
457 1
458 -1 -1 6689 8 0 0 0 0 5 0 3 0 0 1
459 -1 -1 6688 8 0 0 0 0 19 1 1 0 119 3344 486 2022 -1825 -2290 370 1672 -3369 -4268 1167 1704 0 836 -3064 7123 445 -481 52 418 3912 1773 -2715 7125 396 209 4509 3976 -3386 5476 394 0
460 0
461 0
462 1
463 -1 -1 1671 8 0 0 5 1 5 0 2 0 2 0
464 1
465 -1 -1 3341 8 0 0 0 0 7 0 2 0 0 0
466 1
467 -1 -1 6681 8 0 2 0 0 0 0 0 0 0 1
468 -1 -1 6680 8 0 1 0 0 0 0 79 0 0 3340 1618 6481 -4568 -5201 397 1670 3208 1559 -1336 2092 6 835 4006 1215 2971 -5402 21 0
469 1
470 -1 -1 1669 8 0 3 0 0 3 0 21 0 0 0
471 1
472 -1 -1 3337 8 0 2 0 0 1 0 3 0 2 0
473 1
474 -1 -1 6673 8 0 0 0 0 59 0 15 0 0 1
475 -1 -1 6672 8 0 1 0 0 50 0 0 0 1 3336 -583 -2961 -4518 -1086 3 1668 1123 -3068 -2949 -6175 384 834 -967 403 -165 5744 26 417 1637 1386 -4935 -1909 359 0
476 1
477 -1 -1 833 8 0 24 0 21 8 0 2 2 0 0
478 1
479 -1 -1 1665 8 0 3 0 0 15 0 35 0 0 0
480 1
481 -1 -1 3329 8 0 2 0 0 0 0 0 0 7 0
482 1
483 -1 -1 6657 8 0 3 0 0 11 0 5 1 2 1
484 -1 -1 6656 8 0 59 0 0 14 0 1 0 0 3328 3747 6895 1648 -1176 14 1664 2623 -1495 977 2241 339 832 -3633 -5729 4216 5333 78 416 -2042 6568 -1810 1237 52 208 838 2051 -3625 -7311 301 104 -452 -2876 -1838 6507 162 52 4397 2969 -3702 -7470 399 26 -312 -2561 4978 -5989 373 13 263 -1611 4420 2452 185 0
485 0
486 0
487 0
488 0
489 0
490 1
491 -1 -1 831 8 0 30 5 7 0 1 0 0 2 0
492 1
493 -1 -1 1661 8 0 2 0 7 1 0 0 0 0 0
494 0
495 1
496 -1 -1 6643 8 0 2 96 0 4 8 6 0 0 1
497 -1 -1 6642 8 0 2 0 0 1 0 0 0 11 3321 4927 3967 -3346 1500 5 0
498 1
499 -1 -1 6641 8 0 1 6 0 0 0 0 0 0 1
500 -1 -1 6640 8 0 0 204 0 0 0 0 0 0 3320 -4979 1206 -1198 -144 201 1660 752 292 4037 -6886 311 830 -4219 -5596 -4850 514 5 415 -303 283 -2522 -5998 397 0
501 1
502 -1 -1 829 8 0 0 0 1 1 7 36 3 2 0
503 1
504 -1 -1 1657 8 0 2 29 0 19 0 0 0 0 1
505 -1 -1 1656 8 0 1 0 14 6 0 3 0 12 828 803 -321 4649 -7238 374 414 -286 5174 -1222 4048 5 207 3648 7849 -4003 -4888 392 0
506 0
507 1
508 -1 -1 827 8 0 0 0 2 2 42 1 0 0 1
509 -1 -1 826 8 0 5 3 7 0 5 1 3 12 413 3071 4789 -4098 4941 30 0
510 1
511 -1 -1 825 8 0 0 0 0 0 1 0 0 46 1
512 -1 -1 824 8 0 5 9 9 4 0 0 4 14 412 -4861 1057 -315 1286 36 206 3629 4522 -1066 -2690 304 103 4410 6983 2000 -5782 358 0
513 0
514 0
515 1
516 -1 -1 823 8 0 1 35 0 5 5 0 1 1 0
517 1
518 -1 -1 1645 8 0 0 3 0 0 0 0 1 6 0
519 1
520 -1 -1 3289 8 0 0 0 67 0 0 1 0 0 1
521 -1 -1 3288 8 0 0 0 0 2 0 0 0 0 1644 -3422 7493 -2535 -4813 5 822 -4337 4241 -2354 -901 111 411 4187 -6090 -2686 -7651 67 0
522 0
523 1
524 -1 -1 1643 8 0 22 0 12 0 2 0 0 5 1
525 -1 -1 1642 8 0 9 0 0 5 15 0 4 2 821 -3258 6532 -2965 -3935 31 0
526 1
527 -1 -1 1641 8 0 0 9 32 0 3 0 19 0 0
528 0
529 1
530 -1 -1 6563 8 0 0 0 0 2 0 0 2 79 1
531 -1 -1 6562 8 0 0 9 2 2 1 0 0 2 3281 3616 2672 3507 -340 0 0
532 1
533 -1 -1 6561 8 0 1 5 9 2 0 0 25 49 1
534 -1 -1 6560 8 0 0 0 4 8 11 0 80 12 3280 -987 -194 -4375 -7708 222 1640 2203 5308 1174 3262 11 820 792 -635 2467 5177 356 410 -298 -94 249 -7588 389 205 624 -2709 -3572 3244 15 0
535 0
536 0
537 0
538 0
539 1
540 -1 -1 6559 8 0 0 0 0 0 0 1 0 9 1
541 -1 -1 6558 8 0 0 4 101 2 0 0 0 0 3279 -4215 1831 4451 4289 323 0
542 1
543 -1 -1 6557 8 0 0 99 2 0 4 0 1 0 1
544 -1 -1 6556 8 0 0 39 108 0 1 0 5 4 3278 -1608 3818 4123 -6023 274 1639 -741 878 4189 -3127 292 0
545 0
546 1
547 -1 -1 6555 8 0 0 31 0 0 1 0 0 58 1
548 -1 -1 6554 8 0 0 100 4 6 1 0 7 0 3277 -2089 6341 -747 1110 32 0
549 1
550 -1 -1 6553 8 0 3 7 41 2 0 0 0 0 1
551 -1 -1 6552 8 0 0 500 37 30 2 1 8 8 3276 -411 7910 -3673 -3957 367 1638 -4983 796 1511 -5500 295 819 1783 4497 -4971 3767 18 0
552 0
553 1
554 -1 -1 3275 8 0 0 0 0 14 0 4 2 0 0
555 1
556 -1 -1 6549 8 0 1 2 1 1 9 0 1 2 1
557 -1 -1 6548 8 0 0 94 6 3 0 0 0 0 3274 -2004 7672 1703 -242 5 1637 2737 7187 2843 -4510 331 0
558 0
559 1
560 -1 -1 6547 8 0 0 21 8 1 3 0 0 4 1
561 -1 -1 6546 8 0 0 0 25 12 64 0 7 5 3273 -3026 4520 -3975 510 193 0
562 1
563 -1 -1 6545 8 0 0 10 169 6 0 0 0 0 1
564 -1 -1 6544 8 0 2 1 52 29 20 4 0 3 3272 -1883 3856 -4197 -3015 252 1636 2749 145 -3184 2584 43 818 1642 673 523 -3176 295 409 -3991 -6106 4849 1747 0 0
565 0
566 0
567 0
568 1
569 -1 -1 6543 8 0 0 0 3 10 0 0 0 5 1
570 -1 -1 6542 8 0 1 0 0 4 103 0 0 0 3271 3039 2182 -3274 -5314 291 0
571 1
572 -1 -1 6541 8 0 0 21 0 6 7 0 15 3 1
573 -1 -1 6540 8 0 0 0 0 2 0 0 0 64 3270 3392 7216 -429 -6443 2 1635 271 -445 2010 -3034 261 0
574 0
575 1
576 -1 -1 6539 8 0 1 0 0 18 0 1 0 2 1
577 -1 -1 6538 8 0 1 49 2 11 0 1 0 0 3269 -2303 530 -1387 4696 7 0
578 1
579 -1 -1 6537 8 0 1 1 0 4 35 0 0 1 1
580 -1 -1 6536 8 0 2 79 258 20 23 0 0 1 3268 -4929 1797 1759 2944 13 1634 4309 7473 4858 -6897 335 817 -4591 3776 896 1821 9 0
581 0
582 1
583 -1 -1 3267 8 0 3 0 0 12 11 0 3 1 0
584 1
585 -1 -1 6533 8 0 0 0 0 0 0 0 127 0 1
586 -1 -1 6532 8 0 0 5 1 8 0 0 14 2 3266 2963 6803 4617 1632 177 1633 71 5410 -958 -6023 284 0
587 0
588 1
589 -1 -1 6531 8 0 0 0 0 2 0 0 43 0 1
590 -1 -1 6530 8 0 0 1 18 1 22 0 1 0 3265 4955 6373 -2095 6402 66 0
591 1
592 -1 -1 6529 8 0 8 1 61 28 17 5 1 0 1
593 -1 -1 6528 8 0 3 86 56 9 19 0 10 7 3264 -3845 -1032 -1607 -7361 12 1632 2828 -1037 -880 -7585 304 816 -4396 2648 2229 -6635 279 408 -2808 7086 -3412 -7511 288 204 -2196 7185 -3503 3074 11 102 -2229 7454 -659 -7512 378 51 4103 4779 -1116 -4918 364 0
594 0
595 0
596 1
597 -1 -1 407 8 0 1 0 10 2 0 0 30 0 0
598 1
599 -1 -1 813 8 0 0 4 4 0 28 0 0 0 0
600 1
601 -1 -1 1625 8 0 0 3 8 3 0 0 2 33 0
602 0
603 1
604 -1 -1 6499 8 0 0 2 4 0 0 0 0 2 1
605 -1 -1 6498 8 0 0 120 0 1 0 0 0 0 3249 -520 1581 185 -7284 290 0
606 1
607 -1 -1 6497 8 0 0 42 16 4 1 0 0 7 1
608 -1 -1 6496 8 0 0 4 0 2 7 0 1 10 3248 4324 -5267 -2465 2616 193 1624 1785 4179 463 -6186 227 812 3644 4639 1664 -6916 2 406 -3029 -4487 -227 -946 77 203 -3909 5893 133 -5944 362 0
609 0
610 1
611 -1 -1 811 8 0 0 6 0 9 0 8 0 0 1
612 -1 -1 810 8 0 2 2 30 6 1 0 2 7 405 -2143 -2480 -2499 4880 7 0
613 0
614 1
615 -1 -1 1619 8 0 0 3 1 8 1 0 10 4 0
616 0
617 1
618 -1 -1 6475 8 0 0 0 0 5 0 0 0 18 1
619 -1 -1 6474 8 0 0 0 0 0 0 0 1 183 3237 2708 2850 -433 -7014 240 1
620 -1 -1 3236 8 0 0 5 0 0 0 0 2 1 1618 -1938 916 -1589 -5549 229 809 -3046 4246 -1046 -5273 337 0
621 0
622 0
623 1
624 -1 -1 6471 8 0 0 0 1 0 0 0 1 1 1
625 -1 -1 6470 8 0 0 0 0 0 0 0 0 99 3235 -2554 7080 -382 2468 154 1
626 -1 -1 3234 8 0 1 3 0 13 0 0 0 20 1617 4151 -5509 -1908 2423 336 0
627 0
628 1
629 -1 -1 6467 8 0 0 0 5 1 0 0 0 0 1
630 -1 -1 6466 8 0 1 71 1 0 0 0 0 1 3233 35 4479 4530 4570 287 0
631 1
632 -1 -1 6465 8 0 0 13 1 3 8 0 0 0 1
633 -1 -1 6464 8 0 2 10 0 17 0 0 0 38 3232 964 970 -3001 -3220 205 1616 -2731 7028 -1597 -33 49 808 -4940 768 -1295 -6558 281 404 -1657 -1336 -4590 -5457 249 202 -4030 -7720 -3055 -2920 4 101 -1222 4529 -3676 1255 11 0
634 0
635 0
636 0
637 0
638 1
639 -1 -1 3231 8 0 7 3 0 6 0 0 0 8 0
640 1
641 -1 -1 6461 8 0 0 0 0 1 0 1 0 7 1
642 -1 -1 6460 8 0 0 0 272 6 7 0 0 1 3230 -854 6704 -4304 -3381 375 1615 2986 7549 -1783 580 374 0
643 1
644 -1 -1 3229 8 0 0 13 11 0 0 7 0 8 1
645 -1 -1 3228 8 0 1 0 2 6 24 0 9 11 1614 2509 -7326 4649 5066 192 807 2285 7797 -990 -901 60 0
646 0
647 0
648 1
649 -1 -1 6455 8 0 1 0 0 6 3 0 0 104 1
650 -1 -1 6454 8 0 0 3 1 8 88 2 2 22 3227 530 -998 -1722 -5951 293 0
651 1
652 -1 -1 6453 8 0 1 3 1 12 3 1 6 99 1
653 -1 -1 6452 8 0 3 1 44 3 2 1 11 29 3226 -4381 7825 192 4684 0 1613 -3588 6012 -2226 1594 36 0
654 1
655 -1 -1 3225 8 0 0 0 0 1 49 0 4 0 0
656 1
657 -1 -1 6449 8 0 0 24 1 3 0 0 2 3 1
658 -1 -1 6448 8 0 0 7 39 26 26 1 1 16 3224 -1091 3885 3336 860 248 1612 -511 -1415 -3253 -1535 267 806 4394 5498 -791 -1712 40 403 4389 -7676 -2746 -1631 336 0
659 0
660 0
661 1
662 -1 -1 3223 8 0 1 0 2 3 0 8 1 4 0
663 1
664 -1 -1 6445 8 0 1 0 2 1 0 0 1 0 1
665 -1 -1 6444 8 0 0 0 0 4 0 2 0 225 3222 3130 2129 1510 4989 288 1611 700 6218 -894 -915 269 0
666 1
667 -1 -1 3221 8 0 4 6 0 3 22 0 6 0 0
668 1
669 -1 -1 6441 8 0 0 0 0 0 0 0 0 37 1
670 -1 -1 6440 8 0 0 14 5 28 0 3 1 9 3220 4209 -6520 -5000 3885 389 1610 -841 7559 -3861 489 270 805 3332 -3643 -2635 -7051 304 0
671 1
672 -1 -1 1609 8 0 3 2 0 0 0 3 35 8 0
673 0
674 1
675 -1 -1 6435 8 0 4 0 1 3 5 21 9 20 1
676 -1 -1 6434 8 0 5 5 6 113 0 69 3 14 3217 4647 7725 -4998 5824 312 0
677 1
678 -1 -1 6433 8 0 2 0 0 12 12 1 0 0 1
679 -1 -1 6432 8 0 5 24 0 11 3 3 0 16 3216 4597 1888 -4867 -3743 187 1608 2641 6030 -1555 -6057 202 804 -4700 992 1971 3310 194 402 2706 2451 -2954 4718 57 201 -896 6572 406 -583 16 0
680 0
681 0
682 1
683 -1 -1 1607 8 0 7 0 0 1 0 1 0 0 0
684 1
685 -1 -1 3213 8 0 0 0 0 5 0 3 0 0 0
686 1
687 -1 -1 6425 8 0 0 0 0 1 0 0 81 1 1
688 -1 -1 6424 8 0 0 0 0 4 0 1 2 0 3212 1260 6643 -4768 -7788 269 1606 -542 1358 441 7330 1 803 470 328 3256 -7263 386 0
689 1
690 -1 -1 1605 8 0 1 2 0 4 0 2 15 6 1
691 -1 -1 1604 8 0 3 25 12 16 0 1 0 1 802 -203 7818 -1605 -193 175 401 3431 -1872 -4885 1452 372 0
692 0
693 1
694 -1 -1 1603 8 0 2 36 7 3 2 0 0 11 0
695 0
696 1
697 -1 -1 6411 8 0 0 2 6 0 19 0 0 0 1
698 -1 -1 6410 8 0 0 3 114 5 9 0 0 0 3205 4499 -148 -2622 2869 141 0
699 1
700 -1 -1 6409 8 0 2 2 0 1 0 0 0 15 1
701 -1 -1 6408 8 0 4 2 132 15 0 1 0 3 3204 -240 7106 2213 -4998 355 1602 4547 6350 -4088 2331 289 801 1161 3380 1968 -5539 323 0
702 0
703 0
704 1
705 -1 -1 6407 8 0 2 8 67 10 0 0 0 2 1
706 -1 -1 6406 8 0 2 4 126 40 206 0 2 13 3203 2388 3495 3607 -6601 327 0
707 1
708 -1 -1 6405 8 0 2 1 6 24 9 0 41 6 1
709 -1 -1 6404 8 0 4 19 8 49 146 4 3 58 3202 242 6360 -4061 -4683 253 1601 4119 6613 1870 -7453 262 0
710 1
711 -1 -1 3201 8 0 11 0 0 0 0 0 23 10 0
712 1
713 -1 -1 6401 8 0 5 118 41 72 6 3 1 2 1
714 -1 -1 6400 8 0 10 87 145 58 102 3 9 35 3200 -434 3267 135 7671 2 1600 -46 4513 3131 -5744 394 800 4162 6857 3165 1718 8 400 3737 5134 4883 -1801 253 200 4810 -2317 -1522 -7357 367 100 4884 -6162 -2443 -922 17 50 -4779 3884 4774 5220 189 25 -2224 7930 4928 -3596 250 0
715 0
716 0
717 1
718 -1 -1 199 8 0 6 38 2 2 0 4 0 0 0
719 0
720 1
721 -1 -1 795 8 0 1 1 0 2 0 0 0 52 1
722 -1 -1 794 8 0 10 0 5 0 0 0 0 0 397 2642 6483 -2286 -7534 312 1
723 -1 -1 396 8 0 9 5 0 4 2 10 0 0 198 -482 913 1550 -2508 13 99 3250 6863 1648 1585 11 0
724 0
725 0
726 1
727 -1 -1 791 8 0 22 0 6 3 0 0 0 4 1
728 -1 -1 790 8 0 16 0 0 0 0 0 16 5 395 4328 -7653 -2801 5260 5 1
729 -1 -1 394 8 0 5 6 0 1 39 0 2 12 197 -139 423 -528 -5699 400 0
730 0
731 0
732 1
733 -1 -1 1575 8 0 4 0 0 0 0 0 0 0 0
734 1
735 -1 -1 3149 8 0 3 0 0 0 0 0 0 0 0
736 1
737 -1 -1 6297 8 0 3 0 0 0 0 0 0 0 1
738 -1 -1 6296 8 0 74 0 0 0 0 0 0 0 3148 -4453 -7322 -1926 3805 393 1574 3576 7251 -1354 3823 394 787 3132 3670 62 2613 395 1
739 -1 -1 786 8 0 7 10 0 0 0 0 0 0 393 4474 -5852 -2675 2128 0 0
740 1
741 -1 -1 785 8 0 3 8 1 0 0 0 16 0 1
742 -1 -1 784 8 0 42 1 4 1 0 4 4 7 392 2914 7990 -1861 2455 27 196 -684 568 -3569 5920 395 98 3551 121 -191 7340 71 49 3183 3909 4066 -4165 5 0
743 0
744 0
745 0
746 1
747 -1 -1 783 8 0 1 13 0 11 0 0 2 2 0
748 1
749 -1 -1 1565 8 0 0 1 21 2 0 0 31 6 0
750 1
751 -1 -1 3129 8 0 0 0 1 2 26 0 2 0 0
752 1
753 -1 -1 6257 8 0 0 0 0 2 11 0 6 1 1
754 -1 -1 6256 8 0 0 1 4 2 8 0 318 0 3128 -705 -3213 -3817 3096 62 1564 5 -7571 -1818 -5851 298 782 2898 3389 1365 5379 291 391 1483 -3324 -282 -7417 278 0
755 1
756 -1 -1 781 8 0 1 47 0 0 0 0 0 4 0
757 0
758 1
759 -1 -1 3123 8 0 0 0 10 1 0 0 0 11 1
760 -1 -1 3122 8 0 2 46 9 2 0 0 6 0 1561 4312 1607 95 -3324 350 0
761 0
762 1
763 -1 -1 6243 8 0 2 0 0 1 0 2 2 4 1
764 -1 -1 6242 8 0 0 0 0 2 80 0 0 3 3121 3029 -4144 4155 6827 365 0
765 1
766 -1 -1 6241 8 0 0 19 0 1 5 0 62 3 1
767 -1 -1 6240 8 0 0 21 26 2 151 1 51 1 3120 4307 -4277 -4255 -6076 269 1560 4574 -2803 2826 4157 329 780 4888 4399 -4008 2251 307 390 -828 5109 1909 -6549 227 195 4943 -152 -2969 -6898 55 0
768 0
769 0
770 1
771 -1 -1 1559 8 0 0 0 0 2 0 0 51 0 1
772 -1 -1 1558 8 0 1 3 1 1 1 0 4 23 779 -692 -164 2827 -7185 266 0
773 0
774 1
775 -1 -1 3115 8 0 0 15 0 0 0 0 0 0 0
776 1
777 -1 -1 6229 8 0 0 0 0 0 7 0 0 3 1
778 -1 -1 6228 8 0 1 0 1 14 0 0 0 77 3114 4153 3264 -2322 1476 273 1557 -4561 -1609 -2988 4008 57 0
779 0
780 1
781 -1 -1 6227 8 0 0 30 8 0 0 0 0 3 1
782 -1 -1 6226 8 0 0 1 1 1 0 0 0 38 3113 4895 7615 151 -279 20 0
783 1
784 -1 -1 6225 8 0 1 0 89 1 15 0 0 1 1
785 -1 -1 6224 8 0 1 27 66 28 48 0 17 43 3112 4061 913 875 -5425 278 1556 3298 1453 1490 -7589 302 778 -4827 6437 -1946 -1309 9 389 2149 -778 4531 7457 24 0
786 0
787 0
788 0
789 1
790 -1 -1 6223 8 0 3 22 3 3 1 0 19 0 1
791 -1 -1 6222 8 0 0 0 0 11 6 0 57 6 3111 2759 -5557 -4756 -1775 289 0
792 1
793 -1 -1 6221 8 0 0 0 16 2 1 0 33 6 1
794 -1 -1 6220 8 0 0 12 44 13 16 0 2 12 3110 2707 -1057 -1699 -2411 299 1555 2721 189 1516 -7317 22 0
795 0
796 1
797 -1 -1 6219 8 0 0 1 0 9 3 0 0 5 1
798 -1 -1 6218 8 0 0 4 27 3 41 0 1 0 3109 2476 -1057 1884 -4757 15 0
799 1
800 -1 -1 6217 8 0 0 58 2 3 1 0 0 0 1
801 -1 -1 6216 8 0 0 9 1 4 2 0 0 27 3108 3880 -2933 -2777 -2777 198 1554 -139 -553 -4306 2138 196 777 948 -969 -1609 5199 231 0
802 0
803 1
804 -1 -1 3107 8 0 3 7 5 2 0 0 3 7 0
805 1
806 -1 -1 6213 8 0 0 0 0 2 42 0 16 0 1
807 -1 -1 6212 8 0 0 2 13 7 42 2 283 6 3106 3846 -7919 4384 -138 5 1553 2739 -3035 -3457 -2437 326 0
808 0
809 1
810 -1 -1 6211 8 0 0 1 7 1 2 0 57 57 1
811 -1 -1 6210 8 0 0 6 0 0 12 0 4 138 3105 3719 -1029 55 813 9 0
812 1
813 -1 -1 6209 8 0 1 6 1 14 11 0 1 1 1
814 -1 -1 6208 8 0 3 3 18 4 3 0 248 16 3104 4011 -7925 2574 5276 24 1552 2944 -2164 -2443 -3896 180 776 2713 -166 -4221 -6682 258 388 2004 -5624 -2807 4685 35 194 4614 7524 -3605 916 10 97 -669 1091 4089 7269 255 0
815 0
816 0
817 0
818 1
819 -1 -1 1551 8 0 0 22 0 0 0 0 0 14 1
820 -1 -1 1550 8 0 0 2 27 2 0 0 10 0 775 -1924 152 -1295 6583 266 0
821 0
822 0
823 1
824 -1 -1 6199 8 0 0 1 2 3 0 0 158 3 1
825 -1 -1 6198 8 0 0 0 0 1 0 0 7 23 3099 4156 4050 4224 -2686 11 1
826 -1 -1 3098 8 0 2 0 2 6 0 0 5 11 1549 2638 4962 1739 -4714 20 0
827 0
828 1
829 -1 -1 6195 8 0 0 0 2 7 0 0 0 1 1
830 -1 -1 6194 8 0 0 1 0 2 0 0 1 90 3097 -370 6795 -3372 -3546 309 1
831 -1 -1 3096 8 0 1 0 0 1 0 0 5 0 1548 -2293 -1263 -3656 -2691 0 774 2738 3411 -348 -727 3 387 -4322 -3688 -10 1145 8 0
832 0
833 0
834 0
835 1
836 -1 -1 6191 8 0 0 0 0 0 2 0 0 0 1
837 -1 -1 6190 8 0 0 129 0 1 0 0 0 1 3095 4847 -3384 -2170 -6509 55 0
838 1
839 -1 -1 6189 8 0 0 14 0 0 0 0 0 1 1
840 -1 -1 6188 8 0 0 4 0 1 1 0 1 50 3094 -88 3254 -2243 -380 380 1547 4158 6213 -194 2938 21 0
841 1
842 -1 -1 3093 8 0 0 0 0 1 25 0 6 0 0
843 1
844 -1 -1 6185 8 0 0 18 4 3 0 0 0 1 1
845 -1 -1 6184 8 0 0 7 0 0 3 6 28 13 3092 3033 -2053 -3636 -7179 40 1546 245 -2460 2417 -6418 335 773 4424 4766 3119 -3053 361 0
846 0
847 1
848 -1 -1 3091 8 0 0 18 0 0 0 0 0 0 0
849 1
850 -1 -1 6181 8 0 0 0 9 1 0 0 0 60 1
851 -1 -1 6180 8 0 0 20 0 2 4 0 4 44 3090 1549 -2663 4995 -268 273 1545 -3598 -4167 -204 2241 255 0
852 1
853 -1 -1 3089 8 0 1 31 2 1 2 0 0 0 0
854 1
855 -1 -1 6177 8 0 0 8 32 3 18 3 17 48 1
856 -1 -1 6176 8 0 0 0 27 34 15 0 0 4 3088 -2108 7901 -3260 -1548 0 1544 -4433 6015 -2837 6044 219 772 -1378 557 4465 -1636 255 386 1441 2137 -2728 2873 342 193 4979 -4258 -4720 -2170 265 0
857 0
858 0
859 0
860 1
861 -1 -1 3087 8 0 0 0 0 11 0 0 0 0 0
862 1
863 -1 -1 6173 8 0 0 0 0 0 0 2 0 0 1
864 -1 -1 6172 8 0 0 112 0 0 0 0 0 0 3086 4822 -2108 -2867 -275 320 1543 654 -5290 3837 -3526 9 0
865 1
866 -1 -1 3085 8 0 2 21 0 2 0 0 1 0 0
867 1
868 -1 -1 6169 8 0 1 2 0 4 0 1 0 0 1
869 -1 -1 6168 8 0 0 2 74 0 0 0 0 0 3084 -1229 -3946 4641 3829 2 1542 -4955 1912 4432 -3780 399 771 -251 221 -1347 -4983 228 0
870 0
871 0
872 1
873 -1 -1 6167 8 0 3 0 0 0 17 1 0 0 1
874 -1 -1 6166 8 0 1 4 34 13 6 1 6 51 3083 -3091 -1859 3971 -1136 387 0
875 1
876 -1 -1 6165 8 0 11 46 10 18 2 1 63 1 1
877 -1 -1 6164 8 0 11 30 67 39 7 14 23 25 3082 -2372 -2186 1564 -1989 205 1541 718 -4892 3628 -723 157 0
878 0
879 1
880 -1 -1 6163 8 0 0 35 121 48 194 3 31 43 1
881 -1 -1 6162 8 0 3 249 90 77 67 3 22 30 3081 3704 1704 4464 -4554 16 0
882 1
883 -1 -1 6161 8 0 2 3 6 2 41 0 120 3 1
884 -1 -1 6160 8 0 4 154 202 22 439 0 248 43 3080 -703 -3445 2597 -7380 242 1540 3187 -120 -3671 -4976 3 770 -3312 -3284 4329 6968 10 385 -4833 -7103 -2555 -2283 389 0
885 0
886 0
887 1
888 -1 -1 3079 8 0 0 0 0 10 3 0 0 1 0
889 1
890 -1 -1 6157 8 0 0 0 0 0 0 6 0 1 1
891 -1 -1 6156 8 0 0 3 1 12 0 1 0 88 3078 -886 -2369 -4414 659 339 1539 -3885 3637 4282 -6089 14 0
892 1
893 -1 -1 3077 8 0 0 0 9 8 0 0 0 23 1
894 -1 -1 3076 8 0 3 36 1 9 6 1 0 6 1538 1320 -6356 -3048 -7559 320 769 3195 -2450 -3136 -4975 229 0
895 0
896 0
897 1
898 -1 -1 6151 8 0 0 1 0 5 112 0 5 14 1
899 -1 -1 6150 8 0 0 0 1 5 5 0 6 32 3075 2524 5247 -1825 5685 4 0
900 1
901 -1 -1 6149 8 0 0 0 0 0 0 0 5 12 1
902 -1 -1 6148 8 0 0 36 8 27 14 15 2 2 3074 -4477 6991 -4086 -5243 389 1537 -2166 5064 -205 305 11 0
903 0
904 1
905 -1 -1 6147 8 0 1 73 4 0 5 0 0 1 1
906 -1 -1 6146 8 0 4 27 6 8 55 0 4 5 3073 549 3320 -3861 1424 242 0
907 1
908 -1 -1 6145 8 0 2 2 0 1 9 0 0 13 1
909 -1 -1 6144 8 0 2 52 43 43 11 1 0 13 3072 1959 -4754 -1919 2441 258 1536 -3156 7564 4568 -966 260 768 4815 5259 -4846 2187 33 384 2935 -7714 -4960 -6508 267 192 -4647 678 -3440 5776 0 96 4290 7249 -3098 6783 319 48 2413 -192 1807 3941 180 24 -219 -451 -1533 -3558 387 12 -1184 7630 -1297 -5079 5 6 -361 -2571 -2004 -5768 357 3 365 1282 -2110 -7035 398 0
910 0
911 0
912 0
913 0
914 0
915 1
916 -1 -1 191 8 0 40 0 2 9 0 8 0 0 1
917 -1 -1 190 8 0 2 1 32 2 4 1 0 12 95 403 259 -3368 1939 0 0
918 1
919 -1 -1 189 8 0 11 3 0 6 0 1 0 45 0
920 0
921 1
922 -1 -1 755 8 0 1 28 0 4 0 0 0 4 0
923 1
924 -1 -1 1509 8 0 0 4 4 13 0 0 48 0 1
925 -1 -1 1508 8 0 0 17 2 9 0 8 1 1 754 -4806 5176 -2151 -7010 21 377 133 -2310 -4974 -7201 400 0
926 0
927 1
928 -1 -1 1507 8 0 7 0 12 3 3 0 7 0 1
929 -1 -1 1506 8 0 0 0 0 1 0 0 40 0 753 -4464 -2843 -4610 5926 6 1
930 -1 -1 752 8 0 11 1 0 8 8 1 1 0 376 -363 1902 2836 3528 105 188 -4579 6329 -3112 -4989 1 94 -1033 -2750 -4155 239 371 47 3675 -537 2033 5561 399 0
931 0
932 0
933 0
934 1
935 -1 -1 751 8 0 18 0 0 19 0 15 1 0 1
936 -1 -1 750 8 0 0 0 0 5 1 13 22 0 375 1318 -5652 -3646 -7583 14 1
937 -1 -1 374 8 0 7 0 21 14 0 10 0 6 187 1387 1797 -2812 -2058 0 0
938 0
939 0
940 1
941 -1 -1 1495 8 0 2 0 0 12 0 16 0 0 0
942 1
943 -1 -1 2989 8 0 3 0 0 0 15 0 0 0 0
944 1
945 -1 -1 5977 8 0 2 0 0 5 14 0 1 0 1
946 -1 -1 5976 8 0 3 0 2 23 7 1 131 0 2988 -3143 1020 -3964 -1337 23 1494 203 -5349 2397 -6568 9 747 -2054 -1623 4568 -5331 33 1
947 -1 -1 746 8 0 7 0 0 30 1 25 0 0 373 4924 -4710 -4870 4668 364 0
948 1
949 -1 -1 745 8 0 3 0 24 2 4 2 28 0 0
950 0
951 0
952 1
953 -1 -1 5959 8 0 0 0 9 1 34 2 0 0 1
954 -1 -1 5958 8 0 4 0 0 12 53 0 5 0 2979 687 -2183 3002 385 0 1
955 -1 -1 2978 8 0 1 0 0 11 18 1 26 0 1489 -4385 1297 3422 -5969 1 1
956 -1 -1 1488 8 0 3 1 0 24 2 2 0 0 744 -27 1257 4971 3192 0 372 -1721 559 3942 -7591 398 186 -2262 -123 -2121 -7291 24 93 4921 -7208 -1900 -6881 19 0
957 0
958 0
959 0
960 0
961 1
962 -1 -1 2975 8 0 0 0 2 3 0 0 0 0 0
963 1
964 -1 -1 5949 8 0 1 0 0 0 0 45 0 0 1
965 -1 -1 5948 8 0 1 0 0 17 0 39 0 0 2974 -4831 7766 -1140 -6167 44 1487 450 5696 1924 -6082 105 1
966 -1 -1 1486 8 0 7 1 0 7 0 1 0 2 743 893 6879 4574 -3215 0 0
967 1
968 -1 -1 1485 8 0 1 0 9 1 0 1 0 0 0
969 1
970 -1 -1 2969 8 0 0 4 0 4 0 0 1 0 0
971 1
972 -1 -1 5937 8 0 1 0 0 7 0 0 0 3 1
973 -1 -1 5936 8 0 0 0 0 43 0 18 0 0 2968 1575 703 -3565 7639 10 1484 3987 -807 159 -3966 24 742 -2389 -576 923 -4102 381 371 -976 -5056 -4878 -4035 1 0
974 1
975 -1 -1 741 8 0 5 0 0 14 21 11 1 0 0
976 1
977 -1 -1 1481 8 0 0 0 0 20 0 8 5 32 1
978 -1 -1 1480 8 0 4 9 0 22 0 1 0 2 740 -2249 -2045 4496 -4479 10 370 -4281 -3314 3418 7008 393 185 -2008 6365 -3317 1402 13 0
979 0
980 1
981 -1 -1 739 8 0 2 0 0 6 0 0 0 0 0
982 1
983 -1 -1 1477 8 0 1 0 0 4 0 2 0 0 0
984 0
985 1
986 -1 -1 5907 8 0 1 0 0 0 0 0 0 0 1
987 -1 -1 5906 8 0 1 0 0 0 0 78 0 0 2953 4379 6892 -1717 -5047 122 1
988 -1 -1 2952 8 0 4 0 0 2 0 7 0 0 1476 856 -905 -2356 -6359 36 738 3485 6387 -1614 -5055 112 369 -4790 -2817 -59 -3568 8 0
989 1
990 -1 -1 737 8 0 8 0 12 8 1 0 0 2 0
991 0
992 1
993 -1 -1 2947 8 0 7 0 0 12 0 30 4 1 0
994 1
995 -1 -1 5893 8 0 4 0 0 5 0 9 1 0 1
996 -1 -1 5892 8 0 6 0 0 31 1 25 122 0 2946 4969 3043 -3801 -3311 66 1473 -2838 -4233 1459 -7910 24 0
997 0
998 1
999 -1 -1 5891 8 0 7 0 0 8 0 88 8 0 1
1000 -1 -1 5890 8 0 1 0 0 4 0 0 8 0 2945 518 -76 -1626 2459 368 0
1001 1
1002 -1 -1 5889 8 0 14 0 0 24 0 39 37 0 1
1003 -1 -1 5888 8 0 9 0 0 24 1 2 0 0 2944 615 -32 -3100 -6583 16 1472 -92 34 -2039 -3819 24 736 -806 854 2569 -6212 16 368 3299 -4539 -1889 -7341 395 184 2250 2401 1536 -7475 66 92 -4066 3882 -3062 -6767 3 46 -4721 -422 -2773 6323 367 23 1008 -1227 1567 -7310 154 0
1004 0
1005 0
1006 1
1007 -1 -1 183 8 0 0 49 0 0 0 4 0 4 0
1008 0
1009 1
1010 -1 -1 731 8 0 0 10 0 0 0 0 0 0 0
1011 1
1012 -1 -1 1461 8 0 0 2 0 0 0 0 0 0 0
1013 1
1014 -1 -1 2921 8 0 0 0 0 0 0 0 0 14 1
1015 -1 -1 2920 8 0 0 0 0 0 0 0 0 61 1460 -4579 -1030 458 -4706 387 730 4966 -6444 -2639 -4385 50 365 -3241 -3870 -1648 1400 380 0
1016 1
1017 -1 -1 729 8 0 2 0 0 0 0 0 0 53 1
1018 -1 -1 728 8 0 6 0 0 0 0 13 0 2 364 -1754 3778 -1050 36 5 182 1715 -6513 2368 -3774 5 91 488 -1336 -4625 -1607 397 0
1019 1
1020 -1 -1 181 8 0 1 0 1 0 0 0 2 64 0
1021 1
1022 -1 -1 361 8 0 0 0 1 2 0 36 0 11 1
1023 -1 -1 360 8 0 16 0 0 10 0 9 0 12 180 -3108 -6848 2797 614 79 90 -3934 -7536 4083 -673 296 45 3475 -6273 4077 -119 362 0
1024 0
1025 0
1026 1
1027 -1 -1 359 8 0 4 1 0 1 0 13 0 24 1
1028 -1 -1 358 8 0 0 1 0 0 0 0 0 61 179 -4196 -3909 1376 -588 398 0
1029 1
1030 -1 -1 357 8 0 7 19 0 0 0 4 0 0 1
1031 -1 -1 356 8 0 36 0 0 11 4 0 0 6 178 -4810 -2408 4395 -6641 27 89 -840 -6599 872 154 48 0
1032 0
1033 0
1034 1
1035 -1 -1 711 8 0 0 4 11 15 0 1 5 0 1
1036 -1 -1 710 8 0 4 0 1 7 0 23 0 0 355 -3234 -1312 4868 -754 301 0
1037 1
1038 -1 -1 709 8 0 3 1 1 0 0 0 0 26 0
1039 0
1040 1
1041 -1 -1 2835 8 0 7 0 1 43 0 9 0 0 1
1042 -1 -1 2834 8 0 22 0 0 18 1 1 0 0 1417 -1587 2739 -1052 -4470 7 1
1043 -1 -1 1416 8 0 18 1 1 12 9 2 4 14 708 -2839 -7554 1985 4969 192 354 -4004 6744 -3739 -1954 239 177 -4237 -3697 2192 -2571 27 0
1044 0
1045 0
1046 1
1047 -1 -1 1415 8 0 1 0 0 0 0 5 0 2 0
1048 0
1049 1
1050 -1 -1 5659 8 0 1 0 0 5 0 0 0 0 1
1051 -1 -1 5658 8 0 64 0 0 6 0 0 1 0 2829 697 1307 2061 -3840 10 0
1052 1
1053 -1 -1 5657 8 0 34 1 0 51 0 2 0 0 1
1054 -1 -1 5656 8 0 22 0 0 3 0 1 0 0 2828 2812 -4100 -3431 236 8 1414 -2999 -3885 125 1015 2 707 1315 2260 2811 -5547 37 1
1055 -1 -1 706 8 0 31 0 0 4 14 9 1 7 353 4144 -6645 -48 7441 361 0
1056 0
1057 0
1058 1
1059 -1 -1 2823 8 0 0 0 1 0 0 0 0 5 0
1060 1
1061 -1 -1 5645 8 0 12 0 0 2 0 6 0 0 1
1062 -1 -1 5644 8 0 7 0 0 2 0 57 0 0 2822 -1741 -351 -555 5627 400 1411 -323 -5245 -3542 -4968 170 0
1063 1
1064 -1 -1 2821 8 0 22 0 1 19 0 1 1 0 1
1065 -1 -1 2820 8 0 9 0 2 4 5 14 6 1 1410 -3541 -1017 444 6180 394 705 -4122 7061 4578 4124 213 0
1066 0
1067 0
1068 1
1069 -1 -1 5639 8 0 5 0 0 5 0 37 1 0 1
1070 -1 -1 5638 8 0 158 0 1 18 5 4 22 0 2819 1589 -5779 188 -1453 22 1
1071 -1 -1 2818 8 0 12 4 0 5 0 1 20 12 1409 946 -7746 -3460 7896 11 0
1072 0
1073 1
1074 -1 -1 5635 8 0 6 0 0 0 0 0 0 0 1
1075 -1 -1 5634 8 0 2 0 0 0 0 0 76 0 2817 -1038 1997 -3215 6852 31 1
1076 -1 -1 2816 8 0 11 0 0 5 0 0 3 1 1408 603 -7539 4492 2436 371 704 -1927 -2933 -1600 5978 3 352 4397 -5886 277 -6377 6 176 2142 1982 -863 4314 133 88 -3719 3303 -2103 -6602 0 44 -4458 -6175 -918 381 32 22 -2745 -4341 343 -1010 25 11 606 -272 -675 -7436 11 0
1077 0
1078 0
1079 0
1080 0
1081 0
1082 1
1083 -1 -1 703 8 0 0 0 0 0 0 0 0 18 0
1084 1
1085 -1 -1 1405 8 0 0 0 0 0 0 0 0 10 0
1086 1
1087 -1 -1 2809 8 0 0 0 0 0 0 0 0 33 1
1088 -1 -1 2808 8 0 0 0 0 0 0 0 0 60 1404 2077 -197 -2117 6760 233 702 4761 -262 904 1109 66 351 -403 -252 1843 4200 398 1
1089 -1 -1 350 8 0 2 3 0 2 0 0 0 6 175 4841 5706 708 -1412 1 1
1090 -1 -1 174 8 0 7 0 2 20 2 3 2 20 87 4944 -7082 -1812 1219 205 0
1091 1
1092 -1 -1 173 8 0 5 3 12 1 0 1 0 3 0
1093 1
1094 -1 -1 345 8 0 3 0 0 27 2 26 0 9 1
1095 -1 -1 344 8 0 23 0 0 6 2 11 0 0 172 -1373 3111 352 -5651 4 86 -3177 6028 2037 -7453 193 43 -1432 -5481 -2155 4223 132 0
1096 0
1097 0
1098 0
1099 1
1100 -1 -1 687 8 0 0 0 0 0 0 0 0 41 1
1101 -1 -1 686 8 0 0 0 0 0 0 0 0 52 343 -951 -99 -4187 -1102 136 1
1102 -1 -1 342 8 0 2 9 0 4 0 0 0 12 171 -2134 -3855 -3014 5027 293 1
1103 -1 -1 170 8 0 6 1 7 13 3 0 18 0 85 341 -5874 -4482 5613 260 0
1104 0
1105 0
1106 0
1107 1
1108 -1 -1 1359 8 0 1 0 0 2 0 0 0 5 0
1109 1
1110 -1 -1 2717 8 0 4 14 0 0 0 1 0 3 0
1111 1
1112 -1 -1 5433 8 0 0 33 0 4 0 2 0 3 1
1113 -1 -1 5432 8 0 0 163 1 2 0 0 0 0 2716 -4086 -4093 -1064 4313 400 1358 3539 -1635 95 4906 88 679 -4102 6399 1417 -1779 331 0
1114 1
1115 -1 -1 1357 8 0 0 27 0 0 0 0 0 0 1
1116 -1 -1 1356 8 0 2 7 1 0 3 2 0 46 678 -1538 -5604 3266 -6754 7 339 -842 -5241 -4125 -2188 43 1
1117 -1 -1 338 8 0 2 2 7 18 0 3 0 0 169 4908 4998 2558 1174 0 0
1118 0
1119 1
1120 -1 -1 675 8 0 4 1 0 0 4 3 6 0 1
1121 -1 -1 674 8 0 6 52 0 2 0 0 0 2 337 2335 -3879 -579 2413 393 0
1122 0
1123 1
1124 -1 -1 1347 8 0 1 1 37 9 2 9 2 0 1
1125 -1 -1 1346 8 0 4 9 3 0 0 0 28 4 673 2 -6192 2440 6921 334 0
1126 1
1127 -1 -1 1345 8 0 1 0 5 3 0 0 2 25 1
1128 -1 -1 1344 8 0 12 1 3 16 3 14 0 6 672 228 -1989 -330 6956 333 336 4140 -7688 -3503 3781 224 168 4432 -6589 -3000 4929 387 84 -1598 -5561 -933 -5 243 42 -2332 6370 -4758 -5976 259 21 -3699 2793 1637 2072 311 0
1129 0
1130 0
1131 0
1132 1
1133 -1 -1 335 8 0 0 3 0 0 50 0 0 1 1
1134 -1 -1 334 8 0 3 4 3 5 0 0 1 7 167 743 -2159 2712 -1792 27 0
1135 0
1136 0
1137 1
1138 -1 -1 1335 8 0 2 10 0 2 0 1 0 5 0
1139 1
1140 -1 -1 2669 8 0 1 1 2 2 0 5 0 1 0
1141 1
1142 -1 -1 5337 8 0 0 0 1 1 1 3 0 77 1
1143 -1 -1 5336 8 0 0 0 0 3 1 0 0 0 2668 -3084 -5527 -145 5076 365 1334 -3884 -7492 -2345 -1608 396 667 -1641 -969 3833 -1936 400 0
1144 1
1145 -1 -1 1333 8 0 4 10 3 8 0 7 0 26 0
1146 0
1147 1
1148 -1 -1 5331 8 0 6 2 0 4 5 3 2 0 1
1149 -1 -1 5330 8 0 14 0 0 4 0 6 52 0 2665 3623 -7813 1313 -4518 7 1
1150 -1 -1 2664 8 0 7 5 0 6 0 2 13 21 1332 -811 -4701 3266 4045 9 666 1423 -1273 4008 -310 31 333 -4524 -2573 -2507 831 34 0
1151 0
1152 1
1153 -1 -1 1331 8 0 1 6 0 12 0 11 0 0 1
1154 -1 -1 1330 8 0 24 0 0 2 0 10 15 0 665 -985 1757 -2646 -4522 8 0
1155 0
1156 1
1157 -1 -1 2659 8 0 0 25 0 0 0 1 11 0 1
1158 -1 -1 2658 8 0 2 21 0 11 0 0 0 1 1329 3062 334 70 -4452 180 1
1159 -1 -1 1328 8 0 0 0 0 13 0 3 0 4 664 -1574 -7845 -2849 -805 0 332 -9 224 1581 7201 387 166 1775 -88 -4618 7859 0 83 -4307 -1496 -2684 -3417 172 0
1160 0
1161 0
1162 1
1163 -1 -1 663 8 0 7 11 0 2 0 0 5 0 1
1164 -1 -1 662 8 0 8 4 49 2 0 0 1 0 331 803 6249 4498 -2590 51 0
1165 1
1166 -1 -1 661 8 0 0 5 0 0 13 0 4 0 0
1167 1
1168 -1 -1 1321 8 0 9 4 1 10 0 21 0 0 1
1169 -1 -1 1320 8 0 36 0 4 2 0 0 7 0 660 -1858 3119 -2233 -1431 5 330 -4171 -1179 224 73 22 165 -4283 877 -4358 7994 21 0
1170 1
1171 -1 -1 329 8 0 17 0 10 2 0 1 0 23 0
1172 0
1173 1
1174 -1 -1 1315 8 0 20 0 0 9 0 18 2 0 0
1175 1
1176 -1 -1 2629 8 0 15 0 0 4 3 3 0 0 1
1177 -1 -1 2628 8 0 59 0 0 0 0 0 0 0 1314 3808 -812 -4922 5868 121 657 -1102 2847 -1518 -1322 5 0
1178 1
1179 -1 -1 1313 8 0 7 0 0 1 0 0 0 4 1
1180 -1 -1 1312 8 0 5 4 0 34 2 13 0 0 656 -4975 -3865 -845 4927 392 328 3054 82 1063 5002 388 164 4337 4206 4752 -6099 382 82 -3941 -5582 2978 -2258 399 41 -1566 -7276 -130 6897 223 0
1181 0
1182 0
1183 1
1184 -1 -1 327 8 0 0 0 5 17 0 20 0 0 1
1185 -1 -1 326 8 0 10 0 2 15 17 5 2 6 163 -3570 1887 -4424 -5530 20 0
1186 1
1187 -1 -1 325 8 0 9 0 6 3 15 23 1 0 0
1188 1
1189 -1 -1 649 8 0 22 7 0 0 0 7 14 0 0
1190 1
1191 -1 -1 1297 8 0 4 0 0 6 4 15 0 0 0
1192 1
1193 -1 -1 2593 8 0 11 0 5 3 0 5 0 1 1
1194 -1 -1 2592 8 0 49 0 0 5 3 0 3 1 1296 1350 6183 -1341 1282 31 648 -4419 -4452 4619 -805 126 324 -4487 -3085 2923 -5672 384 162 2799 -6431 -2669 6225 308 81 -3710 3388 284 -3963 12 0
1195 0
1196 0
1197 0
1198 0
1199 0
1200 1
1201 -1 -1 5183 8 0 1 0 0 6 2 0 0 0 1
1202 -1 -1 5182 8 0 0 0 0 2 0 0 86 0 2591 -3672 -859 3581 395 299 1
1203 -1 -1 2590 8 0 1 0 14 2 11 0 1 6 1295 1490 7215 4178 -3606 383 0
1204 1
1205 -1 -1 2589 8 0 0 7 28 3 1 0 0 0 0
1206 1
1207 -1 -1 5177 8 0 1 0 3 1 97 0 3 0 1
1208 -1 -1 5176 8 0 0 0 10 0 4 1 0 0 2588 -887 -745 807 3520 11 1294 -953 4504 1552 5027 287 647 491 1411 4472 1116 229 0
1209 0
1210 0
1211 1
1212 -1 -1 5175 8 0 0 3 3 7 0 11 0 12 1
1213 -1 -1 5174 8 0 0 0 0 41 0 2 3 1 2587 241 -501 -4489 -7302 32 1
1214 -1 -1 2586 8 0 1 4 15 5 0 4 0 26 1293 -2530 1746 3962 -244 221 0
1215 1
1216 -1 -1 2585 8 0 1 0 0 1 21 0 12 0 1
1217 -1 -1 2584 8 0 2 13 10 14 5 0 3 5 1292 -1579 -1746 4830 6413 312 646 259 -127 -1473 -4744 6 323 -3564 7668 -2545 -4032 176 0
1218 0
1219 0
1220 0
1221 1
1222 -1 -1 5167 8 0 0 0 22 0 0 0 15 0 1
1223 -1 -1 5166 8 0 0 0 5 3 30 0 0 0 2583 4900 -6197 -2963 2557 324 0
1224 1
1225 -1 -1 5165 8 0 1 0 0 1 0 0 0 16 1
1226 -1 -1 5164 8 0 1 0 1 1 1 0 60 0 2582 2057 -3666 -3416 2131 10 1291 2794 -6861 -1239 6208 211 0
1227 1
1228 -1 -1 2581 8 0 1 14 0 2 4 0 0 1 0
1229 1
1230 -1 -1 5161 8 0 4 2 7 0 0 0 9 0 1
1231 -1 -1 5160 8 0 1 0 152 5 2 0 0 3 2580 1622 -5802 -4812 5987 312 1290 -2523 -4232 -744 7608 331 645 -2070 -5988 3633 4729 292 0
1232 0
1233 0
1234 1
1235 -1 -1 5159 8 0 1 0 0 0 3 0 35 0 1
1236 -1 -1 5158 8 0 0 13 0 5 0 2 1 72 2579 699 -4337 -4895 3940 313 0
1237 1
1238 -1 -1 5157 8 0 1 0 0 3 1 0 9 6 1
1239 -1 -1 5156 8 0 1 15 16 24 1 9 1 0 2578 -1009 6350 -1875 -2057 13 1289 -1358 -6543 -3080 -84 34 0
1240 0
1241 1
1242 -1 -1 5155 8 0 0 171 2 3 0 0 0 0 1
1243 -1 -1 5154 8 0 0 254 141 37 28 6 1 8 2577 -291 -562 -2744 1730 279 0
1244 1
1245 -1 -1 5153 8 0 2 126 11 82 0 2 38 1 1
1246 -1 -1 5152 8 0 4 152 130 28 88 1 118 43 2576 -3067 2405 3613 7856 204 1288 -4300 -7819 -1196 7668 241 644 -72 -7578 2503 5126 313 322 16 -6017 -4748 -3497 283 161 -4533 7878 -4959 -4980 18 0
1247 0
1248 0
1249 1
1250 -1 -1 1287 8 0 0 0 0 1 13 1 54 0 0
1251 0
1252 1
1253 -1 -1 5147 8 0 0 0 0 2 0 2 0 0 1
1254 -1 -1 5146 8 0 0 0 5 0 94 0 4 0 2573 2022 -6768 1959 5744 366 1
1255 -1 -1 2572 8 0 0 0 0 4 3 10 0 10 1286 -3206 2945 -3766 5885 0 643 -4697 -2632 -1864 6489 354 0
1256 0
1257 0
1258 1
1259 -1 -1 5143 8 0 1 0 10 9 18 3 49 1 1
1260 -1 -1 5142 8 0 11 3 75 58 23 27 0 0 2571 378 -3537 1471 891 28 0
1261 1
1262 -1 -1 5141 8 0 3 0 4 137 1 54 11 3 1
1263 -1 -1 5140 8 0 0 3 1 26 14 2 90 0 2570 -2930 -4230 1271 6167 242 1285 -2414 -5394 -1896 -790 2 0
1264 0
1265 1
1266 -1 -1 5139 8 0 0 0 0 0 0 0 22 0 1
1267 -1 -1 5138 8 0 0 0 17 7 4 0 0 61 2569 -1745 6474 1986 -1325 297 0
1268 1
1269 -1 -1 5137 8 0 0 23 1 8 0 1 0 2 1
1270 -1 -1 5136 8 0 0 2 5 17 14 3 7 3 2568 2945 1190 -568 7450 306 1284 -3610 1268 4843 -6117 49 642 3786 -1927 -3411 4481 1 321 -2448 -6316 -1744 6911 348 0
1271 0
1272 0
1273 0
1274 1
1275 -1 -1 5135 8 0 1 0 3 21 11 1 20 1 1
1276 -1 -1 5134 8 0 0 0 1 2 95 0 0 0 2567 1879 -5973 4311 6623 202 0
1277 1
1278 -1 -1 5133 8 0 0 0 11 0 2 0 3 0 1
1279 -1 -1 5132 8 0 1 1 6 43 0 10 2 2 2566 -2917 2904 -4445 -6566 140 1283 -2931 -5345 4284 6424 182 0
1280 0
1281 1
1282 -1 -1 5131 8 0 0 0 27 14 39 0 18 42 1
1283 -1 -1 5130 8 0 2 0 0 31 3 10 191 14 2565 -2088 -3511 4876 5712 237 0
1284 1
1285 -1 -1 5129 8 0 0 12 1 3 9 1 38 17 1
1286 -1 -1 5128 8 0 0 10 61 19 35 11 5 3 2564 1838 605 740 -3591 115 1282 683 -6887 -4163 6285 200 641 -329 -5089 3069 -7206 6 0
1287 0
1288 1
1289 -1 -1 2563 8 0 0 51 0 2 4 0 0 8 0
1290 1
1291 -1 -1 5125 8 0 1 47 14 6 35 1 126 9 1
1292 -1 -1 5124 8 0 9 24 317 37 198 4 191 18 2562 3960 -5604 -4578 -2238 247 1281 -573 -2247 3446 -3529 234 0
1293 0
1294 1
1295 -1 -1 5123 8 0 3 0 0 3 57 0 0 0 1
1296 -1 -1 5122 8 0 8 35 28 58 58 4 17 5 2561 -4306 7372 -2394 -1596 326 0
1297 1
1298 -1 -1 5121 8 0 3 112 86 16 18 0 11 1 1
1299 -1 -1 5120 8 0 23 85 95 56 77 7 70 50 2560 102 -2871 938 7419 177 1280 50 -6453 1400 5779 212 640 460 -6711 -3798 2982 197 320 4965 653 4705 -5872 6 160 519 -1861 1488 6292 270 80 -1326 -5204 4269 -2124 91 40 -154 -1281 1674 4399 359 20 -3501 -5975 1015 4988 360 10 2163 -5599 1968 399 335 5 881 -1689 965 6683 356 0
1300 0
1301 0
1302 0
1303 0
1304 0
1305 0
1306 0
1307 1
1308 -1 -1 1279 8 0 3 2 0 0 0 14 0 0 1
1309 -1 -1 1278 8 0 1 0 0 36 1 11 4 6 639 169 3704 -4796 237 392 0
1310 0
1311 0
1312 1
1313 -1 -1 5111 8 0 2 0 0 0 0 0 0 0 1
1314 -1 -1 5110 8 0 0 0 0 0 0 128 0 0 2555 -1619 -6959 -2646 -6930 11 0
1315 1
1316 -1 -1 5109 8 0 0 0 0 0 0 65 0 0 1
1317 -1 -1 5108 8 0 2 0 0 22 0 118 0 0 2554 157 -1165 -1740 -7211 63 1277 2724 1699 -264 1489 16 0
1318 0
1319 1
1320 -1 -1 5107 8 0 5 0 0 0 0 14 0 1 1
1321 -1 -1 5106 8 0 14 0 0 115 0 277 0 0 2553 -2345 3238 2234 -7993 394 0
1322 1
1323 -1 -1 5105 8 0 1 0 0 3 0 7 6 0 1
1324 -1 -1 5104 8 0 0 0 0 14 0 133 0 0 2552 2126 -4898 -2157 7112 327 1276 163 4543 -728 -3577 49 638 611 2204 -3610 -4834 79 319 2313 6031 -2010 -6918 230 1
1325 -1 -1 318 8 0 3 1 0 20 3 19 18 0 159 1435 4909 503 -1250 29 0
1326 0
1327 1
1328 -1 -1 635 8 0 1 0 0 7 0 31 3 0 1
1329 -1 -1 634 8 0 2 0 0 15 4 1 38 0 317 -1835 217 734 -3044 17 0
1330 0
1331 1
1332 -1 -1 1267 8 0 4 0 13 0 0 1 3 0 0
1333 1
1334 -1 -1 2533 8 0 3 0 0 10 0 41 0 0 1
1335 -1 -1 2532 8 0 4 0 0 28 22 12 1 0 1266 1282 6445 1341 4104 10 633 1308 5604 240 101 250 0
1336 1
1337 -1 -1 1265 8 0 6 0 0 8 1 40 2 0 0
1338 0
1339 1
1340 -1 -1 5059 8 0 0 0 0 7 0 7 1 0 1
1341 -1 -1 5058 8 0 0 0 0 61 0 0 0 0 2529 -1970 -2297 -3562 6976 261 0
1342 1
1343 -1 -1 5057 8 0 1 0 1 9 0 50 0 0 1
1344 -1 -1 5056 8 0 10 0 0 116 0 39 0 5 2528 2098 4816 -3191 -999 61 1264 596 6016 -4784 -3836 187 632 1904 6996 1878 -4785 382 316 4638 -5253 -3655 -1348 15 158 -4655 -7860 -1148 5777 348 79 2839 6299 1542 2118 25 0
1345 0
1346 0
1347 0
1348 1
1349 -1 -1 1263 8 0 7 0 0 16 0 35 0 4 0
1350 0
1351 1
1352 -1 -1 5051 8 0 0 0 0 31 15 2 102 0 1
1353 -1 -1 5050 8 0 0 0 0 21 0 0 0 4 2525 4900 6140 2993 3805 5 0
1354 1
1355 -1 -1 5049 8 0 0 0 0 0 0 3 0 16 1
1356 -1 -1 5048 8 0 1 0 10 40 13 4 1 0 2524 -4716 -12 -1251 -3807 31 1262 4612 7973 3473 1853 19 631 2907 6295 -4894 -2351 394 0
1357 0
1358 0
1359 1
1360 -1 -1 5047 8 0 4 0 0 75 0 112 0 0 1
1361 -1 -1 5046 8 0 4 0 0 43 0 8 0 0 2523 -2047 4672 -4254 -5804 31 0
1362 1
1363 -1 -1 5045 8 0 0 0 0 4 8 0 14 0 1
1364 -1 -1 5044 8 0 0 0 0 33 0 13 3 0 2522 -4960 -5155 4162 5227 349 1261 929 3404 -192 187 10 0
1365 0
1366 1
1367 -1 -1 5043 8 0 3 0 6 10 6 52 0 0 1
1368 -1 -1 5042 8 0 3 0 0 23 0 12 0 0 2521 1645 -7737 4810 6866 282 0
1369 1
1370 -1 -1 5041 8 0 0 0 0 13 9 5 12 0 1
1371 -1 -1 5040 8 0 71 0 1 293 20 50 5 0 2520 1036 -7584 -4205 -7022 23 1260 -4515 -548 4461 -3170 376 630 3755 7662 -3100 -6885 70 315 1100 6504 -4506 -7323 206 0
1372 0
1373 0
1374 1
1375 -1 -1 2519 8 0 4 0 0 1 39 4 2 0 1
1376 -1 -1 2518 8 0 0 0 0 14 0 10 0 0 1259 -3778 1032 -1428 -292 0 0
1377 1
1378 -1 -1 2517 8 0 0 0 3 18 0 26 0 0 0
1379 1
1380 -1 -1 5033 8 0 15 2 1 0 0 2 0 0 1
1381 -1 -1 5032 8 0 29 0 0 75 3 14 0 0 2516 4375 6470 -1535 -2344 399 1258 -2667 -851 4019 -6287 6 629 -1451 2668 -4975 6089 348 0
1382 0
1383 1
1384 -1 -1 2515 8 0 12 1 6 23 1 11 4 0 1
1385 -1 -1 2514 8 0 0 0 28 8 0 7 0 0 1257 4498 6234 -2885 -2115 9 0
1386 0
1387 1
1388 -1 -1 5027 8 0 9 0 0 0 0 15 0 0 1
1389 -1 -1 5026 8 0 3 0 0 47 0 10 10 0 2513 414 7938 412 -1326 315 0
1390 1
1391 -1 -1 5025 8 0 6 0 0 5 1 82 2 0 1
1392 -1 -1 5024 8 0 61 0 9 96 0 203 0 0 2512 2608 332 -4806 5870 356 1256 4874 5623 -4489 -7949 82 628 3204 -1263 -295 -5936 25 314 4039 1845 -1961 1668 23 157 -73 1793 4732 -3740 5 0
1393 0
1394 0
1395 1
1396 -1 -1 1255 8 0 0 0 0 1 0 0 0 2 1
1397 -1 -1 1254 8 0 0 0 0 1 66 0 0 0 627 -4039 1807 1088 -3643 276 1
1398 -1 -1 626 8 0 1 0 12 2 1 0 2 10 313 -3999 -1597 -4332 7243 217 0
1399 0
1400 1
1401 -1 -1 1251 8 0 1 7 0 0 7 0 23 7 1
1402 -1 -1 1250 8 0 0 1 48 5 1 0 2 2 625 -4293 -6098 3001 -1388 201 0
1403 0
1404 1
1405 -1 -1 2499 8 0 3 1 0 3 6 12 31 0 1
1406 -1 -1 2498 8 0 0 13 3 12 0 4 3 0 1249 -2982 -5277 4684 -7453 248 0
1407 0
1408 1
1409 -1 -1 4995 8 0 6 0 0 5 0 14 0 0 1
1410 -1 -1 4994 8 0 3 0 3 15 0 0 1 26 2497 2480 -7192 -991 7307 274 0
1411 1
1412 -1 -1 4993 8 0 11 0 1 26 0 7 22 2 1
1413 -1 -1 4992 8 0 57 0 2 53 1 11 2 0 2496 -4996 -2271 -3157 -7947 8 1248 -2274 -3805 -3815 7429 237 624 -2546 83 694 -7407 232 312 -536 -7919 258 -43 27 156 1500 -2928 -281 -111 40 78 396 532 242 -4485 2 39 -271 2479 -1749 -6540 40 0
1414 0
1415 0
1416 1
1417 -1 -1 311 8 0 0 1 4 0 12 2 0 0 0
1418 0
1419 1
1420 -1 -1 1243 8 0 0 0 0 0 2 0 0 6 0
1421 0
1422 1
1423 -1 -1 4971 8 0 0 0 1 0 0 0 2 0 1
1424 -1 -1 4970 8 0 0 68 0 0 0 0 0 0 2485 3376 -1865 3941 -3086 267 1
1425 -1 -1 2484 8 0 0 0 0 0 0 0 4 0 1242 -4755 3065 4795 -2295 0 621 558 -2822 4609 -3067 303 1
1426 -1 -1 620 8 0 3 7 4 1 2 1 26 5 310 804 2469 4547 -4836 107 155 -1982 -5814 -121 -5373 280 0
1427 0
1428 0
1429 1
1430 -1 -1 1239 8 0 0 0 0 0 0 1 3 1 1
1431 -1 -1 1238 8 0 6 0 56 3 0 1 0 0 619 4140 -5073 3403 -1818 134 1
1432 -1 -1 618 8 0 8 1 0 0 3 0 2 1 309 4010 2202 1725 -487 1 0
1433 1
1434 -1 -1 617 8 0 0 2 29 5 8 3 19 3 0
1435 1
1436 -1 -1 1233 8 0 0 3 0 8 1 5 20 0 1
1437 -1 -1 1232 8 0 9 5 1 20 19 0 9 6 616 -400 3402 544 -6746 258 308 1950 7705 3855 2672 17 154 1036 7896 4917 -2404 233 77 -352 -638 4597 454 205 0
1438 0
1439 1
1440 -1 -1 307 8 0 38 0 2 2 2 3 3 4 0
1441 0
1442 1
1443 -1 -1 1227 8 0 0 2 22 0 0 0 0 0 1
1444 -1 -1 1226 8 0 0 3 3 15 0 15 2 21 613 492 5143 -2562 -139 299 0
1445 0
1446 0
1447 1
1448 -1 -1 4903 8 0 0 0 0 0 0 0 0 9 1
1449 -1 -1 4902 8 0 0 0 0 0 0 0 73 1 2451 1834 -1540 -2102 -7040 42 1
1450 -1 -1 2450 8 0 1 1 3 8 4 0 12 17 1225 -4214 6369 -1001 -5747 200 0
1451 1
1452 -1 -1 2449 8 0 1 4 0 4 21 2 1 0 0
1453 1
1454 -1 -1 4897 8 0 0 3 0 0 3 0 13 1 1
1455 -1 -1 4896 8 0 0 0 11 25 3 2 11 8 2448 -2460 362 -3046 6732 262 1224 183 -7785 3900 -2096 272 612 3694 5875 4738 -6820 362 306 -60 124 3980 108 344 153 4830 7497 -981 -795 392 0
1456 0
1457 0
1458 0
1459 0
1460 1
1461 -1 -1 4895 8 0 0 0 0 3 0 93 1 0 1
1462 -1 -1 4894 8 0 0 0 0 10 0 15 0 0 2447 60 3667 954 -3580 39 1
1463 -1 -1 2446 8 0 7 0 0 4 0 9 0 0 1223 3367 6129 -4815 -7854 49 0
1464 1
1465 -1 -1 2445 8 0 2 4 0 7 18 5 0 0 0
1466 1
1467 -1 -1 4889 8 0 0 0 0 8 0 37 0 0 1
1468 -1 -1 4888 8 0 7 4 0 29 3 11 0 5 2444 -1155 6537 -1729 -3416 74 1222 669 -7926 -3497 -1939 7 611 2445 -5807 2475 -6593 2 0
1469 0
1470 1
1471 -1 -1 2443 8 0 1 0 0 17 0 31 0 2 0
1472 1
1473 -1 -1 4885 8 0 3 0 15 14 89 11 2 3 1
1474 -1 -1 4884 8 0 1 10 0 7 3 4 2 8 2442 -792 6019 -4617 1899 22 1221 3414 5742 3478 374 79 0
1475 0
1476 1
1477 -1 -1 4883 8 0 3 1 3 41 3 26 0 0 1
1478 -1 -1 4882 8 0 13 1 57 29 33 8 43 0 2441 2064 7382 1127 -6182 49 0
1479 1
1480 -1 -1 4881 8 0 7 1 12 47 22 11 33 11 1
1481 -1 -1 4880 8 0 85 1 8 186 11 143 16 31 2440 4887 6478 -3568 -7723 246 1220 4480 -1221 3158 -4007 14 610 -731 5573 -1618 -847 34 305 476 6364 1795 3972 16 0
1482 1
1483 -1 -1 609 8 0 6 2 0 0 0 4 0 39 0
1484 0
1485 0
1486 1
1487 -1 -1 4871 8 0 2 0 0 0 11 1 0 0 1
1488 -1 -1 4870 8 0 3 2 33 10 0 48 0 0 2435 1370 -2346 -3845 4816 17 0
1489 1
1490 -1 -1 4869 8 0 2 23 9 50 2 24 3 1 1
1491 -1 -1 4868 8 0 1 4 6 30 31 6 0 34 2434 -4903 6748 -4480 5881 1 1217 -3837 -2416 4281 -918 400 0
1492 0
1493 1
1494 -1 -1 4867 8 0 1 0 13 10 3 3 30 1 1
1495 -1 -1 4866 8 0 10 1 55 19 0 0 8 0 2433 3811 4529 4140 -378 17 0
1496 1
1497 -1 -1 4865 8 0 2 9 13 9 0 3 0 1 1
1498 -1 -1 4864 8 0 2 0 2 9 1 2 6 21 2432 -4903 6174 2633 -5267 4 1216 2406 -6638 -4809 -5239 10 608 -4497 418 1837 -5519 3 304 429 -4346 -4809 -1125 398 152 4831 2359 1607 -6430 4 76 4053 5230 892 -3600 231 38 -213 -1335 -314 324 3 19 -1294 -6865 -1711 -7957 1 0
1499 0
1500 0
1501 0
1502 0
1503 1
1504 -1 -1 607 8 0 1 0 0 0 0 0 0 0 0
1505 1
1506 -1 -1 1213 8 0 0 0 0 0 0 0 0 33 1
1507 -1 -1 1212 8 0 0 0 0 0 0 0 0 69 606 1481 -2770 3261 -3047 276 303 -661 -3785 3618 -7773 304 0
1508 1
1509 -1 -1 605 8 0 0 3 0 0 14 2 0 0 0
1510 1
1511 -1 -1 1209 8 0 1 0 0 0 0 0 0 31 1
1512 -1 -1 1208 8 0 1 0 24 1 3 2 0 8 604 214 -5194 2720 3965 10 302 -649 -2054 -4942 4589 1 151 1226 4184 -2349 -3690 219 0
1513 0
1514 0
1515 0
1516 1
1517 -1 -1 2415 8 0 0 0 0 0 0 0 24 0 0
1518 1
1519 -1 -1 4829 8 0 0 0 0 0 0 0 5 0 1
1520 -1 -1 4828 8 0 0 0 0 0 0 0 72 0 2414 2694 628 -446 3380 0 1207 2644 -3210 -561 -1540 63 1
1521 -1 -1 1206 8 0 2 0 0 0 0 0 0 3 603 710 -4658 4986 725 259 0
1522 0
1523 1
1524 -1 -1 2411 8 0 11 6 1 3 0 0 9 0 0
1525 1
1526 -1 -1 4821 8 0 5 0 0 1 0 0 0 0 1
1527 -1 -1 4820 8 0 3 0 0 0 63 0 0 0 2410 -2213 6529 -1034 1804 315 1205 -2211 -2781 4573 -3725 379 0
1528 0
1529 1
1530 -1 -1 4819 8 0 3 0 0 1 0 0 0 0 1
1531 -1 -1 4818 8 0 5 2 0 0 0 0 62 0 2409 -2844 -2050 2735 769 383 1
1532 -1 -1 2408 8 0 13 0 0 2 13 7 8 7 1204 1042 -4622 3469 -441 214 602 2673 -5793 -2206 -4941 7 301 592 -1320 -2459 270 269 0
1533 0
1534 1
1535 -1 -1 1203 8 0 1 0 2 1 53 1 0 1 1
1536 -1 -1 1202 8 0 0 0 1 7 9 0 2 47 601 4558 -4926 -203 -6622 0 0
1537 1
1538 -1 -1 1201 8 0 9 1 13 0 3 0 4 6 1
1539 -1 -1 1200 8 0 2 2 9 14 3 34 0 0 600 2683 -5541 830 485 7 300 4450 4761 1745 -1232 39 150 357 5771 3861 -7636 395 75 -25 5748 1049 5181 2 0
1540 0
1541 0
1542 0
1543 1
1544 -1 -1 1199 8 0 0 53 1 1 0 0 0 0 0
1545 0
1546 1
1547 -1 -1 4795 8 0 0 0 58 2 2 0 0 0 1
1548 -1 -1 4794 8 0 0 5 4 0 0 0 0 0 2397 -954 6720 2280 -745 12 1
1549 -1 -1 2396 8 0 0 9 1 0 1 2 0 1 1198 3505 -4368 -2728 -961 4 599 -2770 -5389 2261 -4953 11 0
1550 1
1551 -1 -1 1197 8 0 0 0 8 0 29 0 0 0 1
1552 -1 -1 1196 8 0 3 0 13 4 1 5 1 11 598 1090 7673 -4318 914 233 299 -2037 -6033 -1015 3945 204 0
1553 0
1554 1
1555 -1 -1 1195 8 0 9 0 4 4 0 28 0 0 1
1556 -1 -1 1194 8 0 37 1 9 1 0 0 0 0 597 2549 -737 4490 7120 122 1
1557 -1 -1 596 8 0 0 0 8 1 2 3 0 13 298 -3776 -6465 492 109 395 149 4358 -7283 -104 -6949 5 0
1558 1
1559 -1 -1 297 8 0 8 3 0 1 8 33 0 3 0
1560 0
1561 0
1562 0
1563 1
1564 -1 -1 4751 8 0 0 0 6 12 4 0 4 2 1
1565 -1 -1 4750 8 0 0 3 4 9 107 1 22 0 2375 2971 -2169 -4721 1206 12 1
1566 -1 -1 2374 8 0 0 20 5 2 1 1 2 4 1187 -2483 7471 4004 -446 15 0
1567 0
1568 1
1569 -1 -1 4747 8 0 0 9 3 6 4 0 0 0 1
1570 -1 -1 4746 8 0 0 99 0 1 1 0 0 0 2373 -1005 861 -1415 -3881 12 0
1571 1
1572 -1 -1 4745 8 0 0 14 2 7 0 0 27 0 1
1573 -1 -1 4744 8 0 0 5 6 1 3 2 0 6 2372 -2324 -5238 3178 2612 40 1186 1951 4913 4347 -2318 138 593 2534 7949 -4495 4240 38 0
1574 0
1575 0
1576 1
1577 -1 -1 4743 8 0 0 39 0 1 0 0 0 45 1
1578 -1 -1 4742 8 0 1 5 1 13 0 0 26 74 2371 -4150 2025 4144 1995 246 0
1579 1
1580 -1 -1 4741 8 0 1 21 0 10 1 0 6 0 1
1581 -1 -1 4740 8 0 0 87 0 0 1 0 3 4 2370 3198 1001 -2926 7743 19 1185 -3418 3306 1072 -78 2 0
1582 1
1583 -1 -1 2369 8 0 1 0 2 0 22 4 22 0 0
1584 1
1585 -1 -1 4737 8 0 2 88 41 64 25 2 53 33 1
1586 -1 -1 4736 8 0 1 13 21 9 4 2 0 75 2368 1981 5533 -4065 671 8 1184 -1044 2392 1129 6921 318 592 -2373 -6488 -628 202 106 296 -1674 6832 -3368 3427 21 148 184 1472 -661 -1847 400 74 4793 -7154 3582 5570 363 37 -3717 5477 4141 736 362 0
1587 0
1588 0
1589 0
1590 0
1591 1
1592 -1 -1 1183 8 0 2 5 2 2 0 0 0 0 0
1593 1
1594 -1 -1 2365 8 0 8 0 0 0 6 0 0 0 0
1595 1
1596 -1 -1 4729 8 0 3 0 4 2 0 0 0 0 1
1597 -1 -1 4728 8 0 208 1 2 3 0 0 0 0 2364 -1401 -5545 2876 -256 186 1182 -2071 -2789 4774 -407 276 591 -3229 -851 2392 -5032 36 1
1598 -1 -1 590 8 0 5 0 0 2 5 0 8 1 295 2635 7435 -212 198 393 0
1599 0
1600 1
1601 -1 -1 1179 8 0 0 0 2 1 6 0 0 1 0
1602 0
1603 1
1604 -1 -1 4715 8 0 12 0 0 0 0 0 0 0 1
1605 -1 -1 4714 8 0 26 0 0 0 0 81 0 0 2357 4089 -4983 4638 -284 16 1
1606 -1 -1 2356 8 0 30 0 0 0 0 4 0 0 1178 -3392 570 571 -2270 1 589 -3937 -6231 4808 3157 107 0
1607 0
1608 1
1609 -1 -1 2355 8 0 2 3 35 0 0 0 0 0 0
1610 1
1611 -1 -1 4709 8 0 10 0 21 0 0 1 0 0 1
1612 -1 -1 4708 8 0 35 0 0 1 9 0 0 0 2354 1016 -3641 -4463 -7784 215 1177 -1380 -5098 -4176 -1028 148 1
1613 -1 -1 1176 8 0 3 9 0 0 16 0 2 3 588 -3500 4898 -1426 -5059 397 294 -4103 -6666 4334 -6201 1 147 2778 -3033 -4976 1073 1 0
1614 0
1615 1
1616 -1 -1 587 8 0 0 0 0 3 4 2 37 0 1
1617 -1 -1 586 8 0 0 5 0 0 18 2 3 0 293 4542 -540 -4739 -4524 1 0
1618 1
1619 -1 -1 585 8 0 1 0 1 7 0 4 4 16 1
1620 -1 -1 584 8 0 16 6 5 6 6 12 7 0 292 -3100 1385 437 -2053 32 146 3962 3669 1800 -1501 330 73 3877 6973 -2900 -4667 390 0
1621 0
1622 0
1623 0
1624 1
1625 -1 -1 1167 8 0 0 0 10 0 0 4 0 3 0
1626 1
1627 -1 -1 2333 8 0 2 0 0 8 0 10 0 0 0
1628 1
1629 -1 -1 4665 8 0 1 0 0 0 0 93 0 0 1
1630 -1 -1 4664 8 0 0 0 0 5 0 40 0 0 2332 -2376 -6263 -4190 3750 132 1166 3065 7752 613 7097 4 583 -4066 -4985 3820 -6446 187 0
1631 1
1632 -1 -1 1165 8 0 1 0 15 0 1 9 0 0 0
1633 1
1634 -1 -1 2329 8 0 0 0 0 8 0 16 0 0 1
1635 -1 -1 2328 8 0 1 0 0 42 0 1 5 0 1164 2479 822 4890 -7713 23 582 1962 -2537 3917 5013 5 291 63 -61 4129 -2371 11 0
1636 0
1637 0
1638 1
1639 -1 -1 2327 8 0 2 0 0 1 0 5 0 1 0
1640 1
1641 -1 -1 4653 8 0 0 0 0 2 0 0 0 0 1
1642 -1 -1 4652 8 0 0 0 0 2 0 0 101 0 2326 -1419 -5735 -2225 4631 391 1163 2226 -4565 -4910 -272 396 1
1643 -1 -1 1162 8 0 6 0 0 2 0 1 0 14 581 3971 7781 -620 -3585 3 0
1644 0
1645 1
1646 -1 -1 2323 8 0 0 0 0 5 0 3 29 2 1
1647 -1 -1 2322 8 0 4 2 3 28 1 22 7 2 1161 3272 508 837 -2768 30 0
1648 1
1649 -1 -1 2321 8 0 0 0 1 0 10 6 0 0 0
1650 1
1651 -1 -1 4641 8 0 10 0 16 0 0 2 0 1 1
1652 -1 -1 4640 8 0 22 0 4 28 0 16 0 0 2320 -1232 -4546 868 1314 125 1160 2589 -5458 3447 -4007 13 580 -22 2985 -4876 -2153 18 290 2131 5836 -4879 -6617 395 145 1751 4737 2302 2370 13 0
1653 0
1654 0
1655 0
1656 0
1657 1
1658 -1 -1 4639 8 0 0 3 0 0 5 0 53 7 1
1659 -1 -1 4638 8 0 1 0 1 4 3 0 0 0 2319 4950 3781 -444 2050 24 1
1660 -1 -1 2318 8 0 0 2 0 1 47 0 2 0 1159 -2002 -7306 1920 -3980 5 0
1661 0
1662 1
1663 -1 -1 4635 8 0 0 2 12 1 0 0 0 32 1
1664 -1 -1 4634 8 0 0 27 14 13 30 0 35 15 2317 4944 -7755 -851 264 195 0
1665 1
1666 -1 -1 4633 8 0 4 0 0 3 0 10 0 0 1
1667 -1 -1 4632 8 0 0 0 24 10 6 5 10 4 2316 -405 -4074 3922 1475 394 1158 2744 4030 -4691 -1609 93 579 -3408 -3667 -1791 331 5 0
1668 0
1669 1
1670 -1 -1 2315 8 0 1 17 3 3 8 4 6 20 0
1671 1
1672 -1 -1 4629 8 0 1 0 0 2 15 4 0 1 1
1673 -1 -1 4628 8 0 0 2 38 3 16 0 0 7 2314 296 332 -3729 -2827 7 1157 2231 -888 -4774 -5388 0 0
1674 0
1675 1
1676 -1 -1 4627 8 0 1 5 3 3 7 0 0 0 1
1677 -1 -1 4626 8 0 2 100 1 2 0 0 1 0 2313 -3428 7353 744 -5702 253 0
1678 1
1679 -1 -1 4625 8 0 0 1 7 3 2 0 21 1 1
1680 -1 -1 4624 8 0 4 60 21 7 4 1 10 7 2312 4245 -4254 1729 -2226 47 1156 -4047 3152 4184 -5390 173 578 -3982 2557 -652 -4773 4 289 4911 5613 -2937 -120 3 0
1681 0
1682 0
1683 1
1684 -1 -1 2311 8 0 0 4 3 8 21 0 24 3 0
1685 1
1686 -1 -1 4621 8 0 0 5 0 1 0 0 0 43 1
1687 -1 -1 4620 8 0 3 15 17 44 2 4 4 38 2310 -4102 -7743 4736 6641 301 1155 -4209 3834 50 532 78 0
1688 0
1689 1
1690 -1 -1 4619 8 0 1 2 7 32 14 4 8 3 1
1691 -1 -1 4618 8 0 1 2 3 22 0 2 103 2 2309 4824 3695 -4422 -4098 45 0
1692 1
1693 -1 -1 4617 8 0 10 20 1 21 4 36 4 5 1
1694 -1 -1 4616 8 0 0 10 73 66 17 19 22 7 2308 2711 4435 4066 -7052 397 1154 3972 -1142 -3817 5697 35 577 -4641 2984 -1770 -868 15 0
1695 0
1696 0
1697 1
1698 -1 -1 4615 8 0 6 0 7 66 51 45 2 7 1
1699 -1 -1 4614 8 0 11 33 1 18 69 3 0 7 2307 3253 7508 750 1337 30 0
1700 1
1701 -1 -1 4613 8 0 5 0 23 28 9 5 11 7 1
1702 -1 -1 4612 8 0 8 32 0 20 19 1 19 27 2306 111 6528 -1297 -4181 25 1153 -200 6251 2923 -3977 33 0
1703 0
1704 1
1705 -1 -1 4611 8 0 0 0 43 9 0 0 2 35 1
1706 -1 -1 4610 8 0 5 15 7 3 25 8 2 24 2305 4809 -5645 -3353 6981 231 0
1707 1
1708 -1 -1 4609 8 0 27 30 82 72 32 7 25 12 1
1709 -1 -1 4608 8 0 200 24 105 338 17 143 24 17 2304 2135 3424 -1170 -3506 24 1152 3384 3464 3859 -1553 51 576 -958 4045 -2147 -1310 24 288 665 4743 4962 -7156 246 144 454 1044 3892 907 90 72 1286 -2465 -4454 6170 348 36 4844 5909 -331 -4977 396 18 -473 -7689 4566 -1101 203 9 -733 -3791 -1272 -6003 1 0
1710 0
1711 0
1712 0
1713 0
1714 1
1715 -1 -1 287 8 0 24 0 0 1 7 5 0 3 0
1716 1
1717 -1 -1 573 8 0 1 6 0 4 0 0 0 6 0
1718 0
1719 1
1720 -1 -1 2291 8 0 0 0 3 2 0 1 0 0 0
1721 1
1722 -1 -1 4581 8 0 0 0 1 0 0 0 0 0 1
1723 -1 -1 4580 8 0 0 0 0 73 0 0 0 0 2290 468 6654 1332 1204 295 1145 4484 1308 3816 -6420 8 1
1724 -1 -1 1144 8 0 4 0 0 3 0 6 0 0 572 -3366 -5252 -1983 403 118 286 -4352 6067 1 7804 265 143 -2306 -3991 1741 5337 334 0
1725 0
1726 0
1727 0
1728 1
1729 -1 -1 2287 8 0 3 0 0 0 0 1 0 0 0
1730 1
1731 -1 -1 4573 8 0 1 0 0 2 0 0 0 0 1
1732 -1 -1 4572 8 0 3 0 0 3 0 191 0 0 2286 3315 6285 -2942 764 274 1143 4894 7351 -1383 2261 357 1
1733 -1 -1 1142 8 0 1 0 0 7 0 11 0 0 571 -1812 -476 2588 2498 20 0
1734 0
1735 1
1736 -1 -1 2283 8 0 4 0 0 16 0 32 0 0 1
1737 -1 -1 2282 8 0 8 1 0 0 0 38 0 0 1141 198 -7646 2416 225 84 1
1738 -1 -1 1140 8 0 4 0 0 18 0 2 0 2 570 -1203 134 -4656 5547 2 285 -4253 -937 4922 212 55 1
1739 -1 -1 284 8 0 34 3 3 11 0 12 0 1 142 -1852 -4936 1975 3403 57 71 -4892 -6379 1444 4191 214 0
1740 0
1741 1
1742 -1 -1 283 8 0 1 5 1 1 1 27 0 0 1
1743 -1 -1 282 8 0 39 0 1 5 0 8 2 0 141 -2809 5947 424 500 0 0
1744 0
1745 0
1746 1
1747 -1 -1 1127 8 0 6 0 0 2 4 1 1 0 0
1748 1
1749 -1 -1 2253 8 0 0 2 6 5 0 13 2 3 0
1750 1
1751 -1 -1 4505 8 0 0 1 0 0 0 32 0 0 1
1752 -1 -1 4504 8 0 2 4 0 15 0 19 0 0 2252 -2860 -665 -2072 6033 51 1126 -102 -1306 -137 463 212 563 -1116 -269 887 2974 399 0
1753 1
1754 -1 -1 1125 8 0 0 1 5 1 1 0 3 3 0
1755 1
1756 -1 -1 2249 8 0 0 1 0 15 0 1 1 7 1
1757 -1 -1 2248 8 0 18 1 3 29 0 11 0 0 1124 1128 -3039 -514 -3239 3 562 2799 5432 428 2255 31 281 191 103 2282 3014 26 0
1758 1
1759 -1 -1 561 8 0 18 0 0 2 9 11 0 13 0
1760 1
1761 -1 -1 1121 8 0 2 0 0 6 4 3 0 2 0
1762 1
1763 -1 -1 2241 8 0 0 16 3 0 0 0 0 0 0
1764 1
1765 -1 -1 4481 8 0 0 3 20 0 1 0 0 7 1
1766 -1 -1 4480 8 0 0 3 17 17 5 0 0 3 2240 1307 -6955 -2390 -2760 20 1120 -4177 -3207 -3889 5820 291 560 74 196 2654 51 311 280 -2534 -3248 -4481 6485 372 140 -1885 315 -1927 5900 1 70 -1815 3490 3834 1126 390 35 4003 508 3698 5329 1 0
1767 0
1768 0
1769 0
1770 1
1771 -1 -1 559 8 0 0 0 0 2 0 0 0 24 0
1772 1
1773 -1 -1 1117 8 0 3 23 5 17 1 6 0 0 1
1774 -1 -1 1116 8 0 3 0 1 4 0 0 12 0 558 442 43 88 -6404 4 279 -175 1597 -4414 6322 83 0
1775 1
1776 -1 -1 557 8 0 2 0 0 9 2 3 45 0 1
1777 -1 -1 556 8 0 31 0 0 8 1 11 11 0 278 665 7404 -445 -5801 12 139 1009 1773 -2697 -1264 11 0
1778 0
1779 0
1780 1
1781 -1 -1 1111 8 0 1 0 0 1 0 0 22 0 1
1782 -1 -1 1110 8 0 39 0 0 14 0 7 0 0 555 8 -2299 -3889 6910 42 1
1783 -1 -1 554 8 0 7 3 0 12 0 33 1 1 277 426 2871 4450 -6911 400 0
1784 0
1785 1
1786 -1 -1 1107 8 0 3 0 2 13 3 4 0 0 0
1787 0
1788 1
1789 -1 -1 4427 8 0 0 0 0 3 131 0 0 0 1
1790 -1 -1 4426 8 0 3 1 0 6 11 0 0 0 2213 -2831 7028 -4721 -6887 11 1
1791 -1 -1 2212 8 0 1 0 0 8 3 0 1 0 1106 -2751 -4015 490 -1499 0 553 4708 3859 4559 -5001 4 0
1792 0
1793 0
1794 1
1795 -1 -1 4423 8 0 3 0 0 9 0 37 7 0 1
1796 -1 -1 4422 8 0 12 0 0 2 0 0 0 0 2211 -970 3596 -1121 717 0 1
1797 -1 -1 2210 8 0 4 0 0 0 8 0 0 0 1105 -2388 -873 3033 -4995 19 0
1798 1
1799 -1 -1 2209 8 0 9 4 7 38 5 1 0 0 0
1800 1
1801 -1 -1 4417 8 0 6 2 8 0 7 0 2 0 1
1802 -1 -1 4416 8 0 0 3 0 8 22 0 16 0 2208 1294 6840 -508 -5447 390 1104 -1117 -2046 3848 -4006 328 552 -3959 -2759 2504 255 397 276 -2851 1871 -743 727 2 138 -3995 -8000 -3586 7561 11 69 513 2696 1903 7921 32 0
1803 0
1804 0
1805 0
1806 1
1807 -1 -1 1103 8 0 4 1 0 16 0 0 0 0 1
1808 -1 -1 1102 8 0 0 54 3 5 0 0 0 0 551 103 6483 -908 7748 1 0
1809 1
1810 -1 -1 1101 8 0 7 8 0 1 7 13 4 7 1
1811 -1 -1 1100 8 0 23 3 1 14 0 0 0 0 550 -1998 -426 2375 4705 25 275 788 6216 3888 345 79 0
1812 0
1813 1
1814 -1 -1 1099 8 0 0 0 3 10 0 2 0 1 1
1815 -1 -1 1098 8 0 1 0 0 5 0 56 0 0 549 4966 -5436 1562 7521 301 0
1816 1
1817 -1 -1 1097 8 0 6 0 0 5 0 37 1 0 0
1818 1
1819 -1 -1 2193 8 0 2 6 1 8 0 2 0 3 0
1820 1
1821 -1 -1 4385 8 0 32 0 0 0 0 0 0 1 1
1822 -1 -1 4384 8 0 28 0 0 11 2 5 0 0 2192 2413 1486 -2774 6851 5 1096 -1252 -216 414 -5827 21 548 465 6386 -2 3781 7 274 4871 -6407 -1590 -3181 22 137 -942 -7218 -1144 7343 270 0
1823 0
1824 0
1825 1
1826 -1 -1 1095 8 0 15 2 3 19 0 9 0 0 0
1827 1
1828 -1 -1 2189 8 0 1 1 1 22 0 7 0 1 0
1829 1
1830 -1 -1 4377 8 0 0 0 7 2 3 3 10 1 1
1831 -1 -1 4376 8 0 0 10 2 13 0 0 9 47 2188 4606 447 171 1102 0 1094 -4458 -2954 4876 -3243 288 547 1163 -1080 4735 3315 396 0
1832 0
1833 0
1834 1
1835 -1 -1 4375 8 0 0 2 48 2 0 0 6 1 1
1836 -1 -1 4374 8 0 0 4 14 30 1 7 8 1 2187 1877 2841 -781 -2598 14 0
1837 1
1838 -1 -1 4373 8 0 0 6 19 22 0 0 0 30 1
1839 -1 -1 4372 8 0 0 79 15 77 5 3 1 2 2186 -5000 4993 -425 -1981 43 1093 -529 836 2879 -993 254 0
1840 0
1841 1
1842 -1 -1 4371 8 0 0 1 37 4 5 1 9 16 1
1843 -1 -1 4370 8 0 1 58 16 7 3 0 4 5 2185 995 -5053 4773 1244 282 0
1844 1
1845 -1 -1 4369 8 0 1 32 5 6 0 0 3 0 1
1846 -1 -1 4368 8 0 6 32 4 16 60 3 7 10 2184 -3631 -1069 58 5576 238 1092 1004 -4766 -4864 645 20 546 -46 6742 2903 -3659 50 273 -428 -3584 4434 4496 302 0
1847 0
1848 1
1849 -1 -1 1091 8 0 0 10 5 5 2 2 1 22 0
1850 0
1851 1
1852 -1 -1 4363 8 0 1 0 0 25 0 27 0 1 1
1853 -1 -1 4362 8 0 42 0 0 26 0 17 0 0 2181 4748 -7442 3939 -102 60 0
1854 1
1855 -1 -1 4361 8 0 0 0 0 1 4 1 0 23 1
1856 -1 -1 4360 8 0 2 6 0 30 1 37 0 5 2180 -1437 7668 258 3114 22 1090 2514 -409 4991 6800 2 545 -3205 1297 4310 4501 193 0
1857 0
1858 1
1859 -1 -1 2179 8 0 0 0 0 1 20 0 2 0 0
1860 1
1861 -1 -1 4357 8 0 2 10 2 4 0 0 1 0 1
1862 -1 -1 4356 8 0 17 0 0 29 6 6 2 0 2178 -2291 7927 4161 -5641 248 1089 -2625 5538 -1618 1970 154 0
1863 1
1864 -1 -1 2177 8 0 1 12 0 9 5 9 0 2 0
1865 1
1866 -1 -1 4353 8 0 3 13 34 14 1 0 2 1 1
1867 -1 -1 4352 8 0 0 4 1 17 0 0 9 12 2176 -653 -3345 4680 3546 41 1088 -3 4164 -604 -7482 32 544 1440 144 4448 -3513 6 272 -3655 -3314 -1059 -1018 15 136 -1978 -625 4310 -587 158 68 -3721 -5386 2856 -1601 371 34 -2384 6559 2892 -5676 326 17 2879 -2537 1171 5378 15 0
1868 0
1869 0
1870 0
1871 0
1872 0
1873 1
1874 -1 -1 1087 8 0 0 7 3 17 0 4 10 16 1
1875 -1 -1 1086 8 0 5 19 14 15 7 2 0 0 543 292 -482 4464 -2768 6 0
1876 1
1877 -1 -1 1085 8 0 1 0 0 5 0 29 1 4 0
1878 1
1879 -1 -1 2169 8 0 3 0 0 1 2 0 9 4 0
1880 1
1881 -1 -1 4337 8 0 18 1 7 127 3 10 0 3 1
1882 -1 -1 4336 8 0 13 0 0 33 1 21 5 0 2168 -1420 6686 4435 -2550 0 1084 -3664 -1437 4351 3337 206 542 96 6574 -467 2217 27 271 -4545 7398 -2834 -6490 196 0
1883 0
1884 1
1885 -1 -1 1083 8 0 7 2 0 16 34 3 5 2 1
1886 -1 -1 1082 8 0 4 2 7 22 0 5 8 0 541 -4850 2021 -1901 -4484 22 0
1887 0
1888 1
1889 -1 -1 2163 8 0 1 0 0 13 0 4 26 0 0
1890 1
1891 -1 -1 4325 8 0 0 0 0 17 5 2 6 1 1
1892 -1 -1 4324 8 0 10 0 0 64 0 10 1 0 2162 -3115 -3173 4023 -7465 105 1081 -3198 -1361 -1526 -3714 10 0
1893 1
1894 -1 -1 2161 8 0 7 3 5 2 1 2 1 4 0
1895 1
1896 -1 -1 4321 8 0 6 0 0 9 0 1 4 0 1
1897 -1 -1 4320 8 0 5 0 0 15 2 0 86 3 2160 3177 6402 4419 3369 9 1080 3027 1285 724 2815 232 540 -459 -4471 -4367 -7365 1 270 -4404 4186 -3600 -4206 26 135 -5 1900 1200 -7478 45 0
1898 0
1899 1
1900 -1 -1 539 8 0 1 6 0 1 28 2 0 0 1
1901 -1 -1 538 8 0 6 8 0 22 2 3 15 4 269 -4122 2221 -4739 -6413 201 0
1902 1
1903 -1 -1 537 8 0 1 1 29 3 26 2 2 0 0
1904 1
1905 -1 -1 1073 8 0 3 0 22 2 3 0 2 0 0
1906 1
1907 -1 -1 2145 8 0 0 0 4 0 0 0 0 14 0
1908 1
1909 -1 -1 4289 8 0 0 1 9 1 0 1 0 2 1
1910 -1 -1 4288 8 0 9 2 0 31 1 44 0 1 2144 553 -1836 10 5700 22 1072 -4259 597 723 369 30 536 3981 5579 -1018 905 29 268 -3329 3540 -1258 240 24 134 -4025 -641 3697 -5071 252 67 3641 -236 1354 -7765 3 0
1911 0
1912 0
1913 0
1914 0
1915 1
1916 -1 -1 2143 8 0 2 0 0 5 2 0 0 0 1
1917 -1 -1 2142 8 0 1 0 0 10 0 0 0 52 1071 -1257 -5206 1967 -31 5 1
1918 -1 -1 1070 8 0 5 0 1 10 1 0 2 0 535 1583 3479 -2409 -4671 6 0
1919 1
1920 -1 -1 1069 8 0 0 1 14 1 3 0 4 0 0
1921 1
1922 -1 -1 2137 8 0 12 1 1 5 0 0 0 0 0
1923 1
1924 -1 -1 4273 8 0 0 19 0 8 2 3 0 0 1
1925 -1 -1 4272 8 0 3 15 7 4 2 7 6 30 2136 -3952 7734 -4883 -1345 121 1068 2818 6025 2484 -7294 394 534 4390 -4427 3847 7759 122 267 -247 -510 3826 -3114 19 0
1926 1
1927 -1 -1 533 8 0 2 10 4 15 2 17 0 0 0
1928 1
1929 -1 -1 1065 8 0 6 4 8 8 0 0 2 2 0
1930 1
1931 -1 -1 2129 8 0 4 1 0 19 1 0 0 0 1
1932 -1 -1 2128 8 0 41 1 0 14 0 0 0 1 1064 -775 -6322 1229 6864 7 532 2001 3327 -2386 -7739 200 266 -2828 -7251 4201 2110 91 133 154 2901 2743 -7229 207 0
1933 0
1934 1
1935 -1 -1 531 8 0 8 0 0 8 0 42 0 0 0
1936 1
1937 -1 -1 1061 8 0 2 0 4 11 17 1 0 0 0
1938 1
1939 -1 -1 2121 8 0 0 0 0 53 0 4 0 0 1
1940 -1 -1 2120 8 0 0 0 0 3 0 15 0 0 1060 4513 -7852 -2290 7451 272 530 -665 3323 2783 5452 104 265 -2695 -3197 2770 -6576 374 0
1941 1
1942 -1 -1 529 8 0 14 0 4 6 6 17 1 5 0
1943 0
1944 0
1945 1
1946 -1 -1 4231 8 0 27 0 0 5 0 12 0 0 1
1947 -1 -1 4230 8 0 6 1 0 26 0 5 0 3 2115 2118 -120 4733 -7381 395 0
1948 1
1949 -1 -1 4229 8 0 6 0 0 8 0 2 0 1 1
1950 -1 -1 4228 8 0 132 0 0 20 0 0 0 0 2114 -572 4885 -4461 -3253 19 1057 -4546 -7742 4854 -3292 99 0
1951 1
1952 -1 -1 2113 8 0 1 0 0 0 6 0 0 0 1
1953 -1 -1 2112 8 0 19 0 0 46 0 1 0 0 1056 2383 1476 -525 -5194 371 528 140 1460 1946 7375 6 264 -4267 -5858 928 5647 168 132 4414 -7556 3549 7091 145 66 -4842 7056 -3570 -5009 0 33 1396 7172 -12 2110 0 0
1954 0
1955 0
1956 0
1957 0
1958 1
1959 -1 -1 1055 8 0 19 4 0 3 1 0 0 6 1
1960 -1 -1 1054 8 0 3 0 0 25 0 21 1 0 527 2175 -6621 2935 5384 399 0
1961 1
1962 -1 -1 1053 8 0 7 0 14 13 5 29 0 0 0
1963 0
1964 1
1965 -1 -1 4211 8 0 17 0 0 15 0 47 0 0 1
1966 -1 -1 4210 8 0 24 0 0 9 0 273 0 0 2105 1143 -4706 -4661 -809 57 1
1967 -1 -1 2104 8 0 10 0 0 23 0 16 0 0 1052 169 -6727 -2995 3222 56 526 -1870 562 -2949 6937 168 263 379 -6396 -2229 1824 228 0
1968 0
1969 0
1970 0
1971 1
1972 -1 -1 4207 8 0 4 0 0 7 0 38 0 0 1
1973 -1 -1 4206 8 0 3 0 2 16 1 7 0 0 2103 -686 2154 2030 4464 2 1
1974 -1 -1 2102 8 0 4 0 0 14 0 1 0 5 1051 298 -3338 -821 7699 37 1
1975 -1 -1 1050 8 0 2 4 8 1 0 0 3 0 525 3553 -7821 -2797 5345 50 0
1976 0
1977 1
1978 -1 -1 2099 8 0 5 0 5 45 0 3 0 0 1
1979 -1 -1 2098 8 0 6 7 0 3 0 0 0 0 1049 -1628 -5914 3743 7301 206 0
1980 1
1981 -1 -1 2097 8 0 3 0 3 1 0 0 0 6 0
1982 1
1983 -1 -1 4193 8 0 26 0 0 26 0 12 0 0 1
1984 -1 -1 4192 8 0 44 0 2 18 2 0 0 0 2096 2480 -6444 -1279 665 54 1048 1604 3007 -371 -1796 7 524 -414 -4316 600 7027 80 262 409 -26 4792 6851 52 131 -2632 -1826 -3034 7107 43 0
1985 0
1986 0
1987 1
1988 -1 -1 1047 8 0 3 13 6 2 0 29 0 14 1
1989 -1 -1 1046 8 0 4 0 0 3 4 0 1 1 523 -2818 -6512 66 199 23 0
1990 0
1991 0
1992 1
1993 -1 -1 4183 8 0 1 0 0 2 0 0 0 0 1
1994 -1 -1 4182 8 0 118 0 0 0 0 0 0 0 2091 2696 -498 -2492 4447 22 1
1995 -1 -1 2090 8 0 1 0 7 1 0 0 0 3 1045 1056 -7429 -982 7277 387 0
1996 1
1997 -1 -1 2089 8 0 26 0 0 5 6 6 0 1 1
1998 -1 -1 2088 8 0 9 1 0 10 0 0 0 28 1044 2835 -2644 -4616 7052 356 522 -3262 -7345 -934 -1862 390 261 -773 254 4776 6333 64 0
1999 0
2000 0
2001 1
2002 -1 -1 2087 8 0 2 0 3 5 0 27 4 13 0
2003 1
2004 -1 -1 4173 8 0 0 7 16 6 11 0 3 34 1
2005 -1 -1 4172 8 0 0 3 19 41 1 0 7 3 2086 1192 5543 615 139 0 1043 1028 -484 1235 1505 370 0
2006 1
2007 -1 -1 2085 8 0 0 19 0 12 7 4 2 0 1
2008 -1 -1 2084 8 0 3 0 2 19 5 7 28 0 1042 -46 -4755 -1242 5199 240 521 -1110 -6077 -4086 5359 255 0
2009 0
2010 0
2011 1
2012 -1 -1 4167 8 0 17 0 0 0 1 2 3 2 1
2013 -1 -1 4166 8 0 1 12 40 20 14 12 3 8 2083 4238 -2377 -1086 1275 286 0
2014 1
2015 -1 -1 4165 8 0 6 2 0 4 0 121 0 0 1
2016 -1 -1 4164 8 0 4 0 5 1 4 4 0 1 2082 2495 -7753 -3161 -221 30 1041 4383 -7755 -4745 4033 195 0
2017 0
2018 1
2019 -1 -1 4163 8 0 6 2 14 13 67 2 5 1 1
2020 -1 -1 4162 8 0 25 3 40 18 3 0 0 3 2081 4423 5292 -2454 2065 14 0
2021 1
2022 -1 -1 4161 8 0 8 0 0 6 10 2 3 14 1
2023 -1 -1 4160 8 0 80 1 11 24 2 25 0 1 2080 -1765 6276 1260 -245 28 1040 -805 -7141 -4922 -6849 9 520 3334 -6070 2832 4642 99 260 -1744 -6166 1684 4888 207 130 -2974 -7163 -4921 -395 398 65 882 2510 -1801 7438 12 0
2024 0
2025 0
2026 0
2027 1
2028 -1 -1 1039 8 0 13 0 0 11 0 5 0 4 1
2029 -1 -1 1038 8 0 9 0 0 10 7 4 24 0 519 -4441 -7238 -3888 -956 0 0
2030 1
2031 -1 -1 1037 8 0 12 0 3 2 9 34 0 0 0
2032 0
2033 1
2034 -1 -1 4147 8 0 73 0 2 6 0 33 0 0 1
2035 -1 -1 4146 8 0 213 0 1 70 0 14 1 3 2073 -1075 -6240 986 -6958 5 0
2036 1
2037 -1 -1 4145 8 0 5 0 0 2 0 13 2 0 1
2038 -1 -1 4144 8 0 62 1 0 102 0 16 0 0 2072 -3096 -3914 -3123 -7629 21 1036 960 -88 4196 7389 3 518 -4011 7 1369 3711 42 259 3196 104 1348 -4443 7 0
2039 0
2040 1
2041 -1 -1 1035 8 0 33 0 0 4 0 2 0 2 0
2042 0
2043 1
2044 -1 -1 4139 8 0 0 0 30 4 0 0 0 0 1
2045 -1 -1 4138 8 0 0 14 3 17 0 0 2 0 2069 -4084 -7814 3228 6857 265 0
2046 1
2047 -1 -1 4137 8 0 0 21 5 1 8 0 0 5 1
2048 -1 -1 4136 8 0 10 2 6 72 38 3 52 1 2068 -3688 -1450 4663 1619 98 1034 71 -5942 -2068 1498 246 517 -146 -7617 -329 6863 387 0
2049 1
2050 -1 -1 1033 8 0 7 4 9 13 3 2 1 5 0
2051 1
2052 -1 -1 2065 8 0 9 0 0 4 0 3 0 0 0
2053 1
2054 -1 -1 4129 8 0 1 0 0 108 0 0 0 0 1
2055 -1 -1 4128 8 0 0 1 1 55 0 21 2 2 2064 599 6534 -2569 5877 6 1032 1443 2293 -3188 6502 400 516 1421 4913 -1591 -2421 25 258 4 -296 -301 7453 158 129 -997 -4637 -3637 6567 389 0
2056 0
2057 0
2058 0
2059 1
2060 -1 -1 2063 8 0 7 0 3 2 1 0 0 0 1
2061 -1 -1 2062 8 0 0 19 9 3 10 1 17 10 1031 -394 -6313 4021 -211 6 0
2062 1
2063 -1 -1 2061 8 0 11 0 0 0 0 4 0 0 0
2064 1
2065 -1 -1 4121 8 0 4 0 3 2 0 0 0 3 1
2066 -1 -1 4120 8 0 10 0 0 39 9 7 4 0 2060 2736 5678 228 -3006 259 1030 -4963 -6186 -4481 7984 49 515 837 4805 2071 -1355 184 0
2067 0
2068 0
2069 1
2070 -1 -1 4119 8 0 97 0 1 50 6 117 7 0 1
2071 -1 -1 4118 8 0 80 1 4 20 3 2 1 1 2059 -4936 -5261 -2031 -2431 7 0
2072 1
2073 -1 -1 4117 8 0 35 0 27 26 0 8 16 0 1
2074 -1 -1 4116 8 0 448 0 13 135 7 27 2 0 2058 2483 -2063 -2824 -2698 14 1029 -2022 -7512 688 2552 17 0
2075 0
2076 1
2077 -1 -1 4115 8 0 21 0 18 26 10 22 1 0 1
2078 -1 -1 4114 8 0 56 0 1 83 1 12 4 2 2057 4801 7250 -3525 -7685 51 0
2079 1
2080 -1 -1 4113 8 0 10 0 0 39 1 137 0 0 1
2081 -1 -1 4112 8 0 166 1 6 108 0 118 0 3 2056 565 -1419 -4993 -5131 314 1028 1179 5041 -3574 3497 4 514 3416 -107 4945 1685 0 257 -61 1780 1462 -3476 22 0
2082 0
2083 1
2084 -1 -1 1027 8 0 0 3 4 10 20 24 2 0 0
2085 1
2086 -1 -1 2053 8 0 3 0 0 6 6 0 0 21 0
2087 1
2088 -1 -1 4105 8 0 27 0 0 39 1 0 0 1 1
2089 -1 -1 4104 8 0 3 0 0 6 1 6 0 0 2052 -2493 6407 4584 5485 8 1026 2924 -2298 871 1521 9 513 -2528 6821 3625 -7115 192 0
2090 0
2091 0
2092 1
2093 -1 -1 4103 8 0 683 0 1 29 0 222 0 0 1
2094 -1 -1 4102 8 0 590 0 2 78 0 56 0 0 2051 -4329 -3313 -1078 1678 13 0
2095 1
2096 -1 -1 4101 8 0 14 0 2 37 0 37 3 2 1
2097 -1 -1 4100 8 0 255 0 2 107 1 11 0 0 2050 3373 -1915 -4284 -7239 19 1025 3301 623 4959 7159 4 0
2098 0
2099 1
2100 -1 -1 4099 8 0 7 0 16 7 0 0 26 0 1
2101 -1 -1 4098 8 0 82 0 4 66 0 12 2 2 2049 -1767 -1713 437 1718 15 0
2102 1
2103 -1 -1 4097 8 0 59 0 41 21 1 0 2 0 1
2104 -1 -1 4096 8 0 1919 6 11 247 11 45 22 5 2048 -1947 2845 604 5439 19 1024 -2210 -1472 2719 7950 150 512 -989 -7341 -71 -5902 3 256 -2465 6974 -622 -844 18 128 654 7120 4452 -7467 13 64 -864 -6461 -3495 6402 186 32 4490 -7461 796 2250 59 16 2894 1780 2390 -6800 22 8 -2379 -2976 3182 -996 40 4 2473 4394 -822 332 9 2 -235 430 1542 4742 147 1 -262 -384 -1767 -5827 143 1 4
