22 serialization::archive 15 0 0 5 0 1 0
0 0 0 0
1 0
2 0
3 0
4 0
5 0
6 0
7 1 1 0
8 -1 -1 511 8 0 1 0 0 2 0 2 0 0 0
9 1
10 -1 -1 1021 8 0 1 0 0 2 0 0 0 0 0
11 1
12 -1 -1 2041 8 0 2 0 0 0 0 0 0 0 0
13 0
14 1
15 -1 -1 8163 8 0 0 0 0 1 0 0 0 0 1
16 -1 -1 8162 8 0 0 0 0 0 0 0 0 96 4081 0 0 -2507 -454 -4158 2108 355 1
17 -1 -1 4080 8 0 1 0 0 0 0 0 0 0 2040 3289 7275 -2988 -4550 14 1020 -496 -6777 2150 -2910 7 510 1101 -7747 639 -5918 2 255 -2883 7400 -1994 -3427 7 1
18 -1 -1 254 8 0 4 5 0 5 3 1 3 4 127 -245 -1850 -2859 1116 376 0
19 0
20 0
21 1
22 -1 -1 1015 8 0 0 0 0 0 1 40 0 0 1
23 -1 -1 1014 8 0 0 0 0 9 0 24 0 2 507 4183 4206 3256 -1467 28 1
24 -1 -1 506 8 0 11 0 0 23 0 13 1 16 253 1449 6611 3132 -1007 39 0
25 1
26 -1 -1 505 8 0 1 1 0 0 0 0 39 3 1
27 -1 -1 504 8 0 5 0 0 22 0 3 0 14 252 4194 7599 4917 -3231 50 126 4940 -7097 -4542 -1508 315 63 1497 886 4944 -3295 333 0
28 0
29 0
30 1
31 -1 -1 503 8 0 1 1 3 4 7 0 22 0 0
32 1
33 -1 -1 1005 8 0 5 0 0 0 5 0 0 0 0
34 0
35 0
36 1
37 -1 -1 8039 8 0 0 0 0 0 1 0 0 0 1
38 -1 -1 8038 8 0 1 0 84 0 0 0 0 0 4019 -2136 -5401 526 4061 310 1
39 -1 -1 4018 8 0 0 0 9 3 0 0 0 1 2009 4565 -6591 -2429 1034 387 1
40 -1 -1 2008 8 0 4 0 0 2 0 0 0 0 1004 -1851 -7925 -3586 -3027 0 502 -739 403 -3876 -894 398 251 -3144 -758 -3183 3460 4 0
41 1
42 -1 -1 501 8 0 1 0 1 6 1 3 0 20 0
43 0
44 1
45 -1 -1 2003 8 0 2 0 0 8 0 0 35 0 1
46 -1 -1 2002 8 0 13 0 11 11 1 0 7 1 1001 -3007 2092 -1725 280 2 0
47 1
48 -1 -1 2001 8 0 20 0 0 0 0 3 0 0 0
49 1
50 -1 -1 4001 8 0 5 0 1 35 0 3 0 0 1
51 -1 -1 4000 8 0 11 3 1 9 5 2 0 0 2000 -2192 5677 71 -7458 400 1000 3195 4503 2122 -480 400 500 2557 5060 -4124 7336 10 250 1783 -5999 -689 9 243 125 3842 -4285 3303 6336 290 0
52 0
53 0
54 1
55 -1 -1 999 8 0 10 0 0 0 0 0 3 0 0
56 0
57 1
58 -1 -1 3995 8 0 0 26 1 11 0 0 0 0 1
59 -1 -1 3994 8 0 3 9 17 2 0 1 0 0 1997 -120 7340 4045 3464 2 1
60 -1 -1 1996 8 0 0 0 3 6 0 9 0 1 998 -4881 4263 487 -7468 129 499 4413 6838 462 60 152 0
61 1
62 -1 -1 997 8 0 1 0 0 1 0 0 13 3 0
63 1
64 -1 -1 1993 8 0 1 0 0 0 14 0 0 0 1
65 -1 -1 1992 8 0 0 51 0 5 7 0 0 0 996 25 -475 -2667 5846 10 498 1803 7505 -2255 58 60 249 -2127 4755 3973 -6404 64 0
66 0
67 1
68 -1 -1 995 8 0 1 33 0 2 0 0 0 1 0
69 1
70 -1 -1 1989 8 0 14 1 15 7 0 1 0 16 0
71 1
72 -1 -1 3977 8 0 2 9 0 0 4 1 0 25 1
73 -1 -1 3976 8 0 7 0 0 2 0 0 0 47 1988 1296 -48 -319 1832 7 994 2287 7535 1843 -6355 400 497 -1055 6234 -4765 3773 18 0
74 1
75 -1 -1 993 8 0 1 0 29 2 0 0 0 2 1
76 -1 -1 992 8 0 15 6 2 15 0 3 1 0 496 3635 4569 -1483 3279 26 248 4841 4478 -3860 -2133 60 124 -2214 7176 -4137 1838 13 62 3895 -4345 -3230 -5622 3 31 1845 6547 -3748 4356 393 0
77 0
78 0
79 0
80 1
81 -1 -1 495 8 0 0 0 0 1 0 34 0 0 1
82 -1 -1 494 8 0 0 0 0 5 0 6 0 35 247 -1974 4481 2159 -3402 22 0
83 1
84 -1 -1 493 8 0 1 1 1 11 0 10 5 14 1
85 -1 -1 492 8 0 1 6 40 5 9 6 0 1 246 -3678 592 -3156 -6916 4 123 4947 710 -4266 -722 382 0
86 1
87 -1 -1 245 8 0 6 6 4 4 3 0 22 0 1
88 -1 -1 244 8 0 24 3 0 2 2 9 3 3 122 4859 3644 1781 1138 38 61 91 5691 1102 3287 2 0
89 0
90 0
91 0
92 0
93 0
94 0
95 1
96 -1 -1 7807 8 0 0 0 0 0 0 32 0 0 1
97 -1 -1 7806 8 0 0 0 0 0 0 46 0 0 3903 -3375 -2088 -1111 -3139 4 1
98 -1 -1 3902 8 0 2 0 0 0 0 23 0 0 1951 -1088 6012 -1680 -7487 68 1
99 -1 -1 1950 8 0 3 0 0 0 0 7 0 0 975 -1233 -6314 -318 -7211 2 0
100 0
101 1
102 -1 -1 3899 8 0 0 0 0 2 0 0 0 0 0
103 1
104 -1 -1 7797 8 0 0 0 0 0 0 32 0 0 1
105 -1 -1 7796 8 0 0 0 0 0 0 46 0 0 3898 -38 -7794 -1805 -3735 254 1949 -2713 -1582 -2428 -639 345 1
106 -1 -1 1948 8 0 0 0 0 11 0 41 0 0 974 -56 3457 2755 -4219 42 487 -2418 -4995 2324 -5190 13 0
107 0
108 1
109 -1 -1 1947 8 0 1 0 0 10 0 0 0 0 0
110 0
111 1
112 -1 -1 7787 8 0 0 0 0 6 0 0 0 0 1
113 -1 -1 7786 8 0 1 0 0 6 0 75 0 0 3893 4159 7509 448 5778 11 1
114 -1 -1 3892 8 0 2 0 0 5 0 0 0 0 1946 3799 4127 3236 -5031 14 973 -3705 -578 4458 6165 21 1
115 -1 -1 972 8 0 13 0 0 15 2 5 7 14 486 -1949 6744 2951 5142 19 243 932 817 -3272 7952 298 0
116 1
117 -1 -1 485 8 0 9 0 5 7 0 13 2 0 1
118 -1 -1 484 8 0 1 1 0 5 41 0 0 0 242 994 7846 1455 -7633 53 121 -474 1317 3295 -6263 5 0
119 0
120 1
121 -1 -1 483 8 0 1 14 18 13 0 0 1 0 1
122 -1 -1 482 8 0 9 0 0 29 0 15 2 4 241 3834 3010 -1837 5840 11 0
123 0
124 0
125 0
126 1
127 -1 -1 3855 8 0 1 0 0 7 0 19 0 0 0
128 1
129 -1 -1 7709 8 0 0 0 0 0 0 8 0 0 1
130 -1 -1 7708 8 0 6 0 0 78 0 7 0 0 3854 -2095 -3153 -579 4355 118 1927 -3207 -3567 -3394 -910 5 0
131 0
132 1
133 -1 -1 7707 8 0 3 1 1 53 0 32 0 0 1
134 -1 -1 7706 8 0 8 0 0 49 0 145 0 0 3853 3781 4827 1402 3227 5 1
135 -1 -1 3852 8 0 10 0 0 15 1 7 2 0 1926 -750 7685 390 5768 0 963 -2645 6128 4253 -1907 23 0
136 1
137 -1 -1 1925 8 0 10 4 0 12 0 1 7 0 0
138 1
139 -1 -1 3849 8 0 5 0 0 0 0 0 0 0 0
140 1
141 -1 -1 7697 8 0 0 0 0 0 0 5 0 0 1
142 -1 -1 7696 8 0 19 0 0 83 0 12 0 0 3848 3421 2604 3438 733 18 1924 -4209 2607 -1864 -2969 206 962 -2926 -1535 -1194 -6173 91 481 3121 4954 2554 3301 1 0
143 1
144 -1 -1 961 8 0 9 0 0 11 0 28 0 0 1
145 -1 -1 960 8 0 20 0 0 5 0 7 0 6 480 4756 -3745 4654 -7178 7 240 567 2275 -4550 -6309 331 120 -3259 5133 4433 -6717 310 60 -165 5833 -289 279 20 30 -64 -1165 4488 -986 63 15 1522 -2124 283 -1340 0 0
146 0
147 0
148 0
149 1
150 -1 -1 239 8 0 12 0 0 3 4 1 48 0 0
151 1
152 -1 -1 477 8 0 1 0 0 3 0 3 0 9 0
153 0
154 1
155 -1 -1 1907 8 0 0 0 0 0 32 0 3 0 1
156 -1 -1 1906 8 0 10 2 0 10 15 0 1 0 953 -999 3589 -919 5774 174 1
157 -1 -1 952 8 0 1 0 0 1 0 0 4 4 476 -200 -1595 -656 -4136 0 238 132 4593 4232 -1488 11 119 261 -2092 -2477 6976 24 0
158 1
159 -1 -1 237 8 0 9 7 0 4 30 1 0 0 0
160 0
161 1
162 -1 -1 947 8 0 2 22 0 0 0 5 0 1 1
163 -1 -1 946 8 0 3 0 4 15 0 26 0 0 473 2520 568 4867 -3695 163 0
164 0
165 0
166 1
167 -1 -1 3783 8 0 3 0 0 0 0 0 2 0 0
168 1
169 -1 -1 7565 8 0 0 0 0 3 0 0 0 0 1
170 -1 -1 7564 8 0 2 0 0 1 0 0 0 68 3782 -4099 3788 -2615 1055 368 1891 751 1982 2329 5003 3 1
171 -1 -1 1890 8 0 5 9 2 6 6 3 0 18 945 1959 -2866 774 1285 3 1
172 -1 -1 944 8 0 14 12 1 13 0 18 4 3 472 254 436 953 -6923 88 236 1414 5986 2233 4517 6 118 1973 -605 1357 4607 399 59 -2782 1326 -4895 -4074 282 0
173 0
174 0
175 1
176 -1 -1 471 8 0 42 0 0 1 0 0 0 0 0
177 1
178 -1 -1 941 8 0 16 0 0 2 2 0 1 3 1
179 -1 -1 940 8 0 1 0 0 10 0 0 2 53 470 -1516 6294 -3723 6705 2 235 11 -3748 4643 7399 46 0
180 0
181 0
182 1
183 -1 -1 1879 8 0 21 0 0 11 0 1 0 3 0
184 1
185 -1 -1 3757 8 0 2 0 0 5 0 0 0 0 0
186 1
187 -1 -1 7513 8 0 9 0 0 1 0 72 0 0 1
188 -1 -1 7512 8 0 9 0 0 0 0 4 0 0 3756 3608 -4372 -2159 1981 33 1878 4163 -4197 -2398 7232 83 939 3781 -3245 -2077 4178 60 1
189 -1 -1 938 8 0 45 0 0 19 0 0 0 0 469 3907 -3241 -2676 6061 44 0
190 0
191 1
192 -1 -1 1875 8 0 6 0 0 24 0 11 0 0 0
193 1
194 -1 -1 3749 8 0 16 0 9 1 5 0 0 0 0
195 1
196 -1 -1 7497 8 0 31 0 0 12 0 1 0 0 1
197 -1 -1 7496 8 0 78 0 0 2 0 0 0 1 3748 -1588 -6732 -1077 -1617 0 1874 2453 -3043 2742 4988 31 937 3582 6186 4795 2605 2 0
198 0
199 0
200 1
201 -1 -1 7495 8 0 43 0 0 9 0 0 0 0 1
202 -1 -1 7494 8 0 163 0 0 2 0 0 0 0 3747 -96 3353 4945 -2948 12 0
203 1
204 -1 -1 7493 8 0 104 0 0 2 0 4 0 0 1
205 -1 -1 7492 8 0 13 0 0 3 0 15 0 0 3746 -3597 4719 -3806 -6084 394 1873 4223 -7821 -4297 5379 179 0
206 1
207 -1 -1 3745 8 0 0 0 0 0 0 0 0 7 0
208 1
209 -1 -1 7489 8 0 76 0 0 14 0 0 0 0 1
210 -1 -1 7488 8 0 5 0 0 1 4 0 0 2 3744 -173 588 1094 6796 1 1872 3360 -914 4028 -1794 15 936 3088 -7713 -3803 4726 4 468 -2309 5658 2374 -6281 355 234 4476 -2912 1882 3152 23 117 -1002 -906 3795 1129 209 0
211 0
212 0
213 1
214 -1 -1 935 8 0 17 0 0 11 7 0 12 7 0
215 1
216 -1 -1 1869 8 0 11 4 0 2 0 4 0 0 1
217 -1 -1 1868 8 0 15 0 36 1 0 0 0 1 934 1589 -7110 -3215 -3520 6 467 4123 5872 -3831 -1762 3 0
218 1
219 -1 -1 933 8 0 6 0 3 7 0 1 12 6 0
220 1
221 -1 -1 1865 8 0 14 1 0 2 0 12 0 0 0
222 0
223 1
224 -1 -1 7459 8 0 98 0 0 12 0 3 0 0 1
225 -1 -1 7458 8 0 123 0 0 0 0 0 0 0 3729 2816 -411 -2409 -51 10 1
226 -1 -1 3728 8 0 28 0 2 1 2 5 1 3 1864 4475 -2565 -3243 6180 1 932 513 -6156 518 565 28 466 1610 -2943 2769 997 97 233 2526 1863 1298 -2271 4 0
227 0
228 0
229 0
230 0
231 1
232 -1 -1 7455 8 0 3 0 1 0 5 0 0 0 1
233 -1 -1 7454 8 0 4 2 86 0 0 0 0 0 3727 -4968 -2333 -3464 6161 134 1
234 -1 -1 3726 8 0 15 0 3 1 1 0 0 0 1863 -401 -3077 -2472 -5261 10 0
235 1
236 -1 -1 3725 8 0 19 0 10 3 0 6 1 0 0
237 1
238 -1 -1 7449 8 0 5 0 0 0 4 0 64 3 1
239 -1 -1 7448 8 0 26 0 5 2 0 0 8 4 3724 2069 -3886 2612 -1059 8 1862 4693 -45 -1643 405 6 931 4933 7777 -4358 6091 330 0
240 0
241 1
242 -1 -1 3723 8 0 11 0 0 0 0 2 0 0 0
243 1
244 -1 -1 7445 8 0 7 0 0 0 0 0 0 0 1
245 -1 -1 7444 8 0 22 0 0 0 0 0 95 1 3722 62 3604 -4090 1663 20 1861 -645 -7685 1733 38 0 0
246 1
247 -1 -1 3721 8 0 0 0 0 1 0 0 0 9 1
248 -1 -1 3720 8 0 17 0 0 0 44 0 0 0 1860 -4534 2522 -1964 2580 6 930 146 -284 3317 -5726 399 465 1720 -3540 -4260 4940 4 0
249 1
250 -1 -1 929 8 0 6 32 1 1 2 0 0 6 0
251 1
252 -1 -1 1857 8 0 1 5 0 0 0 0 11 1 1
253 -1 -1 1856 8 0 53 1 3 4 0 0 0 0 928 -113 -6055 -1767 7028 190 464 303 1926 -1989 -2596 9 232 -359 269 -1946 6470 284 116 3311 3088 -3587 -6839 3 58 -587 6376 -4752 -3834 322 29 2186 7645 1483 -895 4 0
254 0
255 0
256 1
257 -1 -1 231 8 0 0 0 1 10 0 4 0 45 1
258 -1 -1 230 8 0 8 30 0 16 0 2 3 7 115 1449 -2934 4498 -4144 371 0
259 1
260 -1 -1 229 8 0 7 15 15 16 0 0 0 0 0
261 1
262 -1 -1 457 8 0 24 6 0 4 13 0 5 0 0
263 0
264 1
265 -1 -1 1827 8 0 0 0 0 16 0 25 0 1 0
266 1
267 -1 -1 3653 8 0 3 2 0 0 4 0 1 0 0
268 1
269 -1 -1 7305 8 0 0 0 0 23 0 0 1 0 1
270 -1 -1 7304 8 0 22 0 0 34 0 7 0 0 3652 2991 -3782 3641 1170 12 1826 4850 352 1110 437 12 913 -1403 6021 4333 4031 33 0
271 1
272 -1 -1 1825 8 0 12 1 1 35 0 1 0 2 0
273 1
274 -1 -1 3649 8 0 0 0 0 3 0 0 0 1 0
275 1
276 -1 -1 7297 8 0 10 0 0 7 0 1 0 0 1
277 -1 -1 7296 8 0 74 0 0 5 0 0 0 0 3648 2516 -3551 -2211 3841 13 1824 4792 1336 4736 -1804 8 912 -1200 7079 4991 -7469 203 456 3851 5992 3395 4444 1 228 -1042 7653 4554 1451 214 114 -4765 -3292 1619 -4066 251 57 -3000 2762 3438 5620 277 0
278 0
279 0
280 0
281 1
282 -1 -1 911 8 0 0 0 0 1 0 0 0 0 0
283 0
284 1
285 -1 -1 3643 8 0 0 0 0 0 0 0 0 12 0
286 1
287 -1 -1 7285 8 0 0 0 0 0 0 0 0 22 1
288 -1 -1 7284 8 0 0 0 0 0 0 0 0 61 3642 -4365 289 -460 7400 166 1821 2727 639 2919 1486 156 1
289 -1 -1 1820 8 0 0 0 0 0 0 0 0 48 910 1846 -6929 -3310 2866 306 455 3783 1204 -4241 -6384 322 1
290 -1 -1 454 8 0 4 24 0 1 0 0 0 6 227 -2123 2792 4818 508 206 0
291 1
292 -1 -1 453 8 0 0 0 25 6 1 0 6 4 1
293 -1 -1 452 8 0 1 2 0 1 0 0 4 48 226 4465 7298 -2324 -7515 211 113 -232 -4790 -4628 1257 6 0
294 0
295 1
296 -1 -1 451 8 0 0 0 2 3 0 0 27 14 1
297 -1 -1 450 8 0 7 10 0 9 2 0 1 20 225 2509 -1683 1452 -336 15 0
298 0
299 0
300 1
301 -1 -1 1799 8 0 1 2 0 0 0 0 0 4 0
302 1
303 -1 -1 3597 8 0 0 34 0 0 0 0 0 0 1
304 -1 -1 3596 8 0 0 59 0 0 0 0 0 0 1798 1465 -4778 1206 3490 251 899 -567 3977 4929 -4328 6 1
305 -1 -1 898 8 0 3 39 1 5 0 0 7 10 449 -4724 2268 1102 4679 8 0
306 1
307 -1 -1 897 8 0 0 1 1 2 0 1 1 40 0
308 1
309 -1 -1 1793 8 0 2 42 0 0 0 0 0 11 1
310 -1 -1 1792 8 0 5 20 0 15 13 1 2 7 896 -1206 4566 -1264 1506 9 448 -3253 7302 1463 7680 260 224 1838 -1210 2656 2808 376 112 3082 7078 -1909 -4324 285 56 2103 -2308 -4525 5456 341 28 4017 999 -4505 -6588 397 14 815 86 -3208 6887 0 7 4555 3676 4670 -1167 3 0
311 0
312 0
313 0
314 0
315 1
316 -1 -1 223 8 0 3 0 0 1 0 0 0 47 1
317 -1 -1 222 8 0 13 0 0 10 4 1 2 5 111 -1622 -1865 4905 -4635 17 0
318 1
319 -1 -1 221 8 0 9 0 0 1 0 19 0 1 1
320 -1 -1 220 8 0 17 15 0 17 0 1 0 1 110 3254 4864 -4135 5245 328 55 -122 -915 -1022 4140 382 0
321 0
322 1
323 -1 -1 219 8 0 43 0 0 1 2 0 0 0 1
324 -1 -1 218 8 0 8 1 1 0 22 0 1 0 109 -465 -260 -4561 6984 38 0
325 0
326 1
327 -1 -1 435 8 0 11 0 0 0 0 0 0 0 0
328 1
329 -1 -1 869 8 0 3 0 0 3 0 0 0 0 0
330 1
331 -1 -1 1737 8 0 3 0 0 1 0 0 0 0 0
332 1
333 -1 -1 3473 8 0 2 0 0 0 0 0 0 0 0
334 1
335 -1 -1 6945 8 0 2 0 0 0 0 0 1 0 1
336 -1 -1 6944 8 0 0 0 0 0 0 0 104 0 3472 -1363 3266 -91 3385 2 1736 -3366 -7423 -3823 -1870 43 868 1700 7505 -1297 5249 40 434 4038 -1343 226 -6830 14 217 1183 5139 2018 -4324 107 0
337 1
338 -1 -1 433 8 0 27 9 4 3 1 0 11 2 1
339 -1 -1 432 8 0 49 0 0 1 2 6 2 3 216 -2824 -1446 -4821 -6458 173 108 2956 2764 2539 5795 375 54 3647 6513 -718 7204 5 27 2332 7655 780 2724 2 0
340 0
341 0
342 0
343 1
344 -1 -1 431 8 0 0 23 0 5 0 0 4 0 0
345 1
346 -1 -1 861 8 0 0 0 2 2 14 0 0 37 0
347 0
348 0
349 1
350 -1 -1 6887 8 0 2 0 0 0 0 0 0 0 1
351 -1 -1 6886 8 0 1 4 0 0 0 0 0 123 3443 3594 7753 2370 5102 210 1
352 -1 -1 3442 8 0 4 0 0 0 0 0 0 2 1721 -2083 -370 4754 2391 20 1
353 -1 -1 1720 8 0 1 6 0 2 0 0 0 6 860 -2627 6532 -3918 7466 0 430 -4178 3855 -1983 -1173 51 215 3164 -4310 1529 1025 391 0
354 1
355 -1 -1 429 8 0 1 2 3 0 0 0 0 58 0
356 0
357 1
358 -1 -1 1715 8 0 0 0 0 0 0 6 0 3 0
359 0
360 1
361 -1 -1 6859 8 0 0 0 67 0 0 0 0 0 1
362 -1 -1 6858 8 0 0 0 3 0 0 0 0 0 3429 1574 4261 4804 -2550 209 1
363 -1 -1 3428 8 0 0 0 3 0 0 0 0 4 1714 -2823 3212 4414 1180 254 857 -4716 7711 1174 7977 234 1
364 -1 -1 856 8 0 1 0 0 1 4 1 0 3 428 1973 5195 -2280 -5994 295 214 265 2640 3414 7669 28 107 -4654 3642 -2219 -7290 400 0
365 0
366 0
367 1
368 -1 -1 855 8 0 0 0 0 1 0 0 0 2 0
369 0
370 1
371 -1 -1 3419 8 0 0 0 0 1 0 0 0 0 0
372 1
373 -1 -1 6837 8 0 0 61 0 0 0 0 0 0 1
374 -1 -1 6836 8 0 0 15 0 0 0 0 0 0 3418 475 1028 3166 5383 279 1709 267 -5540 101 -7291 54 1
375 -1 -1 1708 8 0 6 44 0 0 0 1 0 0 854 -4104 3877 -3238 155 9 427 284 6759 -2370 -7621 381 0
376 1
377 -1 -1 853 8 0 13 0 0 3 0 0 0 0 0
378 1
379 -1 -1 1705 8 0 1 0 0 0 0 0 0 21 1
380 -1 -1 1704 8 0 6 33 0 2 0 0 0 11 852 -1649 5514 479 1714 368 426 -172 6341 769 4122 316 213 1157 4366 -1836 7257 0 0
381 0
382 0
383 1
384 -1 -1 1703 8 0 21 2 17 3 0 0 0 7 0
385 1
386 -1 -1 3405 8 0 0 0 4 0 0 0 0 59 1
387 -1 -1 3404 8 0 3 1 0 2 0 0 0 6 1702 -1293 -2380 2137 4743 7 851 -2291 3662 -4163 6505 0 0
388 1
389 -1 -1 1701 8 0 11 44 1 0 0 0 0 5 1
390 -1 -1 1700 8 0 24 4 0 2 0 0 0 18 850 -3179 151 -1863 6629 21 425 -2559 7913 2569 123 11 0
391 1
392 -1 -1 849 8 0 11 2 8 5 23 0 0 1 0
393 1
394 -1 -1 1697 8 0 4 8 23 0 0 0 2 0 1
395 -1 -1 1696 8 0 12 17 0 0 0 1 0 3 848 -912 -1875 -4078 4945 6 424 -1647 7983 3344 -2759 323 212 -2017 -234 -4092 -3946 5 106 -4575 7281 911 3887 400 53 -63 6521 -236 76 3 0
396 0
397 0
398 0
399 1
400 -1 -1 847 8 0 10 0 4 23 0 18 0 0 0
401 1
402 -1 -1 1693 8 0 2 5 40 4 0 0 0 0 1
403 -1 -1 1692 8 0 11 1 6 5 0 8 0 0 846 2112 4848 2774 -589 296 423 -3106 3869 4847 -3876 5 0
404 1
405 -1 -1 845 8 0 23 0 5 7 0 0 2 0 1
406 -1 -1 844 8 0 8 2 1 0 25 0 0 1 422 196 7096 -48 -1073 29 211 2107 2633 -3812 182 1 0
407 0
408 0
409 1
410 -1 -1 1687 8 0 3 2 0 1 3 0 0 37 1
411 -1 -1 1686 8 0 3 36 0 2 0 0 0 12 843 3687 6852 -599 -1418 266 0
412 0
413 1
414 -1 -1 3371 8 0 0 0 0 1 0 0 0 0 0
415 1
416 -1 -1 6741 8 0 0 0 0 0 7 0 0 0 1
417 -1 -1 6740 8 0 0 0 0 0 72 0 0 0 3370 1985 -1732 -2039 3685 307 1685 3042 2117 2056 2158 390 1
418 -1 -1 1684 8 0 2 0 0 1 0 0 0 0 842 -3768 6941 -4944 -1615 0 421 2639 1824 3826 -5370 139 0
419 0
420 0
421 1
422 -1 -1 3367 8 0 3 14 4 1 8 0 0 7 0
423 1
424 -1 -1 6733 8 0 0 1 43 0 0 0 0 0 1
425 -1 -1 6732 8 0 6 1 13 6 0 14 0 0 3366 -2968 6672 -2668 3410 78 1683 4555 5921 3050 2521 17 0
426 1
427 -1 -1 3365 8 0 5 30 0 0 2 0 0 7 1
428 -1 -1 3364 8 0 15 2 2 7 2 1 0 1 1682 3352 7443 -2648 2845 330 841 -2260 7956 3253 -5605 10 0
429 0
430 1
431 -1 -1 3363 8 0 1 0 0 1 0 0 0 1 0
432 1
433 -1 -1 6725 8 0 0 0 0 1 0 0 0 0 1
434 -1 -1 6724 8 0 0 0 0 0 0 0 0 70 3362 -2953 2613 138 -1140 311 1681 2990 1953 -4738 1823 396 1
435 -1 -1 1680 8 0 22 0 9 2 3 0 0 24 840 1599 3790 2809 950 6 420 4477 7015 -2210 1662 4 210 4238 3258 196 7684 83 105 -1975 7884 -909 -2157 56 0
436 0
437 1
438 -1 -1 419 8 0 16 0 2 10 2 10 0 0 0
439 0
440 0
441 0
442 1
443 -1 -1 6703 8 0 0 0 0 0 0 0 0 60 1
444 -1 -1 6702 8 0 0 2 0 0 0 0 0 8 3351 3242 5540 -1907 1039 3 1
445 -1 -1 3350 8 0 1 0 0 0 0 0 4 6 1675 2092 2650 44 -3203 7 1
446 -1 -1 1674 8 0 10 4 4 4 0 1 0 17 837 -860 5582 -78 776 0 1
447 -1 -1 836 8 0 12 3 5 6 0 3 4 0 418 2308 5486 631 -4478 172 209 4877 1401 -3956 -6251 4 0
448 0
449 0
450 1
451 -1 -1 1671 8 0 25 12 0 0 0 0 0 8 1
452 -1 -1 1670 8 0 26 0 6 0 0 2 0 0 835 -1931 396 256 -4620 398 0
453 1
454 -1 -1 1669 8 0 17 0 0 3 0 2 0 0 0
455 1
456 -1 -1 3337 8 0 11 0 0 6 0 0 0 0 1
457 -1 -1 3336 8 0 9 0 31 8 0 1 3 2 1668 -2345 -776 4166 4037 1 834 4881 -505 1536 -1155 177 417 -3747 7117 3150 574 396 0
458 0
459 1
460 -1 -1 1667 8 0 24 0 0 7 0 0 0 0 0
461 1
462 -1 -1 3333 8 0 11 0 0 0 0 3 0 0 0
463 1
464 -1 -1 6665 8 0 7 0 0 0 0 2 0 0 1
465 -1 -1 6664 8 0 104 0 0 0 0 0 0 0 3332 2526 7600 4259 1839 255 1666 -4713 -2365 3106 3354 266 833 1558 -1605 -2886 748 14 1
466 -1 -1 832 8 0 7 0 3 0 0 0 7 0 416 -519 -3571 2396 -1816 0 208 -3413 7086 110 -3601 3 104 1826 6592 4185 3660 4 52 4932 6739 -4460 3484 10 26 -2284 2412 4733 6141 398 13 4940 -7126 -3364 1859 1 0
467 0
468 0
469 0
470 0
471 0
472 0
473 1
474 -1 -1 1663 8 0 3 36 9 12 0 0 1 0 1
475 -1 -1 1662 8 0 7 0 0 1 24 0 6 6 831 -2384 -1429 783 -4164 202 0
476 1
477 -1 -1 1661 8 0 1 3 0 5 1 1 0 0 0
478 1
479 -1 -1 3321 8 0 0 2 0 0 0 0 0 0 0
480 1
481 -1 -1 6641 8 0 0 0 0 0 0 0 0 90 1
482 -1 -1 6640 8 0 0 0 0 1 0 0 0 0 3320 -3481 4826 3726 4502 52 1660 3176 2362 1901 1040 1 830 -2002 -1418 4730 -1131 319 415 -2311 7617 3741 -7757 374 0
483 0
484 0
485 1
486 -1 -1 3319 8 0 0 2 0 0 0 1 0 0 0
487 1
488 -1 -1 6637 8 0 0 0 0 2 5 0 0 0 1
489 -1 -1 6636 8 0 0 0 1 0 131 0 0 0 3318 -2319 3379 1841 1541 333 1659 544 4516 -1992 -6627 351 1
490 -1 -1 1658 8 0 2 3 14 3 10 3 0 0 829 -2940 3973 -875 -636 1 1
491 -1 -1 828 8 0 0 8 5 5 8 3 0 26 414 -3080 2875 4031 1550 323 207 -3488 4586 2417 -6516 350 0
492 1
493 -1 -1 413 8 0 1 1 54 0 1 0 0 0 0
494 1
495 -1 -1 825 8 0 0 14 0 18 0 0 0 2 1
496 -1 -1 824 8 0 0 3 29 3 0 0 0 11 412 -4643 -1960 -3969 -6068 2 206 1020 7623 -3445 528 77 103 -4919 7840 111 -6967 58 0
497 0
498 0
499 1
500 -1 -1 823 8 0 0 2 0 3 3 0 0 8 0
501 0
502 1
503 -1 -1 3291 8 0 0 0 0 1 0 0 0 0 0
504 1
505 -1 -1 6581 8 0 0 1 0 0 0 0 0 0 1
506 -1 -1 6580 8 0 0 0 100 0 0 0 0 0 3290 -4699 7851 2691 -659 277 1645 1794 -7478 3420 1374 333 1
507 -1 -1 1644 8 0 0 14 12 0 1 0 0 0 822 1512 -36 3065 -1680 232 411 4166 -7594 -3783 -800 66 0
508 0
509 0
510 0
511 1
512 -1 -1 6575 8 0 0 12 0 0 0 0 0 45 1
513 -1 -1 6574 8 0 0 100 4 4 0 0 3 8 3287 -4465 2984 -1273 4128 3 0
514 1
515 -1 -1 6573 8 0 5 90 2 3 36 0 0 2 1
516 -1 -1 6572 8 0 5 445 54 2 14 1 2 2 3286 -4030 3419 -4484 -6894 309 1643 -4425 5981 3559 7982 300 0
517 1
518 -1 -1 3285 8 0 0 0 52 0 0 0 0 5 1
519 -1 -1 3284 8 0 1 15 1 1 4 0 0 0 1642 897 3206 367 -5529 305 821 -2230 7395 -1640 527 9 0
520 1
521 -1 -1 1641 8 0 26 0 1 3 7 4 0 3 0
522 1
523 -1 -1 3281 8 0 11 0 10 0 3 0 0 2 0
524 1
525 -1 -1 6561 8 0 8 47 8 6 9 3 0 0 1
526 -1 -1 6560 8 0 0 69 2 8 1 0 25 24 3280 -1663 6500 -361 -3308 397 1640 -269 202 1117 -2488 369 820 349 -3605 -4655 -5027 330 410 -461 734 -1673 -4615 229 205 3514 3948 -2998 7217 12 0
527 0
528 1
529 -1 -1 819 8 0 2 28 5 3 4 0 0 0 0
530 0
531 0
532 1
533 -1 -1 6551 8 0 0 6 0 3 0 0 0 0 1
534 -1 -1 6550 8 0 0 2 58 2 0 0 2 0 3275 -772 3540 -3541 6447 4 1
535 -1 -1 3274 8 0 0 0 0 0 0 0 30 2 1637 -2185 6116 3524 -4326 35 0
536 0
537 1
538 -1 -1 6547 8 0 0 0 1 0 2 0 11 0 1
539 -1 -1 6546 8 0 0 0 0 0 0 0 114 0 3273 -3260 6083 -1204 4604 23 1
540 -1 -1 3272 8 0 1 5 1 7 0 0 0 0 1636 -1553 6628 -1758 -6351 277 818 -743 2676 2740 -7008 282 409 522 7251 2559 -5039 364 0
541 0
542 0
543 1
544 -1 -1 3271 8 0 3 7 0 3 11 1 0 0 0
545 1
546 -1 -1 6541 8 0 0 1 0 0 5 1 0 0 1
547 -1 -1 6540 8 0 1 42 83 3 1 0 2 0 3270 -3972 2262 -583 6999 7 1635 -3282 7354 3953 -2712 315 0
548 1
549 -1 -1 3269 8 0 1 0 0 0 0 0 0 14 0
550 1
551 -1 -1 6537 8 0 5 117 7 8 1 0 2 0 1
552 -1 -1 6536 8 0 0 0 16 1 0 0 4 1 3268 4761 -7004 4564 -2575 0 1634 -4839 5187 -4520 -6330 313 817 257 7437 -246 -132 10 0
553 0
554 1
555 -1 -1 3267 8 0 0 0 0 0 0 0 0 15 0
556 1
557 -1 -1 6533 8 0 1 7 0 0 0 0 0 1 1
558 -1 -1 6532 8 0 1 0 0 2 0 1 59 1 3266 -51 -181 4902 1810 320 1633 4188 -2125 3816 -553 21 0
559 0
560 1
561 -1 -1 6531 8 0 0 39 0 0 0 0 0 3 1
562 -1 -1 6530 8 0 0 3 18 0 17 0 0 0 3265 -3511 3782 -2094 -907 16 0
563 1
564 -1 -1 6529 8 0 0 3 0 10 10 2 2 4 1
565 -1 -1 6528 8 0 3 16 3 4 0 1 1 50 3264 3508 6724 -2622 -3460 15 1632 4873 5891 4466 -1688 144 816 -1922 1823 3165 -169 268 408 -3867 6727 -4843 308 14 204 1084 728 3387 -6680 278 102 -639 6521 4287 -2387 288 51 -4858 965 3230 -938 296 0
566 0
567 0
568 0
569 0
570 0
571 1
572 -1 -1 3263 8 0 5 0 0 5 0 0 0 0 0
573 1
574 -1 -1 6525 8 0 1 0 0 0 0 1 0 0 1
575 -1 -1 6524 8 0 0 76 0 4 0 0 0 0 3262 1747 -2699 -4882 1792 30 1631 1613 2781 4244 -2077 397 0
576 1
577 -1 -1 3261 8 0 0 1 0 2 40 0 0 0 0
578 1
579 -1 -1 6521 8 0 0 36 11 44 6 8 0 0 1
580 -1 -1 6520 8 0 0 0 35 2 0 0 0 1 3260 -2530 180 3848 -5883 297 1630 2122 5732 2208 1805 38 815 -459 2920 1661 -5932 359 0
581 1
582 -1 -1 1629 8 0 18 10 23 0 1 0 0 1 0
583 0
584 1
585 -1 -1 6515 8 0 0 176 2 3 1 0 0 0 1
586 -1 -1 6514 8 0 0 89 136 4 12 5 0 0 3257 4768 3589 1394 -4689 369 0
587 1
588 -1 -1 6513 8 0 0 0 0 0 0 3 3 0 1
589 -1 -1 6512 8 0 0 184 3 9 0 0 0 0 3256 362 6841 4879 4675 354 1628 4985 7510 -3881 3304 47 814 34 4601 1952 -2034 397 407 -4877 -567 -2846 -5376 3 0
590 0
591 0
592 0
593 1
594 -1 -1 6511 8 0 1 0 0 2 0 5 0 0 1
595 -1 -1 6510 8 0 0 66 0 8 0 0 0 0 3255 2727 2291 -2835 -614 23 1
596 -1 -1 3254 8 0 0 0 0 14 0 25 0 0 1627 -4122 3126 -3924 -4907 353 0
597 1
598 -1 -1 3253 8 0 0 0 0 54 0 1 0 0 1
599 -1 -1 3252 8 0 3 12 0 9 5 0 0 0 1626 4080 5953 554 -6380 331 813 3497 5695 3695 -7044 353 0
600 1
601 -1 -1 1625 8 0 0 0 0 8 0 0 1 8 0
602 1
603 -1 -1 3249 8 0 0 5 0 14 0 4 0 0 1
604 -1 -1 3248 8 0 0 4 49 3 0 0 0 0 1624 1475 3259 -759 4083 4 812 4978 -3282 -216 -6349 7 406 -1282 3309 1012 -5470 331 203 2429 7735 2719 495 0 0
605 0
606 1
607 -1 -1 811 8 0 5 9 3 6 0 14 1 11 0
608 1
609 -1 -1 1621 8 0 2 3 0 0 0 1 0 1 0
610 1
611 -1 -1 3241 8 0 0 0 0 5 0 3 0 0 0
612 1
613 -1 -1 6481 8 0 1 0 0 2 0 1 0 0 1
614 -1 -1 6480 8 0 0 0 73 1 0 0 0 0 3240 -3680 2621 -543 -3594 119 1620 -4391 641 3355 -3904 11 810 3215 3469 -2903 7468 24 405 3161 6572 -604 -2109 102 0
615 1
616 -1 -1 809 8 0 0 0 3 4 22 10 0 6 0
617 1
618 -1 -1 1617 8 0 0 2 1 6 0 0 0 35 0
619 1
620 -1 -1 3233 8 0 0 5 0 0 0 0 0 10 0
621 1
622 -1 -1 6465 8 0 0 3 0 27 0 2 0 0 1
623 -1 -1 6464 8 0 2 21 0 8 8 0 0 0 3232 -445 4667 490 -4149 109 1616 -4786 2933 2938 1482 41 808 104 -1127 -3684 6082 300 404 -1443 5454 -1932 -75 9 202 -623 7951 -4772 -5152 342 101 -1413 6745 3162 -5398 290 0
624 0
625 0
626 1
627 -1 -1 807 8 0 0 8 1 10 0 0 0 41 0
628 1
629 -1 -1 1613 8 0 0 0 28 5 0 0 0 8 1
630 -1 -1 1612 8 0 3 0 0 18 0 0 8 1 806 -1631 7392 4989 2097 24 403 -1992 -6869 -2148 -2188 250 0
631 1
632 -1 -1 805 8 0 0 9 1 0 0 0 1 23 0
633 1
634 -1 -1 1609 8 0 0 3 0 2 8 2 1 3 0
635 1
636 -1 -1 3217 8 0 0 44 0 2 0 0 0 2 1
637 -1 -1 3216 8 0 7 24 5 26 0 2 0 4 1608 2578 -4314 -4637 7204 185 804 4895 5655 4326 -7244 112 402 -1551 5721 2783 5012 334 201 -3495 4217 -3954 -4876 8 0
638 0
639 0
640 0
641 1
642 -1 -1 3215 8 0 2 0 0 5 5 0 1 0 0
643 1
644 -1 -1 6429 8 0 5 3 5 0 2 0 0 0 1
645 -1 -1 6428 8 0 4 72 2 3 1 0 0 0 3214 -1528 -7932 3436 -3559 1 1607 -4284 4345 -1309 4573 7 1
646 -1 -1 1606 8 0 1 0 19 0 0 0 0 0 803 1011 7373 1723 -6302 352 0
647 0
648 0
649 1
650 -1 -1 6423 8 0 0 5 0 0 0 0 0 2 1
651 -1 -1 6422 8 0 0 0 80 0 2 0 0 0 3211 2578 5034 -152 4094 396 1
652 -1 -1 3210 8 0 1 8 4 1 5 0 0 20 1605 1780 7331 -2282 -5075 335 1
653 -1 -1 1604 8 0 0 5 1 0 0 7 12 19 802 4732 1198 -1827 973 0 401 -3331 5364 1591 -7038 334 0
654 0
655 1
656 -1 -1 1603 8 0 1 18 7 0 0 0 0 0 0
657 0
658 1
659 -1 -1 6411 8 0 0 0 0 1 115 0 0 0 1
660 -1 -1 6410 8 0 0 0 0 9 64 0 0 0 3205 1238 -1384 4447 -5743 3 1
661 -1 -1 3204 8 0 1 0 2 10 14 0 1 0 1602 1860 916 635 -5008 263 801 -201 -403 -3905 -904 298 0
662 0
663 0
664 1
665 -1 -1 6407 8 0 0 0 18 6 96 0 2 0 1
666 -1 -1 6406 8 0 2 12 190 20 113 0 2 0 3203 -4010 1646 4570 2793 10 0
667 1
668 -1 -1 6405 8 0 0 0 0 0 0 0 0 8 1
669 -1 -1 6404 8 0 2 33 246 29 20 0 0 0 3202 -4070 2255 3508 7948 292 1601 -1428 479 -4520 -4763 262 0
670 0
671 1
672 -1 -1 6403 8 0 0 0 35 6 2 0 0 0 1
673 -1 -1 6402 8 0 0 64 15 11 0 0 12 4 3201 3905 4047 -11 4892 255 0
674 1
675 -1 -1 6401 8 0 4 53 27 89 114 9 0 0 1
676 -1 -1 6400 8 0 5 19 92 28 29 0 0 11 3200 4225 6608 -4186 -91 4 1600 -1129 1061 -2355 3819 226 800 1833 7045 26 -6780 279 400 3751 7547 -1382 3105 305 200 4056 6283 -408 -6795 345 100 313 -7251 3011 5366 4 50 605 1245 -2336 -5952 302 25 -2097 6822 4907 1965 260 0
677 0
678 0
679 0
680 0
681 0
682 0
683 1
684 -1 -1 3199 8 0 0 7 1 2 0 0 0 0 0
685 1
686 -1 -1 6397 8 0 0 0 0 2 0 0 1 0 1
687 -1 -1 6396 8 0 0 1 205 6 0 0 0 0 3198 2702 6889 -3877 -3849 398 1599 1063 -2658 3500 4186 381 1
688 -1 -1 1598 8 0 0 0 9 12 0 0 0 9 799 1727 5691 1174 -553 24 0
689 1
690 -1 -1 1597 8 0 0 1 10 0 0 1 0 0 1
691 -1 -1 1596 8 0 1 0 0 1 0 0 0 56 798 934 7405 3032 1164 197 399 -268 7709 -1653 -7925 238 0
692 0
693 1
694 -1 -1 1595 8 0 0 0 1 0 0 1 0 35 0
695 1
696 -1 -1 3189 8 0 2 1 17 12 0 6 0 14 0
697 1
698 -1 -1 6377 8 0 0 1 8 0 0 0 0 0 1
699 -1 -1 6376 8 0 0 65 2 1 0 0 0 0 3188 -3692 4045 7 -3352 32 1594 4531 -4953 -3078 -1923 347 797 -2006 7728 2584 -7012 3 0
700 1
701 -1 -1 1593 8 0 4 0 0 2 0 1 13 10 0
702 0
703 1
704 -1 -1 6371 8 0 0 0 0 3 0 0 0 152 1
705 -1 -1 6370 8 0 0 0 3 2 0 0 0 16 3185 -2297 4468 -3654 -278 211 1
706 -1 -1 3184 8 0 0 13 11 9 0 0 0 23 1592 -3153 6417 -4265 -2837 220 796 2330 -1297 -4596 -1356 350 398 3214 6710 3115 3022 7 199 4562 5995 -978 -7038 81 0
707 0
708 1
709 -1 -1 795 8 0 6 1 5 1 0 17 0 0 0
710 1
711 -1 -1 1589 8 0 7 0 1 2 23 0 7 0 1
712 -1 -1 1588 8 0 13 0 9 0 0 0 5 11 794 -1453 -1784 953 7377 247 397 -1845 -1126 -451 -2910 7 0
713 0
714 1
715 -1 -1 1587 8 0 3 0 0 0 0 9 0 0 0
716 0
717 1
718 -1 -1 6347 8 0 0 1 0 1 0 0 0 215 1
719 -1 -1 6346 8 0 2 1 0 0 0 0 3 9 3173 4339 -7650 -807 2051 32 0
720 1
721 -1 -1 6345 8 0 3 13 0 12 0 0 0 95 1
722 -1 -1 6344 8 0 3 4 5 43 0 0 2 14 3172 1797 -7641 565 -5467 11 1586 4609 7826 -1318 7134 39 793 1142 1709 3950 4222 398 0
723 1
724 -1 -1 1585 8 0 0 0 0 2 0 0 43 11 1
725 -1 -1 1584 8 0 8 0 2 11 0 7 0 10 792 4981 5091 -4646 -5453 377 396 3596 -7261 3574 2536 147 198 -351 341 -3578 6200 338 99 839 5379 -3597 -67 12 0
726 0
727 1
728 -1 -1 395 8 0 3 1 7 1 0 0 9 18 0
729 0
730 0
731 1
732 -1 -1 3159 8 0 1 0 0 21 0 0 0 0 0
733 1
734 -1 -1 6317 8 0 1 0 0 0 0 34 0 0 1
735 -1 -1 6316 8 0 6 0 0 22 0 46 0 0 3158 -577 767 -664 6969 22 1579 2954 4371 -2380 63 357 0
736 1
737 -1 -1 3157 8 0 3 0 0 0 0 1 12 0 0
738 1
739 -1 -1 6313 8 0 2 0 0 15 0 0 6 0 1
740 -1 -1 6312 8 0 56 0 0 41 0 35 0 0 3156 -2660 7412 526 -3850 19 1578 4215 6768 580 1111 127 789 290 7537 -3582 -6349 38 0
741 0
742 1
743 -1 -1 3155 8 0 1 0 0 53 0 0 0 0 0
744 1
745 -1 -1 6309 8 0 1 2 4 2 0 0 0 0 1
746 -1 -1 6308 8 0 5 0 0 43 0 20 0 0 3154 2782 897 -511 -1261 13 1577 -4979 776 -4196 -2859 39 0
747 1
748 -1 -1 3153 8 0 0 0 4 0 0 0 0 10 0
749 1
750 -1 -1 6305 8 0 3 0 1 16 0 144 0 1 1
751 -1 -1 6304 8 0 1 0 0 53 0 41 0 4 3152 -3669 5401 -3271 -4631 30 1576 4643 -4411 2732 5441 163 788 -4513 2808 1380 -7651 20 394 -2365 -7736 -4669 2054 1 197 1587 1430 4943 647 58 0
752 0
753 0
754 1
755 -1 -1 1575 8 0 7 0 0 5 0 32 0 0 1
756 -1 -1 1574 8 0 11 2 0 9 0 2 10 0 787 -1080 -2443 513 -3790 3 0
757 1
758 -1 -1 1573 8 0 4 0 0 7 2 3 0 2 0
759 1
760 -1 -1 3145 8 0 0 0 0 2 4 1 0 0 0
761 1
762 -1 -1 6289 8 0 1 0 0 1 0 0 1 0 1
763 -1 -1 6288 8 0 1 0 137 3 0 0 0 0 3144 -2271 -5657 2326 6557 368 1572 3280 6002 4108 -4707 7 786 -3825 -7208 -4251 6452 318 393 -581 -5849 -3194 7783 379 0
764 1
765 -1 -1 785 8 0 5 0 14 5 25 4 0 0 0
766 0
767 1
768 -1 -1 3139 8 0 3 0 0 0 1 0 27 0 1
769 -1 -1 3138 8 0 0 44 3 1 0 1 16 0 1569 822 -2063 937 4284 346 0
770 1
771 -1 -1 3137 8 0 3 2 7 1 0 0 22 11 1
772 -1 -1 3136 8 0 9 0 0 22 10 15 11 2 1568 2971 -5233 -2242 3556 168 784 -202 -1882 -4012 3103 213 392 2899 -796 1929 3524 340 196 2061 1520 -3274 7673 330 98 1535 5085 -4987 -3096 239 49 3894 -6242 4838 735 142 0
773 0
774 0
775 0
776 0
777 0
778 1
779 -1 -1 3135 8 0 0 0 0 2 0 0 0 21 1
780 -1 -1 3134 8 0 4 36 12 1 0 0 0 0 1567 -1586 -3078 2642 -4354 41 0
781 0
782 1
783 -1 -1 6267 8 0 1 0 0 0 0 0 8 5 1
784 -1 -1 6266 8 0 0 0 0 8 0 0 0 254 3133 1260 1757 -2080 2299 397 0
785 1
786 -1 -1 6265 8 0 0 17 0 0 0 1 0 7 1
787 -1 -1 6264 8 0 0 0 3 0 0 1 0 76 3132 4501 6740 -4913 7413 398 1566 2323 5914 -4140 -7274 163 783 -1965 -150 1265 5754 375 0
788 1
789 -1 -1 1565 8 0 16 0 0 15 6 16 2 0 1
790 -1 -1 1564 8 0 3 1 0 5 0 3 6 24 782 2446 -4360 -4629 4340 335 391 386 797 -440 -5181 327 0
791 0
792 1
793 -1 -1 1563 8 0 2 21 2 0 4 0 0 0 0
794 1
795 -1 -1 3125 8 0 1 0 0 1 16 0 0 0 0
796 1
797 -1 -1 6249 8 0 5 0 0 13 0 6 0 1 1
798 -1 -1 6248 8 0 11 1 0 4 1 6 3 51 3124 -1077 3487 -4685 2003 400 1562 4593 189 -79 318 15 781 4244 7147 661 4297 392 0
799 1
800 -1 -1 1561 8 0 19 8 0 3 1 3 0 0 0
801 0
802 1
803 -1 -1 6243 8 0 8 1 0 7 2 0 134 1 1
804 -1 -1 6242 8 0 4 0 0 4 0 2 0 0 3121 3773 -1149 2515 -1315 0 1
805 -1 -1 3120 8 0 9 1 0 3 0 0 2 5 1560 -517 -579 -4443 -7858 9 780 -1754 1939 2320 2006 400 390 2237 1232 -1567 -3270 3 195 2029 3084 -775 6068 4 0
806 0
807 0
808 0
809 1
810 -1 -1 3119 8 0 0 0 15 0 2 0 0 1 1
811 -1 -1 3118 8 0 1 0 1 2 52 0 0 2 1559 -1032 7926 -1513 -141 291 0
812 1
813 -1 -1 3117 8 0 0 0 2 1 3 0 0 0 0
814 1
815 -1 -1 6233 8 0 0 0 102 0 0 0 0 0 1
816 -1 -1 6232 8 0 0 0 0 1 0 0 0 0 3116 -272 -6031 -2843 -4487 0 1558 3990 -4281 825 -7551 134 779 0 7727 -4261 224 273 0
817 0
818 0
819 1
820 -1 -1 6231 8 0 0 0 0 4 12 0 52 1 1
821 -1 -1 6230 8 0 0 16 2 6 0 0 0 0 3115 3152 4775 -870 -3871 8 0
822 1
823 -1 -1 6229 8 0 2 16 30 18 17 0 17 278 1
824 -1 -1 6228 8 0 1 27 16 2 75 0 5 34 3114 3863 2584 -3328 7442 13 1557 2213 -7928 -4125 -1641 172 0
825 0
826 1
827 -1 -1 6227 8 0 0 0 1 0 3 0 0 30 1
828 -1 -1 6226 8 0 0 0 0 1 0 0 141 33 3113 2413 7855 -2619 5720 331 0
829 1
830 -1 -1 6225 8 0 0 45 7 2 3 0 124 41 1
831 -1 -1 6224 8 0 0 55 102 14 4 0 23 103 3112 2148 184 -979 2805 268 1556 -2034 -2119 -4521 966 223 778 4768 -83 -3899 2901 18 389 1338 5230 2808 3219 45 0
832 0
833 0
834 0
835 1
836 -1 -1 6223 8 0 5 0 0 0 38 0 0 0 1
837 -1 -1 6222 8 0 5 3 4 3 43 8 125 4 3111 3385 -7513 4219 1945 379 0
838 1
839 -1 -1 6221 8 0 0 2 75 1 11 0 0 13 1
840 -1 -1 6220 8 0 2 22 38 19 280 0 26 34 3110 -301 -5835 -3007 -6664 324 1555 646 -109 -4995 -5679 350 0
841 0
842 1
843 -1 -1 6219 8 0 0 1 0 5 126 0 120 0 1
844 -1 -1 6218 8 0 1 10 64 17 61 0 5 53 3109 2520 -644 4011 5823 278 0
845 1
846 -1 -1 6217 8 0 2 107 6 10 10 2 27 25 1
847 -1 -1 6216 8 0 2 109 193 26 77 0 865 74 3108 4400 4968 -4476 7845 4 1554 679 -7976 -2188 4727 291 777 560 -261 -1174 4671 312 0
848 0
849 0
850 1
851 -1 -1 6215 8 0 0 4 12 3 3 0 30 0 1
852 -1 -1 6214 8 0 0 68 5 6 9 1 40 208 3107 4860 1480 2808 -1632 45 0
853 1
854 -1 -1 6213 8 0 0 138 20 12 13 0 3 0 1
855 -1 -1 6212 8 0 8 173 184 47 171 0 184 42 3106 3748 -3404 -3692 6915 258 1553 4009 -195 4472 3846 31 0
856 0
857 1
858 -1 -1 6211 8 0 1 92 82 0 2 0 0 0 1
859 -1 -1 6210 8 0 2 36 113 12 50 0 35 33 3105 -2439 -3675 4956 -833 239 0
860 1
861 -1 -1 6209 8 0 2 72 41 56 72 13 261 21 1
862 -1 -1 6208 8 0 17 155 369 284 730 24 273 50 3104 -1410 316 -4042 -1028 261 1552 582 -5136 4048 421 221 776 331 -972 4550 -6746 224 388 1263 -977 3303 2756 248 194 4562 3978 715 -7499 308 97 -778 -775 -4236 6391 363 0
863 0
864 0
865 0
866 1
867 -1 -1 1551 8 0 1 0 9 2 4 0 1 0 0
868 1
869 -1 -1 3101 8 0 2 2 0 10 0 2 0 7 0
870 1
871 -1 -1 6201 8 0 2 0 0 0 0 0 0 0 1
872 -1 -1 6200 8 0 0 97 0 7 0 0 0 0 3100 1606 2344 -2902 -2752 331 1550 2736 -7575 -2896 -1528 253 775 311 -643 2153 7639 297 0
873 0
874 1
875 -1 -1 3099 8 0 0 2 1 6 1 0 8 13 0
876 1
877 -1 -1 6197 8 0 0 0 0 1 0 4 0 0 1
878 -1 -1 6196 8 0 0 8 1 4 0 0 0 158 3098 -3431 6197 -1120 -397 371 1549 4493 -2662 4734 6536 198 1
879 -1 -1 1548 8 0 0 36 8 9 0 0 5 11 774 -2993 6894 4933 2236 0 387 1412 5090 -4075 5340 10 0
880 0
881 0
882 1
883 -1 -1 3095 8 0 0 0 5 0 17 0 0 0 1
884 -1 -1 3094 8 0 0 27 19 5 0 0 0 12 1547 2847 142 -2259 7528 280 0
885 1
886 -1 -1 3093 8 0 0 4 1 1 6 5 0 3 0
887 1
888 -1 -1 6185 8 0 0 2 0 4 0 0 0 90 1
889 -1 -1 6184 8 0 0 0 3 2 0 0 0 0 3092 3261 -6567 -733 -2755 1 1546 3326 4531 -290 -1652 18 773 1888 -6026 -904 6173 173 0
890 0
891 1
892 -1 -1 3091 8 0 1 3 1 23 2 3 0 2 0
893 1
894 -1 -1 6181 8 0 0 0 0 15 0 0 0 4 1
895 -1 -1 6180 8 0 1 2 0 10 0 2 0 97 3090 -4184 5556 -2376 3969 31 1545 2639 6703 -250 -4187 41 0
896 0
897 1
898 -1 -1 6179 8 0 2 11 1 31 0 2 0 33 1
899 -1 -1 6178 8 0 6 12 51 23 3 7 13 8 3089 1241 -1209 -3791 -4127 40 0
900 1
901 -1 -1 6177 8 0 15 1 0 54 0 56 0 5 1
902 -1 -1 6176 8 0 22 6 9 49 8 3 2 2 3088 2794 -7190 -1010 908 33 1544 3112 -7177 -4039 3711 172 772 -2321 6982 -230 -1044 16 386 -876 3816 -1414 258 24 193 4343 -4484 -2000 513 190 0
903 0
904 0
905 0
906 0
907 1
908 -1 -1 6175 8 0 1 23 4 1 1 0 20 2 1
909 -1 -1 6174 8 0 0 26 103 17 49 3 1 16 3087 3541 3943 2671 -5891 399 0
910 1
911 -1 -1 6173 8 0 0 64 0 33 1 0 2 0 1
912 -1 -1 6172 8 0 0 18 19 13 1 4 0 1 3086 -2042 4171 -3433 -6291 331 1543 3121 6335 767 -215 27 0
913 1
914 -1 -1 3085 8 0 1 5 7 0 53 0 0 0 0
915 1
916 -1 -1 6169 8 0 1 0 213 3 19 0 0 0 1
917 -1 -1 6168 8 0 1 33 112 25 22 5 10 0 3084 4743 3379 -4065 7608 267 1542 -2798 5352 -3509 2844 301 771 3441 3923 -4913 -5949 327 0
918 0
919 1
920 -1 -1 3083 8 0 0 3 1 1 0 1 10 5 0
921 1
922 -1 -1 6165 8 0 0 0 54 0 0 0 0 0 1
923 -1 -1 6164 8 0 1 1 7 5 2 0 0 2 3082 -4286 -4033 -1298 4337 131 1541 -4295 -134 -2736 -2260 17 0
924 0
925 1
926 -1 -1 6163 8 0 3 1 0 2 0 0 19 0 1
927 -1 -1 6162 8 0 2 29 29 53 214 7 4 4 3081 -3246 -949 758 -2153 174 0
928 1
929 -1 -1 6161 8 0 0 44 1 10 4 0 1 10 1
930 -1 -1 6160 8 0 13 19 35 128 51 37 4 7 3080 4280 1506 -635 1303 57 1540 2945 3384 4434 -1449 46 770 -2011 -3876 -1022 2344 168 385 4005 3242 115 -7126 279 0
931 0
932 0
933 0
934 1
935 -1 -1 6159 8 0 0 1 2 6 0 1 0 68 1
936 -1 -1 6158 8 0 1 0 2 23 26 18 0 1 3079 3860 4203 -3072 -5055 343 0
937 1
938 -1 -1 6157 8 0 3 6 38 62 104 4 61 5 1
939 -1 -1 6156 8 0 4 64 56 98 17 7 9 13 3078 3237 1272 4156 -1319 2 1539 3740 -4247 -3080 -3530 303 0
940 0
941 1
942 -1 -1 6155 8 0 1 0 29 33 0 1 0 0 1
943 -1 -1 6154 8 0 2 1 1 57 0 3 0 1 3077 -76 -797 -4028 -3417 2 0
944 1
945 -1 -1 6153 8 0 2 0 0 25 3 1 9 0 1
946 -1 -1 6152 8 0 39 2 14 48 2 61 0 0 3076 -3397 5443 4094 -2219 30 1538 4052 2924 -2463 -7052 26 769 4184 3896 -3370 -2004 14 0
947 0
948 1
949 -1 -1 3075 8 0 2 0 0 0 0 0 60 0 0
950 1
951 -1 -1 6149 8 0 40 0 0 1 0 8 0 0 1
952 -1 -1 6148 8 0 6 18 44 13 11 8 1 8 3074 -1232 -7422 -2407 5208 7 1537 3427 7779 -342 -4785 390 0
953 0
954 1
955 -1 -1 6147 8 0 0 15 19 19 38 0 0 17 1
956 -1 -1 6146 8 0 3 342 81 36 15 12 10 16 3073 -1730 108 -3234 -6437 202 0
957 1
958 -1 -1 6145 8 0 1 93 20 16 28 0 3 79 1
959 -1 -1 6144 8 0 35 101 59 167 49 30 62 33 3072 1507 5812 1995 -6874 227 1536 1860 -6480 -3902 3176 132 768 -628 1447 4408 2895 369 384 3791 3623 -4574 -7315 229 192 3476 3099 2508 -6799 51 96 1371 -7984 1370 -2760 25 48 -170 -267 -3311 4633 195 24 3840 -5081 -4709 -3462 349 12 -2043 7661 1651 -4158 225 6 -540 492 -1514 -7176 400 3 2712 -1651 -3916 -6171 393 0
960 0
961 0
962 0
963 0
964 0
965 0
966 0
967 1
968 -1 -1 767 8 0 7 0 0 0 15 2 0 0 0
969 1
970 -1 -1 1533 8 0 1 0 0 0 0 24 0 0 0
971 1
972 -1 -1 3065 8 0 3 0 0 3 2 19 0 0 1
973 -1 -1 3064 8 0 28 0 0 13 0 4 0 0 1532 2128 3348 80 -4432 14 766 659 7286 2246 2701 98 383 -704 -6550 895 867 375 0
974 0
975 1
976 -1 -1 1531 8 0 33 0 0 10 0 1 0 0 1
977 -1 -1 1530 8 0 64 0 0 1 0 0 0 0 765 3679 2150 1170 7016 14 1
978 -1 -1 764 8 0 23 0 0 32 0 3 0 0 382 4734 -4807 -229 3926 386 191 -1469 -470 2968 -5780 1 0
979 0
980 1
981 -1 -1 763 8 0 4 3 0 1 0 42 2 0 1
982 -1 -1 762 8 0 9 5 0 2 0 4 0 35 381 1698 -4463 4478 -2072 14 0
983 1
984 -1 -1 761 8 0 3 6 1 37 0 9 0 0 0
985 1
986 -1 -1 1521 8 0 2 0 10 3 40 1 3 3 1
987 -1 -1 1520 8 0 0 1 6 6 1 9 22 10 760 -4356 -2510 1509 4953 302 380 3370 3485 -4324 6255 168 190 2356 -6881 -4191 1129 382 95 4090 -1252 -4696 4033 378 0
988 0
989 0
990 0
991 1
992 -1 -1 1519 8 0 0 0 0 8 0 0 0 0 1
993 -1 -1 1518 8 0 4 0 0 7 0 55 0 0 759 -4681 -2859 143 -5582 41 1
994 -1 -1 758 8 0 3 0 0 0 0 65 0 0 379 3674 -3780 -4624 -6308 2 1
995 -1 -1 378 8 0 6 0 0 15 0 3 0 3 189 3586 -5579 -595 7447 294 0
996 0
997 0
998 1
999 -1 -1 1511 8 0 2 0 0 4 23 6 22 0 0
1000 0
1001 1
1002 -1 -1 6043 8 0 26 0 0 31 0 19 0 0 1
1003 -1 -1 6042 8 0 6 0 0 34 3 1 0 0 3021 2357 39 67 -6145 21 1
1004 -1 -1 3020 8 0 5 0 0 25 1 3 28 3 1510 -4476 -5006 -2765 -5349 1 755 -3268 -5844 2699 438 347 0
1005 0
1006 0
1007 1
1008 -1 -1 6039 8 0 0 0 0 0 0 0 39 0 1
1009 -1 -1 6038 8 0 1 0 0 10 0 25 2 0 3019 4859 5750 -4056 -6947 49 0
1010 1
1011 -1 -1 6037 8 0 2 0 0 5 0 3 5 0 1
1012 -1 -1 6036 8 0 1 0 0 4 0 1 134 0 3018 2128 -96 -2945 -783 313 1509 4494 -7337 1358 -4667 1 1
1013 -1 -1 1508 8 0 1 0 0 2 3 7 0 3 754 3774 -3311 1350 -5639 7 377 762 -4318 3927 -5330 0 0
1014 1
1015 -1 -1 753 8 0 1 1 10 3 1 2 4 2 0
1016 0
1017 1
1018 -1 -1 3011 8 0 6 0 0 13 0 42 5 0 1
1019 -1 -1 3010 8 0 15 0 0 23 0 2 0 0 1505 2001 3758 -4158 -7638 25 0
1020 1
1021 -1 -1 3009 8 0 2 1 0 3 0 10 0 0 0
1022 1
1023 -1 -1 6017 8 0 0 0 0 2 0 6 1 0 1
1024 -1 -1 6016 8 0 0 0 0 77 0 3 2 0 3008 1594 -4445 -4755 5246 390 1504 -3382 -3568 3442 7417 340 752 1881 -3169 -4063 6569 394 376 3887 -4406 282 -3522 16 188 -1827 -7614 1774 4957 303 94 -736 210 -3451 -4442 42 47 4770 -7494 4489 -2583 0 0
1025 0
1026 0
1027 0
1028 1
1029 -1 -1 751 8 0 0 0 0 0 0 0 0 28 1
1030 -1 -1 750 8 0 2 0 0 1 0 25 0 17 375 2334 7623 -1339 1611 53 0
1031 1
1032 -1 -1 749 8 0 2 0 0 0 0 0 0 0 0
1033 1
1034 -1 -1 1497 8 0 0 0 1 0 0 0 0 0 0
1035 0
1036 1
1037 -1 -1 5987 8 0 0 0 0 0 0 0 0 30 1
1038 -1 -1 5986 8 0 0 0 0 0 0 0 0 93 2993 3940 6147 263 2328 395 1
1039 -1 -1 2992 8 0 0 0 0 0 0 0 0 1 1496 -3636 -7199 -3891 340 277 748 1964 -4184 -710 -6718 9 374 -3941 6502 3166 689 384 187 1615 5290 4817 4113 9 0
1040 1
1041 -1 -1 373 8 0 0 0 1 0 3 2 7 0 0
1042 1
1043 -1 -1 745 8 0 43 0 0 0 0 0 0 12 1
1044 -1 -1 744 8 0 4 0 0 0 0 0 0 58 372 -677 -3132 -671 3641 238 186 -2505 -1370 -3667 -7022 12 93 -839 2080 3906 2064 30 0
1045 1
1046 -1 -1 185 8 0 39 0 0 0 3 0 0 0 0
1047 0
1048 1
1049 -1 -1 739 8 0 0 1 21 0 0 2 0 0 1
1050 -1 -1 738 8 0 1 0 1 6 0 8 0 33 369 -4458 -3508 4645 1127 362 0
1051 1
1052 -1 -1 737 8 0 1 0 5 4 6 1 10 5 1
1053 -1 -1 736 8 0 5 25 4 5 2 10 0 0 368 2882 -784 -2366 -958 4 184 2986 -6139 -32 7215 339 92 2363 5754 -2329 -4376 390 46 -3928 -5009 807 4255 387 23 682 283 -4238 5369 255 0
1054 0
1055 0
1056 0
1057 0
1058 1
1059 -1 -1 735 8 0 0 9 36 1 0 0 0 0 0
1060 1
1061 -1 -1 1469 8 0 0 20 5 0 1 0 0 2 1
1062 -1 -1 1468 8 0 0 64 0 0 0 0 0 0 734 2024 -1696 3331 6444 61 367 2105 7886 -2761 -3058 86 1
1063 -1 -1 366 8 0 6 6 6 7 3 4 19 9 183 890 -7098 -871 -153 383 0
1064 1
1065 -1 -1 365 8 0 3 0 4 0 14 3 0 0 1
1066 -1 -1 364 8 0 26 7 2 15 0 9 1 0 182 727 7043 4675 3722 318 91 797 -7701 3537 -1688 31 0
1067 0
1068 0
1069 0
1070 1
1071 -1 -1 1455 8 0 3 0 0 0 0 0 0 0 0
1072 1
1073 -1 -1 2909 8 0 0 0 0 0 0 0 0 37 1
1074 -1 -1 2908 8 0 0 0 0 0 0 0 0 39 1454 3112 2188 -2214 -2141 2 727 741 -490 4938 -70 391 1
1075 -1 -1 726 8 0 7 0 0 2 0 0 0 6 363 4191 5689 4158 336 36 0
1076 1
1077 -1 -1 725 8 0 22 0 0 1 20 7 0 1 0
1078 1
1079 -1 -1 1449 8 0 0 15 3 0 1 0 0 17 0
1080 1
1081 -1 -1 2897 8 0 3 0 0 0 13 0 3 4 1
1082 -1 -1 2896 8 0 1 4 41 3 6 0 0 3 1448 -660 -3170 -4597 3628 217 724 -3245 6843 3345 -1635 217 362 -4815 6594 -3520 -7346 56 181 1864 -5496 276 3094 398 0
1083 0
1084 1
1085 -1 -1 723 8 0 1 5 10 0 0 4 0 0 1
1086 -1 -1 722 8 0 21 1 0 6 17 12 0 0 361 3675 -5909 -668 -6800 12 0
1087 1
1088 -1 -1 721 8 0 7 6 0 0 0 18 0 6 0
1089 1
1090 -1 -1 1441 8 0 1 0 0 1 0 8 0 4 0
1091 1
1092 -1 -1 2881 8 0 7 0 0 2 4 0 0 6 0
1093 1
1094 -1 -1 5761 8 0 7 0 0 6 0 0 0 2 1
1095 -1 -1 5760 8 0 122 0 0 3 0 0 0 2 2880 -108 -7590 -2784 -6192 14 1440 4137 -713 2780 -2579 56 720 -3616 3657 -2564 -7196 11 360 -1855 3020 1299 6321 89 180 -4867 -1073 -1786 7270 116 90 598 7726 -889 -373 38 45 2714 -5213 -892 -6900 7 0
1096 0
1097 0
1098 1
1099 -1 -1 359 8 0 2 2 0 0 22 2 0 0 0
1100 1
1101 -1 -1 717 8 0 3 0 0 0 0 1 53 0 1
1102 -1 -1 716 8 0 6 0 0 2 0 0 0 7 358 -2881 2576 3391 -659 74 179 4810 6505 673 5636 28 0
1103 0
1104 1
1105 -1 -1 715 8 0 0 3 1 9 0 1 7 19 0
1106 1
1107 -1 -1 1429 8 0 0 1 0 1 0 0 0 0 0
1108 1
1109 -1 -1 2857 8 0 0 0 0 0 0 0 0 1 0
1110 1
1111 -1 -1 5713 8 0 0 0 0 0 0 0 0 46 1
1112 -1 -1 5712 8 0 0 0 0 0 0 0 0 60 2856 3533 6684 4248 -7487 44 1428 3208 -5356 4074 -3814 244 714 4484 -966 -1939 -4121 242 357 2904 -6266 -4938 7061 181 1
1113 -1 -1 356 8 0 10 25 0 6 7 0 0 9 178 2889 -5716 -4824 3931 132 89 -1501 7308 226 -6046 297 0
1114 0
1115 0
1116 0
1117 1
1118 -1 -1 1423 8 0 7 2 0 8 1 2 0 11 1
1119 -1 -1 1422 8 0 1 2 0 0 47 1 5 2 711 -1149 -7413 3965 6073 346 0
1120 1
1121 -1 -1 1421 8 0 0 0 0 2 1 9 0 3 0
1122 1
1123 -1 -1 2841 8 0 7 0 0 3 0 0 0 1 0
1124 1
1125 -1 -1 5681 8 0 1 2 0 15 0 0 0 1 1
1126 -1 -1 5680 8 0 0 47 0 9 0 0 0 0 2840 2471 230 -1618 -3275 11 1420 367 86 4120 -6444 356 710 4024 -1357 2193 -1415 6 355 126 -4823 4696 4989 308 0
1127 1
1128 -1 -1 709 8 0 9 8 8 18 0 2 6 2 0
1129 0
1130 0
1131 1
1132 -1 -1 5671 8 0 4 1 0 0 0 0 92 0 1
1133 -1 -1 5670 8 0 0 2 0 0 20 0 10 0 2835 -1554 5212 4493 -4094 58 0
1134 1
1135 -1 -1 5669 8 0 0 0 0 2 0 7 1 6 1
1136 -1 -1 5668 8 0 3 0 0 3 91 0 4 5 2834 -4551 95 -4246 2349 6 1417 3048 5503 3209 -314 51 0
1137 1
1138 -1 -1 2833 8 0 0 4 5 2 0 0 0 0 0
1139 1
1140 -1 -1 5665 8 0 2 0 0 1 2 3 2 5 1
1141 -1 -1 5664 8 0 1 0 0 3 1 3 160 0 2832 2572 -6888 2484 6904 345 1416 2265 3491 -4675 -4585 8 708 -4714 6708 690 486 8 354 4055 1150 -2582 6505 1 177 -4320 -5930 4428 1345 328 0
1142 0
1143 0
1144 0
1145 0
1146 1
1147 -1 -1 5663 8 0 0 5 0 3 40 4 0 3 1
1148 -1 -1 5662 8 0 0 1 22 27 1 15 0 3 2831 1084 -3806 1 -2198 4 0
1149 1
1150 -1 -1 5661 8 0 0 1 190 8 4 0 0 0 1
1151 -1 -1 5660 8 0 1 9 8 7 7 0 4 0 2830 -1444 -7596 -3343 6508 249 1415 218 -4004 -3229 6882 266 0
1152 0
1153 1
1154 -1 -1 5659 8 0 0 4 17 4 123 0 3 0 1
1155 -1 -1 5658 8 0 0 0 1 27 17 13 3 1 2829 2403 -6933 2457 4141 254 1
1156 -1 -1 2828 8 0 0 1 0 6 6 0 30 15 1414 2847 -5131 -3845 6332 250 707 -4222 -5067 159 6192 245 0
1157 0
1158 0
1159 1
1160 -1 -1 5655 8 0 0 0 45 0 0 1 34 2 1
1161 -1 -1 5654 8 0 0 43 29 18 64 4 21 2 2827 -1103 574 -2010 6601 253 0
1162 1
1163 -1 -1 5653 8 0 0 42 0 5 0 0 0 3 1
1164 -1 -1 5652 8 0 0 2 11 3 0 10 0 13 2826 -3565 -6081 -4716 4018 182 1413 -2972 4584 -4567 7586 0 0
1165 0
1166 1
1167 -1 -1 5651 8 0 0 6 8 6 30 2 112 11 1
1168 -1 -1 5650 8 0 0 5 3 5 157 0 33 3 2825 4781 -1793 -337 6232 249 0
1169 1
1170 -1 -1 5649 8 0 0 51 0 8 7 1 0 23 1
1171 -1 -1 5648 8 0 0 21 8 9 102 3 9 6 2824 -3945 1711 -752 975 0 1412 4813 -722 -435 4678 137 706 -1023 -6453 3069 134 27 353 1918 -1692 -4080 2736 258 0
1172 0
1173 0
1174 0
1175 1
1176 -1 -1 5647 8 0 0 1 0 0 0 0 0 3 1
1177 -1 -1 5646 8 0 0 0 71 0 0 0 0 1 2823 2798 -5469 4919 97 342 1
1178 -1 -1 2822 8 0 3 8 9 5 0 1 18 18 1411 2320 -6215 -3218 -3999 47 0
1179 0
1180 1
1181 -1 -1 5643 8 0 0 12 0 8 4 1 44 2 1
1182 -1 -1 5642 8 0 0 3 32 1 1 10 6 2 2821 1665 -5473 -974 -1696 8 0
1183 1
1184 -1 -1 5641 8 0 6 71 12 13 4 9 53 42 1
1185 -1 -1 5640 8 0 6 326 22 12 15 1 21 13 2820 -4874 6219 -1754 -5484 0 1410 2622 -5725 -3561 4050 290 705 4309 3306 -2515 2521 244 0
1186 0
1187 0
1188 1
1189 -1 -1 5639 8 0 0 0 5 4 0 2 39 4 1
1190 -1 -1 5638 8 0 0 3 18 5 85 0 32 9 2819 -3846 665 -3896 -6242 3 0
1191 1
1192 -1 -1 5637 8 0 1 20 9 6 30 0 0 21 1
1193 -1 -1 5636 8 0 3 16 186 12 34 4 19 2 2818 4071 -4618 -1112 -2531 39 1409 -2140 -3213 3559 2088 197 0
1194 0
1195 1
1196 -1 -1 5635 8 0 1 34 29 7 0 0 3 2 1
1197 -1 -1 5634 8 0 0 9 94 27 10 17 1 1 2817 558 -6876 -2491 7539 224 0
1198 1
1199 -1 -1 5633 8 0 11 0 3 14 22 2 1 46 1
1200 -1 -1 5632 8 0 4 55 42 85 11 8 6 25 2816 -4379 -4913 3495 6541 252 1408 -783 -6734 2924 2794 24 704 3686 7895 -201 1490 180 352 -1535 -7938 -625 6778 234 176 4256 -2109 -1849 7742 227 88 -4177 -6690 4709 -3413 305 44 4898 2545 213 -3618 332 22 3880 -6308 -3623 1337 395 11 3578 -2405 -4875 6297 318 0
1201 0
1202 0
1203 0
1204 0
1205 1
1206 -1 -1 351 8 0 9 0 0 20 0 1 0 0 0
1207 1
1208 -1 -1 701 8 0 2 0 0 2 5 0 0 0 0
1209 1
1210 -1 -1 1401 8 0 1 0 0 19 0 13 0 1 0
1211 1
1212 -1 -1 2801 8 0 0 0 0 0 0 45 0 0 0
1213 1
1214 -1 -1 5601 8 0 8 0 0 6 0 92 0 0 1
1215 -1 -1 5600 8 0 3 0 0 11 0 8 0 0 2800 -2602 -3636 3569 -7921 399 1400 619 3775 -4068 -7223 138 700 -4301 -2990 -1389 -7703 125 350 3004 -5665 4688 6930 335 175 2838 5095 -1439 -4907 289 0
1216 1
1217 -1 -1 349 8 0 1 0 2 12 0 39 0 0 0
1218 1
1219 -1 -1 697 8 0 5 2 1 23 0 4 0 0 0
1220 1
1221 -1 -1 1393 8 0 0 14 29 11 0 0 0 2 1
1222 -1 -1 1392 8 0 8 0 12 3 3 1 3 0 696 -1494 6435 -3417 -2955 20 348 1241 -1004 -4336 -2781 21 174 4732 1144 -2236 4757 103 87 1703 6660 2019 -4603 15 0
1223 0
1224 0
1225 0
1226 1
1227 -1 -1 1391 8 0 5 0 0 28 6 5 7 1 1
1228 -1 -1 1390 8 0 0 0 22 7 0 0 0 0 695 -1926 6594 -247 -3065 25 0
1229 1
1230 -1 -1 1389 8 0 0 0 1 4 0 12 9 0 0
1231 1
1232 -1 -1 2777 8 0 1 0 0 0 6 0 4 0 0
1233 1
1234 -1 -1 5553 8 0 0 50 0 5 1 3 0 2 1
1235 -1 -1 5552 8 0 0 0 2 6 0 5 0 1 2776 -673 1797 -2730 4142 5 1388 571 -5786 -4263 4944 12 694 4059 6901 -4668 -860 29 347 -4314 5214 -458 -2083 10 0
1236 0
1237 1
1238 -1 -1 1387 8 0 10 8 0 19 1 9 16 1 0
1239 1
1240 -1 -1 2773 8 0 9 2 0 1 15 2 39 0 0
1241 1
1242 -1 -1 5545 8 0 16 0 0 2 0 1 0 0 1
1243 -1 -1 5544 8 0 11 0 1 6 92 6 6 1 2772 -3022 -5701 -3746 6121 3 1386 2702 -1145 4335 -6317 59 693 2017 7084 -1112 534 18 0
1244 0
1245 1
1246 -1 -1 2771 8 0 5 0 1 2 9 0 24 0 1
1247 -1 -1 2770 8 0 4 37 2 0 1 1 8 0 1385 632 70 -4949 -653 2 0
1248 1
1249 -1 -1 2769 8 0 3 0 0 7 0 13 0 0 0
1250 1
1251 -1 -1 5537 8 0 4 0 2 11 0 5 133 0 1
1252 -1 -1 5536 8 0 13 0 6 6 0 3 13 0 2768 279 1513 2666 3903 108 1384 4724 -7591 2720 7354 26 692 -4566 -2345 -1888 6425 394 346 236 7562 4389 5126 9 173 -340 2899 -2051 404 11 0
1253 0
1254 0
1255 1
1256 -1 -1 1383 8 0 3 2 0 6 2 1 35 0 1
1257 -1 -1 1382 8 0 12 0 1 4 0 5 0 3 691 3767 4021 -3045 4746 10 0
1258 1
1259 -1 -1 1381 8 0 4 0 0 16 7 39 0 1 0
1260 1
1261 -1 -1 2761 8 0 6 0 0 7 9 18 1 0 0
1262 1
1263 -1 -1 5521 8 0 2 0 2 7 2 8 0 0 1
1264 -1 -1 5520 8 0 4 1 57 1 3 4 0 0 2760 4547 -1262 -976 -7392 24 1380 4207 1646 -4523 455 44 690 2541 -3152 3715 2735 0 345 4513 4422 -546 -1299 209 0
1265 0
1266 1
1267 -1 -1 1379 8 0 10 0 0 2 2 0 9 32 1
1268 -1 -1 1378 8 0 4 7 0 6 3 5 0 0 689 -4888 -5471 2887 6149 327 0
1269 1
1270 -1 -1 1377 8 0 12 6 0 3 3 39 0 1 0
1271 1
1272 -1 -1 2753 8 0 21 0 0 3 2 32 0 0 0
1273 1
1274 -1 -1 5505 8 0 7 0 0 8 2 1 7 5 1
1275 -1 -1 5504 8 0 23 0 0 66 1 6 0 0 2752 -1339 6313 1077 2651 20 1376 -4594 -6638 258 4692 53 688 1261 -2766 -4911 -4012 11 344 -2500 -1804 3815 963 398 172 4523 3006 -1812 142 21 86 -4906 954 4531 1932 393 43 388 405 -4063 -4746 28 0
1276 0
1277 0
1278 0
1279 1
1280 -1 -1 687 8 0 0 32 0 4 2 0 4 3 0
1281 1
1282 -1 -1 1373 8 0 0 8 0 0 0 1 0 1 0
1283 0
1284 1
1285 -1 -1 5491 8 0 0 0 0 0 1 0 0 0 1
1286 -1 -1 5490 8 0 0 0 0 0 0 0 0 99 2745 3140 4347 -134 7893 299 1
1287 -1 -1 2744 8 0 1 0 0 5 0 6 1 19 1372 -2082 2192 253 933 6 686 -4013 -7053 -1710 -6188 393 343 -4739 -1383 -3299 -6345 89 0
1288 1
1289 -1 -1 685 8 0 3 1 0 14 0 3 0 37 0
1290 0
1291 1
1292 -1 -1 2739 8 0 0 23 0 1 0 0 0 1 0
1293 1
1294 -1 -1 5477 8 0 1 1 0 4 0 0 54 0 1
1295 -1 -1 5476 8 0 0 2 0 21 0 1 0 2 2738 -48 6188 4009 -3736 331 1369 -4808 -5776 -1608 -6725 290 0
1296 1
1297 -1 -1 2737 8 0 0 9 0 18 0 0 0 2 0
1298 1
1299 -1 -1 5473 8 0 1 0 0 1 0 0 0 2 1
1300 -1 -1 5472 8 0 0 121 0 3 0 0 2 0 2736 -2790 -4858 684 -7591 382 1368 759 -3272 -4098 3091 11 684 -1608 2257 -2523 -2849 2 342 1043 -7868 2751 -5846 352 171 -3407 4062 -1779 -3916 25 0
1301 0
1302 1
1303 -1 -1 683 8 0 1 0 1 15 12 7 30 0 1
1304 -1 -1 682 8 0 1 4 8 2 0 3 2 35 341 -1371 -286 4834 -6337 251 0
1305 0
1306 0
1307 1
1308 -1 -1 2727 8 0 3 0 0 9 1 42 0 1 1
1309 -1 -1 2726 8 0 0 0 1 15 0 1 0 0 1363 -1225 7571 1678 -490 9 0
1310 1
1311 -1 -1 2725 8 0 0 8 2 14 1 8 0 0 1
1312 -1 -1 2724 8 0 0 2 0 56 0 1 0 0 1362 1229 3272 1781 -731 9 681 4490 3933 1555 3953 6 0
1313 0
1314 1
1315 -1 -1 2723 8 0 0 54 0 7 0 0 0 3 1
1316 -1 -1 2722 8 0 0 0 0 5 0 1 0 0 1361 1624 4780 2353 -4173 0 1
1317 -1 -1 1360 8 0 2 3 0 45 0 1 0 8 680 -4609 7528 -446 -1575 19 340 1820 5579 -4550 -5341 18 170 -3356 7258 3440 -1666 399 85 327 221 4755 3334 232 0
1318 0
1319 0
1320 0
1321 1
1322 -1 -1 1359 8 0 1 1 0 11 26 0 1 16 0
1323 0
1324 1
1325 -1 -1 5435 8 0 0 0 0 5 0 2 0 63 1
1326 -1 -1 5434 8 0 0 17 1 8 0 4 0 7 2717 -4364 1421 438 1163 31 0
1327 1
1328 -1 -1 5433 8 0 0 0 12 9 0 0 0 1 1
1329 -1 -1 5432 8 0 2 4 0 75 0 14 0 5 2716 -3983 2849 -3158 -6890 351 1358 -4233 1390 209 -729 31 679 1539 5813 3744 6517 324 0
1330 1
1331 -1 -1 1357 8 0 1 50 8 2 4 1 0 1 1
1332 -1 -1 1356 8 0 2 16 0 16 2 15 0 4 678 1753 2278 3316 -6228 66 339 -2381 2687 616 -7365 253 0
1333 0
1334 1
1335 -1 -1 1355 8 0 0 3 0 7 0 1 0 49 1
1336 -1 -1 1354 8 0 3 25 0 1 12 0 4 6 677 -1958 5261 -2605 -3710 13 0
1337 0
1338 1
1339 -1 -1 2707 8 0 4 0 0 4 0 5 21 0 1
1340 -1 -1 2706 8 0 0 0 42 0 14 2 0 0 1353 -4110 -4437 1637 -1159 338 0
1341 0
1342 1
1343 -1 -1 5411 8 0 1 56 0 12 1 0 0 0 1
1344 -1 -1 5410 8 0 0 6 1 2 2 0 28 2 2705 -4128 -2467 2767 5506 241 0
1345 1
1346 -1 -1 5409 8 0 1 22 15 25 3 5 30 12 1
1347 -1 -1 5408 8 0 3 4 0 26 4 4 160 1 2704 1481 7770 435 -5533 3 1352 4844 -6570 -640 4380 240 676 -4586 -7158 -2848 5528 394 338 -776 93 44 -7829 334 169 1649 3531 -188 -7868 273 0
1348 0
1349 0
1350 1
1351 -1 -1 1351 8 0 0 8 0 0 0 0 0 0 0
1352 1
1353 -1 -1 2701 8 0 0 1 0 0 1 3 0 0 0
1354 1
1355 -1 -1 5401 8 0 0 0 1 0 0 0 0 60 1
1356 -1 -1 5400 8 0 0 1 0 6 0 0 0 24 2700 4837 -4546 2166 -2177 156 1350 3394 -1825 -2538 -52 19 675 -225 -4516 -2768 1194 394 0
1357 1
1358 -1 -1 1349 8 0 0 4 0 2 6 0 25 3 0
1359 0
1360 1
1361 -1 -1 5395 8 0 0 2 2 0 0 1 0 0 1
1362 -1 -1 5394 8 0 0 1 2 0 114 0 0 0 2697 -4360 -561 1107 -2528 248 0
1363 1
1364 -1 -1 5393 8 0 0 0 24 0 2 1 1 4 1
1365 -1 -1 5392 8 0 0 16 7 4 30 0 6 0 2696 4679 -4019 4380 4056 93 1348 -931 -3494 4527 -2741 185 674 4194 5811 2637 5751 282 337 -246 -3136 2616 -972 247 0
1366 0
1367 0
1368 1
1369 -1 -1 2695 8 0 0 0 0 18 1 0 17 0 0
1370 1
1371 -1 -1 5389 8 0 0 0 0 14 3 16 1 0 1
1372 -1 -1 5388 8 0 1 4 14 20 0 1 0 4 2694 4103 1794 -1097 -7891 0 1347 -725 6107 -1354 1720 144 0
1373 0
1374 1
1375 -1 -1 5387 8 0 2 11 4 1 18 2 0 0 1
1376 -1 -1 5386 8 0 0 6 169 7 25 3 4 6 2693 246 -7759 3273 898 290 1
1377 -1 -1 2692 8 0 0 13 4 17 21 3 1 4 1346 -1759 6648 -3430 -268 10 673 -977 -1744 -2024 -7978 14 0
1378 0
1379 1
1380 -1 -1 2691 8 0 0 1 2 9 0 1 0 25 0
1381 1
1382 -1 -1 5381 8 0 3 26 0 13 0 11 0 0 1
1383 -1 -1 5380 8 0 6 2 8 80 0 13 2 4 2690 -4974 -6490 -1628 861 16 1345 -4295 5411 -564 -5302 235 0
1384 0
1385 1
1386 -1 -1 5379 8 0 0 0 0 5 0 11 0 27 1
1387 -1 -1 5378 8 0 0 25 2 7 4 5 0 10 2689 -2302 -7997 -146 -1960 24 0
1388 1
1389 -1 -1 5377 8 0 0 8 4 0 0 0 0 7 1
1390 -1 -1 5376 8 0 4 5 5 6 40 6 15 0 2688 -978 -7514 2305 -1781 237 1344 -4216 -2245 1233 6218 236 672 -501 3866 4452 -7711 4 336 2166 5082 3220 -467 14 168 -841 -2329 -3446 1571 27 84 -4218 -2682 -400 -7971 214 42 1787 -751 3737 -4554 264 21 -1028 384 2548 -6787 392 0
1391 0
1392 0
1393 0
1394 0
1395 0
1396 1
1397 -1 -1 1343 8 0 0 5 1 1 0 2 0 0 0
1398 0
1399 1
1400 -1 -1 5371 8 0 4 0 0 0 0 49 0 0 1
1401 -1 -1 5370 8 0 0 0 0 0 0 97 0 0 2685 2586 6292 -2075 -184 70 1
1402 -1 -1 2684 8 0 0 0 0 4 0 13 0 0 1342 270 2389 -442 -5458 30 671 -4632 1603 720 -3961 257 0
1403 0
1404 0
1405 1
1406 -1 -1 5367 8 0 1 0 0 10 0 11 21 0 1
1407 -1 -1 5366 8 0 6 0 0 81 0 56 0 0 2683 -549 -7590 4049 4649 382 0
1408 1
1409 -1 -1 5365 8 0 2 0 0 7 0 149 0 0 1
1410 -1 -1 5364 8 0 4 0 0 58 0 120 2 0 2682 4143 -3127 -4730 7851 400 1341 -341 5101 -3065 5109 0 0
1411 1
1412 -1 -1 2681 8 0 5 1 14 8 4 1 18 0 0
1413 1
1414 -1 -1 5361 8 0 1 1 0 3 29 8 7 0 1
1415 -1 -1 5360 8 0 9 0 0 82 11 70 19 0 2680 4992 -3391 519 -3594 33 1340 -15 5852 -298 -4077 159 670 -3350 -759 -2129 -7649 25 335 -2634 -4528 4567 -3474 397 0
1416 0
1417 1
1418 -1 -1 1339 8 0 2 1 6 5 2 1 0 2 0
1419 1
1420 -1 -1 2677 8 0 0 0 0 17 0 7 0 2 0
1421 1
1422 -1 -1 5353 8 0 0 0 0 7 0 10 0 0 1
1423 -1 -1 5352 8 0 2 0 0 3 0 79 0 0 2676 -3642 -824 -762 6995 329 1338 613 6738 1412 -5072 47 669 -1058 -5112 -123 -4253 0 0
1424 0
1425 1
1426 -1 -1 2675 8 0 0 0 0 2 0 3 0 0 0
1427 1
1428 -1 -1 5349 8 0 0 1 0 0 0 0 0 0 1
1429 -1 -1 5348 8 0 1 0 0 89 0 0 0 0 2674 -4439 -4909 -231 6247 373 1337 1504 5739 2546 -4979 83 0
1430 0
1431 1
1432 -1 -1 5347 8 0 2 0 0 34 1 26 0 0 1
1433 -1 -1 5346 8 0 41 1 1 95 7 9 0 0 2673 2133 1169 -520 1443 5 0
1434 1
1435 -1 -1 5345 8 0 0 0 0 26 0 10 10 0 1
1436 -1 -1 5344 8 0 11 1 0 17 7 26 1 0 2672 3829 7957 276 4376 3 1336 919 6657 -4127 -6357 26 668 740 337 676 101 1 334 505 1461 4692 -7048 374 167 1092 6835 286 445 32 0
1437 0
1438 0
1439 1
1440 -1 -1 1335 8 0 0 19 0 12 0 6 0 5 0
1441 1
1442 -1 -1 2669 8 0 3 0 0 7 0 58 0 0 1
1443 -1 -1 2668 8 0 9 0 4 11 0 6 0 0 1334 2270 6078 529 -1974 28 667 -1847 6807 -4805 4505 20 0
1444 1
1445 -1 -1 1333 8 0 14 0 0 13 17 17 6 0 0
1446 0
1447 1
1448 -1 -1 5331 8 0 2 0 0 3 0 0 0 0 1
1449 -1 -1 5330 8 0 6 0 0 3 0 0 89 0 2665 3510 -7693 1082 -3481 0 1
1450 -1 -1 2664 8 0 1 3 0 0 0 2 2 1 1332 -2813 -3808 465 -7450 2 666 -864 -3388 4477 -4172 2 333 -3279 7895 -2342 -4758 43 0
1451 0
1452 1
1453 -1 -1 1331 8 0 1 0 11 28 0 17 8 2 0
1454 1
1455 -1 -1 2661 8 0 0 0 1 9 26 3 10 0 0
1456 1
1457 -1 -1 5321 8 0 4 0 0 5 19 3 0 0 1
1458 -1 -1 5320 8 0 23 0 3 94 15 84 0 2 2660 871 4046 -3026 1861 18 1330 -1626 1602 -1627 -2442 17 665 -3338 -4961 4913 1229 229 0
1459 0
1460 1
1461 -1 -1 2659 8 0 1 8 0 3 0 0 0 0 0
1462 1
1463 -1 -1 5317 8 0 39 0 0 45 0 4 7 0 1
1464 -1 -1 5316 8 0 7 0 0 60 0 18 27 3 2658 -1464 2263 2170 2699 1 1329 -2386 -3398 -3649 1086 13 0
1465 0
1466 1
1467 -1 -1 5315 8 0 4 0 60 9 4 5 5 1 1
1468 -1 -1 5314 8 0 19 0 7 27 0 21 0 0 2657 310 476 2429 -5914 14 0
1469 1
1470 -1 -1 5313 8 0 0 0 0 8 5 0 0 10 1
1471 -1 -1 5312 8 0 19 0 0 42 3 9 7 0 2656 -1693 -7895 -1104 -6115 1 1328 -2993 6448 -109 -1118 8 664 -4518 -2272 825 -7864 16 332 4268 5954 -3727 -4794 29 166 -3845 -448 -1897 -4194 20 83 -872 4300 -4610 -6543 35 0
1472 0
1473 0
1474 1
1475 -1 -1 663 8 0 0 7 0 0 0 1 0 3 0
1476 1
1477 -1 -1 1325 8 0 2 0 1 1 0 0 0 12 1
1478 -1 -1 1324 8 0 57 0 0 0 0 0 0 5 662 -1183 568 -4700 -5812 4 331 -3758 -1632 4109 3867 14 0
1479 0
1480 1
1481 -1 -1 1323 8 0 6 2 4 1 0 0 0 11 0
1482 1
1483 -1 -1 2645 8 0 4 1 0 1 0 0 0 0 0
1484 1
1485 -1 -1 5289 8 0 0 0 0 1 0 0 0 0 1
1486 -1 -1 5288 8 0 0 110 0 0 0 0 0 0 2644 353 -7551 3916 1935 282 1322 -2276 2088 4336 -436 399 661 -310 -1109 2660 -3486 393 0
1487 1
1488 -1 -1 1321 8 0 0 0 1 2 4 3 16 0 0
1489 0
1490 1
1491 -1 -1 5283 8 0 0 0 12 0 0 0 0 0 1
1492 -1 -1 5282 8 0 7 5 8 28 0 8 0 3 2641 4724 22 -3795 -6144 276 1
1493 -1 -1 2640 8 0 7 13 0 9 1 2 0 17 1320 3617 6068 4561 -6179 4 660 263 -7564 -1306 7587 295 330 -4968 -5285 3675 -1005 390 165 1959 -1060 179 -5493 400 0
1494 0
1495 0
1496 0
1497 1
1498 -1 -1 2639 8 0 0 0 0 0 0 1 0 0 0
1499 1
1500 -1 -1 5277 8 0 0 0 0 0 0 1 0 0 1
1501 -1 -1 5276 8 0 0 0 0 0 0 106 0 0 2638 -4950 4054 2050 3432 88 1319 3238 2167 3019 6947 372 1
1502 -1 -1 1318 8 0 2 0 0 0 0 0 0 1 659 -3478 997 4500 -7577 19 1
1503 -1 -1 658 8 0 1 0 1 9 0 4 0 0 329 4633 4529 3875 -6263 109 0
1504 0
1505 0
1506 1
1507 -1 -1 2631 8 0 2 0 0 0 0 0 35 0 0
1508 1
1509 -1 -1 5261 8 0 0 0 0 0 0 27 0 0 1
1510 -1 -1 5260 8 0 67 0 18 4 72 18 2 0 2630 1749 -1763 2416 -6383 38 1315 -1315 -6062 -2223 -482 243 0
1511 0
1512 1
1513 -1 -1 5259 8 0 0 23 2 7 2 0 0 5 1
1514 -1 -1 5258 8 0 2 3 0 11 27 1 1 0 2629 329 7370 -3906 3001 146 0
1515 1
1516 -1 -1 5257 8 0 2 26 5 17 1 31 3 2 1
1517 -1 -1 5256 8 0 1 8 11 7 12 37 147 0 2628 -4122 -3531 2679 -7702 12 1314 639 6319 -4780 1163 57 657 -2061 1808 2443 -3689 389 0
1518 0
1519 0
1520 1
1521 -1 -1 5255 8 0 0 2 0 1 2 0 26 0 1
1522 -1 -1 5254 8 0 7 12 7 25 42 9 4 10 2627 4767 6073 -1116 4430 250 0
1523 1
1524 -1 -1 5253 8 0 79 1 0 114 12 39 11 0 1
1525 -1 -1 5252 8 0 23 2 16 66 4 52 12 6 2626 -3508 6774 3624 -3048 19 1313 -2485 -7552 -3768 -2666 9 0
1526 0
1527 1
1528 -1 -1 5251 8 0 1 11 8 11 17 0 1 20 1
1529 -1 -1 5250 8 0 3 5 0 19 2 1 36 5 2625 -4861 6475 -2533 -3359 7 0
1530 1
1531 -1 -1 5249 8 0 20 6 120 86 100 43 23 6 1
1532 -1 -1 5248 8 0 29 17 38 47 11 32 1 15 2624 2190 6129 4922 2238 1 1312 905 2607 20 6796 229 656 -3156 -3874 2303 -7216 7 328 3936 1697 1745 -1704 27 164 2363 -7686 1420 -3046 389 82 -187 -499 2639 -6645 249 41 -3491 -3112 -3860 -6240 4 0
1533 0
1534 0
1535 1
1536 -1 -1 327 8 0 7 2 6 4 17 3 10 0 0
1537 1
1538 -1 -1 653 8 0 11 13 0 2 0 0 0 6 0
1539 1
1540 -1 -1 1305 8 0 8 0 0 2 0 26 5 0 0
1541 1
1542 -1 -1 2609 8 0 7 0 3 11 0 2 5 4 0
1543 1
1544 -1 -1 5217 8 0 17 0 0 10 0 5 2 0 1
1545 -1 -1 5216 8 0 96 0 1 3 0 5 1 0 2608 2615 -1627 -3836 -7977 12 1304 -1406 -5852 4693 -7721 30 652 -538 3661 -938 -2898 10 326 -1215 -5067 1043 -5896 138 163 4696 -3081 4165 -350 299 0
1546 0
1547 0
1548 1
1549 -1 -1 1303 8 0 6 0 0 6 3 1 14 4 1
1550 -1 -1 1302 8 0 35 0 10 1 1 3 1 0 651 634 214 3966 -6799 25 0
1551 1
1552 -1 -1 1301 8 0 1 2 4 10 0 0 0 30 1
1553 -1 -1 1300 8 0 3 0 2 2 0 25 0 1 650 3520 -1415 -685 3913 348 325 460 -3525 -981 2859 396 0
1554 0
1555 0
1556 1
1557 -1 -1 2599 8 0 0 11 6 4 8 2 0 1 0
1558 1
1559 -1 -1 5197 8 0 0 8 0 4 0 0 1 0 1
1560 -1 -1 5196 8 0 0 2 0 1 4 0 100 3 2598 3376 2500 -1775 -3056 3 1299 -3339 -6658 4991 7441 320 0
1561 0
1562 1
1563 -1 -1 5195 8 0 0 0 0 0 9 3 0 16 1
1564 -1 -1 5194 8 0 0 8 9 26 117 3 44 0 2597 2136 1962 -38 -1902 49 0
1565 1
1566 -1 -1 5193 8 0 1 4 0 0 0 0 4 1 1
1567 -1 -1 5192 8 0 0 2 37 13 22 6 0 0 2596 -1676 2521 -1556 4929 231 1298 -4380 -6410 -3648 4318 190 649 -587 -3319 4970 -2433 219 0
1568 0
1569 1
1570 -1 -1 2595 8 0 0 0 3 9 0 1 0 56 1
1571 -1 -1 2594 8 0 0 12 12 12 6 0 0 3 1297 -3635 19 -328 -5035 13 0
1572 0
1573 1
1574 -1 -1 5187 8 0 2 0 5 12 0 24 0 0 1
1575 -1 -1 5186 8 0 5 2 56 37 6 7 20 1 2593 -3713 -3902 -2734 -2780 5 0
1576 1
1577 -1 -1 5185 8 0 5 5 0 17 1 8 0 3 1
1578 -1 -1 5184 8 0 3 10 12 11 24 1 12 9 2592 -3176 -4862 -4280 3717 280 1296 1189 -4409 2323 2587 16 648 2268 2142 -1180 -3421 20 324 466 -2901 -2818 -237 9 162 610 12 94 5406 356 81 1376 905 -3161 2849 393 0
1579 0
1580 0
1581 0
1582 1
1583 -1 -1 1295 8 0 4 6 12 1 6 0 0 0 0
1584 1
1585 -1 -1 2589 8 0 0 0 3 0 7 0 0 2 0
1586 1
1587 -1 -1 5177 8 0 15 1 0 0 0 0 0 0 1
1588 -1 -1 5176 8 0 21 0 0 0 0 34 0 0 2588 2004 -7781 -4862 239 11 1294 -1092 6828 3343 7995 16 647 -3922 -2827 -2760 -5770 24 0
1589 1
1590 -1 -1 1293 8 0 27 0 7 5 3 3 13 0 0
1591 1
1592 -1 -1 2585 8 0 8 0 0 7 0 0 0 0 0
1593 1
1594 -1 -1 5169 8 0 0 1 1 0 0 0 0 0 1
1595 -1 -1 5168 8 0 152 0 2 2 0 0 0 0 2584 -2758 -7138 336 -1120 116 1292 3823 -513 4873 2322 70 646 -4347 -5274 2984 2322 107 323 -4111 1985 -3884 -4945 4 0
1596 0
1597 1
1598 -1 -1 1291 8 0 1 3 0 0 58 1 0 2 0
1599 1
1600 -1 -1 2581 8 0 12 0 0 0 0 2 0 0 0
1601 1
1602 -1 -1 5161 8 0 0 1 1 3 4 0 3 31 1
1603 -1 -1 5160 8 0 2 26 3 5 2 4 0 8 2580 -806 -659 3821 -2212 189 1290 4688 -971 150 7579 392 645 -1914 7544 1495 -4199 399 0
1604 0
1605 0
1606 1
1607 -1 -1 5159 8 0 0 1 1 0 17 0 0 0 1
1608 -1 -1 5158 8 0 0 3 108 12 13 4 1 1 2579 -253 -6440 -3915 5906 294 1
1609 -1 -1 2578 8 0 9 16 23 6 0 0 3 9 1289 -3068 5568 -3230 -1042 9 0
1610 0
1611 1
1612 -1 -1 5155 8 0 0 26 0 3 2 8 1 1 1
1613 -1 -1 5154 8 0 9 3 61 26 91 9 10 1 2577 -4642 -5 -419 -1994 16 0
1614 1
1615 -1 -1 5153 8 0 0 2 44 9 2 15 8 1 1
1616 -1 -1 5152 8 0 71 2 22 245 20 82 38 5 2576 2494 -6189 -76 -195 19 1288 4487 1587 -378 -539 25 644 4090 -2063 2445 487 12 322 4727 -6368 -4110 -3534 173 161 -1007 7194 -889 -3117 393 0
1617 0
1618 0
1619 0
1620 1
1621 -1 -1 2575 8 0 4 0 0 8 1 1 0 2 1
1622 -1 -1 2574 8 0 1 3 51 5 0 5 0 1 1287 -3624 3453 833 7191 284 1
1623 -1 -1 1286 8 0 2 5 0 9 1 18 0 0 643 3139 -5497 4087 5172 243 0
1624 0
1625 1
1626 -1 -1 2571 8 0 8 1 3 8 13 15 4 13 1
1627 -1 -1 2570 8 0 1 18 11 4 2 2 0 0 1285 -3875 -4937 4524 -3978 0 0
1628 0
1629 1
1630 -1 -1 5139 8 0 16 0 0 27 0 0 16 0 1
1631 -1 -1 5138 8 0 54 1 1 80 9 129 5 0 2569 422 -5685 -4161 -6212 19 0
1632 1
1633 -1 -1 5137 8 0 11 5 2 38 4 89 0 7 1
1634 -1 -1 5136 8 0 20 14 17 92 0 20 0 0 2568 900 -4264 -1025 3271 9 1284 -3933 -381 3333 6161 359 642 577 -210 -3556 4485 121 321 242 4424 -1558 -5306 27 0
1635 0
1636 0
1637 1
1638 -1 -1 2567 8 0 1 0 3 12 0 5 3 1 1
1639 -1 -1 2566 8 0 1 0 52 5 0 2 0 1 1283 -10 -19 126 -7600 7 0
1640 0
1641 1
1642 -1 -1 5131 8 0 2 0 0 10 0 0 3 10 1
1643 -1 -1 5130 8 0 0 6 0 11 0 39 2 0 2565 2365 642 219 3835 6 0
1644 1
1645 -1 -1 5129 8 0 19 4 50 37 4 18 0 2 1
1646 -1 -1 5128 8 0 121 1 22 124 3 136 0 1 2564 4078 6523 -3736 -7677 53 1282 -2807 -2195 -484 5729 192 641 3961 -6150 4442 -7470 9 0
1647 0
1648 1
1649 -1 -1 2563 8 0 1 9 6 7 0 18 0 2 0
1650 1
1651 -1 -1 5125 8 0 1 0 5 0 0 0 0 10 1
1652 -1 -1 5124 8 0 16 3 0 21 1 4 7 8 2562 3318 1642 349 -3748 50 1281 -971 7152 -657 -6517 14 0
1653 0
1654 1
1655 -1 -1 5123 8 0 36 2 0 15 0 11 0 0 1
1656 -1 -1 5122 8 0 4 14 3 32 1 2 8 0 2561 2316 -535 4489 7853 394 0
1657 1
1658 -1 -1 5121 8 0 32 0 1 54 0 35 7 2 1
1659 -1 -1 5120 8 0 1029 1 17 304 0 97 3 0 2560 -3582 -7190 -4919 5750 65 1280 1696 2022 3424 7409 102 640 -2760 -3442 4627 3125 157 320 3472 7273 3368 -2333 16 160 1610 -7798 3735 5632 72 80 -442 6407 1423 -671 20 40 -62 -2250 -3526 3368 131 20 -421 1799 2620 -7785 16 10 -4356 -2234 2552 -6927 154 5 2090 -7623 -3591 1391 163 0
1660 0
1661 0
1662 0
1663 0
1664 1
1665 -1 -1 159 8 0 3 0 0 0 0 3 0 44 1
1666 -1 -1 158 8 0 15 0 0 4 3 0 1 2 79 -4981 -2527 -3275 4175 195 0
1667 0
1668 1
1669 -1 -1 315 8 0 3 0 0 2 0 47 0 0 1
1670 -1 -1 314 8 0 19 6 0 2 0 5 0 1 157 4673 -6376 -3856 630 75 0
1671 1
1672 -1 -1 313 8 0 0 0 0 0 3 8 0 7 0
1673 1
1674 -1 -1 625 8 0 27 0 0 13 0 4 0 0 0
1675 1
1676 -1 -1 1249 8 0 28 3 0 5 0 6 0 0 0
1677 0
1678 1
1679 -1 -1 4995 8 0 11 0 0 0 0 0 0 0 1
1680 -1 -1 4994 8 0 143 0 0 0 0 0 0 0 2497 4859 7770 -3362 4066 138 1
1681 -1 -1 2496 8 0 2 0 0 1 0 0 0 0 1248 -4847 -6078 -3318 3664 0 624 -4403 -3991 984 -7113 30 312 927 1433 -3831 1947 17 156 -3609 -1361 -357 705 16 78 -3013 -5553 -3517 2600 30 39 2047 -7636 -3271 -459 275 0
1682 0
1683 1
1684 -1 -1 155 8 0 4 0 41 4 0 0 4 0 0
1685 1
1686 -1 -1 309 8 0 5 0 3 14 10 1 10 0 0
1687 1
1688 -1 -1 617 8 0 5 0 0 3 0 2 0 0 0
1689 0
1690 1
1691 -1 -1 2467 8 0 3 0 0 0 0 0 0 0 1
1692 -1 -1 2466 8 0 3 0 0 2 0 0 62 0 1233 4179 -3000 253 -7998 50 1
1693 -1 -1 1232 8 0 6 0 0 1 0 0 1 0 616 -4992 -3000 -3941 -7690 6 308 -1128 918 -4069 -286 21 154 3408 -222 3703 -4180 1 77 -1861 -1881 2442 -3397 9 0
1694 1
1695 -1 -1 153 8 0 11 15 7 12 2 0 0 12 0
1696 0
1697 0
1698 0
1699 1
1700 -1 -1 2447 8 0 4 0 0 5 1 9 0 0 1
1701 -1 -1 2446 8 0 6 0 0 2 47 0 1 0 1223 1627 -6558 1086 2306 0 1
1702 -1 -1 1222 8 0 2 0 0 7 0 23 0 0 611 -2101 1914 4028 6624 16 0
1703 1
1704 -1 -1 1221 8 0 8 2 0 2 3 0 14 0 1
1705 -1 -1 1220 8 0 14 0 21 18 9 0 0 0 610 774 3188 2128 3894 92 305 -175 -39 -2126 -2179 9 0
1706 1
1707 -1 -1 609 8 0 5 0 0 8 0 0 8 0 0
1708 1
1709 -1 -1 1217 8 0 9 0 0 9 0 3 0 0 1
1710 -1 -1 1216 8 0 58 0 0 1 2 0 0 2 608 977 -6351 -1547 6510 272 304 -1327 -2964 -1137 -6068 4 152 -4974 74 509 -6620 5 76 4965 -7976 -2540 -2564 38 38 530 -6298 -2766 5285 389 19 -3692 -7653 -1267 -1159 3 0
1711 0
1712 0
1713 0
1714 1
1715 -1 -1 303 8 0 1 0 0 3 11 0 8 0 0
1716 1
1717 -1 -1 605 8 0 10 0 0 1 0 2 0 4 0
1718 1
1719 -1 -1 1209 8 0 5 0 0 7 0 19 14 0 1
1720 -1 -1 1208 8 0 5 0 0 32 0 16 0 0 604 2256 -2462 4385 7547 268 302 4219 -6521 -3049 -2676 191 151 4592 50 -2277 5345 396 0
1721 1
1722 -1 -1 301 8 0 5 0 0 4 35 3 2 0 1
1723 -1 -1 300 8 0 19 6 16 3 0 1 9 1 150 -1228 3564 2512 -6489 7 75 2152 -5479 -1544 5679 41 0
1724 0
1725 1
1726 -1 -1 299 8 0 14 0 0 3 1 2 0 34 0
1727 1
1728 -1 -1 597 8 0 0 0 0 1 0 34 0 3 0
1729 1
1730 -1 -1 1193 8 0 12 0 0 5 0 30 0 2 1
1731 -1 -1 1192 8 0 18 0 3 0 0 2 0 0 596 -3672 2850 3736 570 166 298 -2143 6474 1083 3497 12 149 -1209 1747 -1657 -1186 0 0
1732 1
1733 -1 -1 297 8 0 9 8 2 1 0 0 6 10 0
1734 1
1735 -1 -1 593 8 0 0 0 0 1 0 7 0 0 0
1736 1
1737 -1 -1 1185 8 0 1 4 0 3 0 0 0 1 0
1738 1
1739 -1 -1 2369 8 0 15 0 0 8 0 0 0 0 0
1740 1
1741 -1 -1 4737 8 0 3 0 0 0 3 3 0 0 1
1742 -1 -1 4736 8 0 123 0 1 2 0 1 1 0 2368 -1873 7045 336 603 16 1184 2599 7078 -2304 -6873 228 592 -1528 569 -3276 2940 28 296 4995 -2652 -1577 -823 201 148 -2097 2213 -3595 3500 227 74 1685 -6926 -2782 6613 87 37 -4156 2453 -4229 -4516 1 0
1743 0
1744 0
1745 0
1746 0
1747 1
1748 -1 -1 1183 8 0 0 3 0 2 0 0 0 31 1
1749 -1 -1 1182 8 0 1 46 0 6 0 0 0 0 591 -4647 -2608 -160 5041 393 1
1750 -1 -1 590 8 0 11 7 15 2 0 0 0 3 295 137 -5295 -2222 5122 32 0
1751 1
1752 -1 -1 589 8 0 4 0 0 5 0 0 0 33 0
1753 1
1754 -1 -1 1177 8 0 1 6 0 16 5 0 0 14 0
1755 0
1756 1
1757 -1 -1 4707 8 0 3 0 0 19 0 91 0 0 1
1758 -1 -1 4706 8 0 3 5 0 4 0 5 0 0 2353 -3657 -3717 4833 7940 43 1
1759 -1 -1 2352 8 0 3 5 0 4 0 3 0 7 1176 -2683 1148 -4121 3511 5 588 -4768 4811 -1491 -1631 0 294 -4673 -930 -863 7977 378 147 2498 7992 -1576 -2692 4 0
1760 0
1761 1
1762 -1 -1 587 8 0 1 0 0 8 47 0 0 0 1
1763 -1 -1 586 8 0 7 1 0 4 0 0 3 11 293 3419 -5117 2815 7613 287 0
1764 0
1765 1
1766 -1 -1 1171 8 0 0 0 3 8 0 2 1 16 0
1767 1
1768 -1 -1 2341 8 0 3 8 0 8 15 26 1 7 0
1769 1
1770 -1 -1 4681 8 0 8 0 0 0 2 0 0 0 1
1771 -1 -1 4680 8 0 8 0 0 41 0 41 0 0 2340 -3457 -3098 4809 2194 393 1170 -983 4174 228 2265 0 585 4101 -3715 -2899 4706 245 0
1772 0
1773 0
1774 1
1775 -1 -1 4679 8 0 1 4 0 31 0 10 0 72 1
1776 -1 -1 4678 8 0 0 0 0 21 0 10 0 0 2339 -3852 -6391 4374 -268 321 0
1777 1
1778 -1 -1 4677 8 0 2 4 0 30 1 8 51 1 1
1779 -1 -1 4676 8 0 3 11 0 34 11 1 18 48 2338 1376 -7501 -4358 3997 5 1169 -874 -5987 2233 -533 35 0
1780 1
1781 -1 -1 2337 8 0 0 1 0 13 5 1 0 2 0
1782 1
1783 -1 -1 4673 8 0 0 19 0 0 1 2 2 0 1
1784 -1 -1 4672 8 0 1 3 4 9 0 10 62 4 2336 3139 4776 3690 860 325 1168 -3636 -1963 668 6921 328 584 -4297 1052 -878 4966 3 292 -213 4837 -3826 7083 2 146 1138 -614 -3843 -3321 312 73 -293 -5260 3865 1317 371 0
1785 0
1786 0
1787 1
1788 -1 -1 583 8 0 0 3 8 6 1 8 4 25 0
1789 1
1790 -1 -1 1165 8 0 0 13 0 32 5 0 5 1 0
1791 0
1792 1
1793 -1 -1 4659 8 0 0 0 0 3 0 0 98 1 1
1794 -1 -1 4658 8 0 1 3 1 8 2 0 11 1 2329 -1293 -2346 4659 -2069 208 1
1795 -1 -1 2328 8 0 1 0 1 10 2 0 1 0 1164 1246 6221 2026 5492 0 582 -1933 1976 4852 6670 218 291 541 -7357 482 7239 277 0
1796 0
1797 1
1798 -1 -1 1163 8 0 0 1 0 0 26 0 0 0 1
1799 -1 -1 1162 8 0 0 26 3 16 3 2 0 10 581 -2559 6492 -2047 -7834 346 0
1800 1
1801 -1 -1 1161 8 0 0 32 0 0 0 0 0 1 0
1802 0
1803 1
1804 -1 -1 4643 8 0 1 0 0 0 0 0 9 0 1
1805 -1 -1 4642 8 0 0 6 0 2 0 0 8 123 2321 -1534 353 1424 3627 371 1
1806 -1 -1 2320 8 0 2 18 0 6 4 3 18 7 1160 -1331 1053 -831 6627 231 580 -629 1565 4745 6946 324 290 -1485 -4683 3256 -1348 204 145 -93 -1190 -3379 2673 5 0
1807 0
1808 0
1809 1
1810 -1 -1 1159 8 0 1 3 0 6 3 2 0 2 0
1811 1
1812 -1 -1 2317 8 0 0 5 0 0 0 1 0 5 0
1813 1
1814 -1 -1 4633 8 0 0 0 0 1 0 0 0 0 1
1815 -1 -1 4632 8 0 0 76 0 0 0 0 0 0 2316 3980 -4151 -142 6553 9 1158 -957 -2382 -3270 6409 276 579 4381 -2026 -62 3859 16 0
1816 1
1817 -1 -1 1157 8 0 0 19 0 26 3 3 7 3 0
1818 1
1819 -1 -1 2313 8 0 4 16 2 23 13 0 0 0 0
1820 1
1821 -1 -1 4625 8 0 0 12 0 3 8 0 0 0 1
1822 -1 -1 4624 8 0 5 8 131 5 2 0 0 0 2312 2416 -6063 -652 5147 252 1156 -3394 -2426 3803 -4943 8 578 -2521 -2270 2998 2830 252 289 1950 7783 -1827 4819 15 0
1823 0
1824 0
1825 1
1826 -1 -1 2311 8 0 0 0 1 1 19 0 0 7 1
1827 -1 -1 2310 8 0 1 4 0 35 0 0 10 19 1155 247 -7731 -3408 -7647 39 0
1828 1
1829 -1 -1 2309 8 0 0 4 12 1 1 0 0 0 0
1830 1
1831 -1 -1 4617 8 0 1 2 2 5 0 0 0 3 1
1832 -1 -1 4616 8 0 0 5 0 3 0 0 0 100 2308 200 647 -99 -1817 15 1154 -4695 3415 376 -104 230 577 -4230 -630 -3947 1648 0 0
1833 0
1834 1
1835 -1 -1 2307 8 0 1 0 12 3 0 8 0 0 1
1836 -1 -1 2306 8 0 0 45 5 18 0 0 0 0 1153 904 -3471 -2772 5985 293 0
1837 1
1838 -1 -1 2305 8 0 0 12 2 12 0 6 0 0 0
1839 1
1840 -1 -1 4609 8 0 1 3 0 6 1 1 1 16 1
1841 -1 -1 4608 8 0 0 3 11 0 28 1 3 6 2304 -4670 -103 -2123 6116 194 1152 3594 -7721 453 -3051 349 576 -1537 -6526 3445 7136 12 288 -4934 4262 4460 -6759 9 144 -2619 -6196 -137 -686 3 72 -862 -742 -3047 -2862 9 36 -3805 -6072 3675 1745 296 18 -1828 -1117 4009 1403 397 9 1468 756 3727 2543 400 0
1842 0
1843 0
1844 1
1845 -1 -1 71 8 0 4 0 15 0 0 9 0 0 0
1846 1
1847 -1 -1 141 8 0 28 0 0 6 0 3 3 0 0
1848 0
1849 0
1850 0
1851 1
1852 -1 -1 2255 8 0 0 0 0 14 0 35 0 0 1
1853 -1 -1 2254 8 0 0 0 0 1 0 40 0 0 1127 327 -1469 2898 -7653 1 0
1854 0
1855 1
1856 -1 -1 4507 8 0 9 0 0 4 0 59 0 0 1
1857 -1 -1 4506 8 0 5 0 0 3 0 1 0 0 2253 3421 2968 3266 -502 12 1
1858 -1 -1 2252 8 0 0 0 0 0 0 26 0 0 1126 1627 -923 -2383 6983 400 563 -4146 2932 3630 -1571 44 1
1859 -1 -1 562 8 0 16 0 0 2 2 29 0 0 281 -948 1984 4421 -4729 23 0
1860 1
1861 -1 -1 561 8 0 2 0 0 53 2 10 0 0 0
1862 0
1863 1
1864 -1 -1 2243 8 0 0 0 0 5 0 0 0 0 0
1865 1
1866 -1 -1 4485 8 0 1 0 0 3 0 0 0 0 1
1867 -1 -1 4484 8 0 1 0 0 4 0 73 0 0 2242 -3855 -7983 1591 -4175 367 1121 -1351 1500 -3651 -7331 259 1
1868 -1 -1 1120 8 0 9 0 0 20 1 12 6 0 560 -765 -862 4769 -2163 19 280 -3297 4012 -3703 -5583 32 140 -215 -4447 -4205 4519 399 70 -2253 7209 4805 -37 18 35 4487 7353 -1970 -1690 391 0
1869 0
1870 0
1871 0
1872 1
1873 -1 -1 559 8 0 0 2 5 6 0 0 0 25 0
1874 1
1875 -1 -1 1117 8 0 0 0 9 0 11 0 0 0 1
1876 -1 -1 1116 8 0 0 2 43 1 1 0 0 3 558 -3898 4176 2176 -1056 246 279 4206 7249 -4286 1827 103 1
1877 -1 -1 278 8 0 1 2 6 9 35 2 0 0 139 4626 -5276 -688 -1430 3 0
1878 0
1879 1
1880 -1 -1 555 8 0 0 0 0 4 24 5 0 0 1
1881 -1 -1 554 8 0 0 1 2 1 1 0 37 0 277 113 3434 4155 5527 0 0
1882 0
1883 0
1884 1
1885 -1 -1 2215 8 0 0 0 5 0 0 0 0 0 1
1886 -1 -1 2214 8 0 0 61 1 4 2 0 0 1 1107 371 -7183 -319 -2562 276 1
1887 -1 -1 1106 8 0 5 1 0 7 10 1 4 3 553 2877 6372 -4433 -1559 1 0
1888 1
1889 -1 -1 1105 8 0 0 4 0 14 0 6 11 0 1
1890 -1 -1 1104 8 0 0 0 2 14 9 0 1 31 552 -3553 571 -4292 6101 251 276 -3883 -5747 425 -1402 10 138 -1549 1886 165 -309 151 69 -2645 3957 -4343 -2162 167 0
1891 0
1892 0
1893 0
1894 1
1895 -1 -1 1103 8 0 0 0 0 4 25 0 0 1 0
1896 0
1897 1
1898 -1 -1 4411 8 0 0 0 0 1 0 1 0 0 1
1899 -1 -1 4410 8 0 0 0 0 0 0 0 83 0 2205 -3112 -7339 1832 -5720 40 1
1900 -1 -1 2204 8 0 0 0 0 3 0 2 2 0 1102 1448 -3277 1768 5668 82 551 -1267 -5648 4519 -7042 15 0
1901 1
1902 -1 -1 1101 8 0 0 6 0 35 16 1 4 0 0
1903 0
1904 1
1905 -1 -1 4403 8 0 0 0 1 1 0 32 0 0 1
1906 -1 -1 4402 8 0 5 1 0 14 0 15 0 1 2201 -1518 4588 2248 5226 16 1
1907 -1 -1 2200 8 0 5 1 0 28 0 4 8 2 1100 1574 4529 4810 3716 7 550 2894 2740 4063 6942 13 275 -3428 1717 3093 6704 389 0
1908 0
1909 1
1910 -1 -1 1099 8 0 5 0 0 14 0 44 0 0 1
1911 -1 -1 1098 8 0 6 0 3 9 0 13 9 16 549 1245 5112 4983 3717 2 0
1912 0
1913 1
1914 -1 -1 2195 8 0 0 0 0 1 5 1 6 3 0
1915 1
1916 -1 -1 4389 8 0 0 0 0 0 0 2 1 0 1
1917 -1 -1 4388 8 0 0 0 0 6 0 0 0 93 2194 4703 3696 -4313 3849 366 1097 2386 -5979 -4154 -7244 26 0
1918 0
1919 1
1920 -1 -1 4387 8 0 0 0 2 3 0 0 0 26 1
1921 -1 -1 4386 8 0 1 0 0 18 0 4 25 7 2193 4918 -2620 -1903 -7220 30 1
1922 -1 -1 2192 8 0 4 1 0 20 20 3 3 2 1096 -2159 -7475 -250 7636 210 548 3219 3071 4223 -1945 23 274 -1485 -5024 -4960 4273 299 137 1402 -796 2708 -4365 2 0
1923 0
1924 1
1925 -1 -1 547 8 0 2 20 0 17 3 7 2 8 0
1926 1
1927 -1 -1 1093 8 0 0 2 16 9 3 0 0 0 0
1928 1
1929 -1 -1 2185 8 0 2 6 3 3 3 0 1 0 0
1930 1
1931 -1 -1 4369 8 0 0 1 0 3 1 0 1 0 1
1932 -1 -1 4368 8 0 1 0 0 6 0 0 0 63 2184 3338 -1614 464 -7237 307 1092 4910 7699 -3302 4154 26 546 -3599 7589 3435 -7508 109 273 1586 -7162 4846 5702 95 0
1933 0
1934 1
1935 -1 -1 1091 8 0 2 0 34 0 0 0 0 1 0
1936 1
1937 -1 -1 2181 8 0 4 0 0 2 0 6 20 0 0
1938 1
1939 -1 -1 4361 8 0 1 0 6 33 0 6 0 26 1
1940 -1 -1 4360 8 0 2 4 1 2 0 2 3 0 2180 -4540 6166 3821 -1549 2 1090 -2973 -5925 3985 4124 351 545 -1983 -5577 3657 -1340 321 0
1941 0
1942 0
1943 1
1944 -1 -1 4359 8 0 0 0 3 35 0 1 0 0 1
1945 -1 -1 4358 8 0 0 1 1 7 0 22 0 0 2179 2406 4334 476 -706 168 1
1946 -1 -1 2178 8 0 5 1 17 2 1 0 0 0 1089 1679 6257 -1293 -4056 22 0
1947 0
1948 1
1949 -1 -1 4355 8 0 8 0 0 13 1 44 0 0 1
1950 -1 -1 4354 8 0 5 0 0 18 0 0 0 0 2177 -4208 -3602 4218 1108 53 0
1951 1
1952 -1 -1 4353 8 0 0 0 2 22 0 1 0 3 1
1953 -1 -1 4352 8 0 120 0 1 19 1 0 0 4 2176 -3352 7687 4872 -4040 160 1088 -4697 -6048 187 5505 56 544 3613 6002 332 -925 42 272 -3725 1711 4947 5903 213 136 2814 -4122 -847 185 32 68 1853 -2607 -4389 6999 190 34 1715 7745 2126 -4174 217 17 -1565 -436 -4392 7222 400 0
1954 0
1955 0
1956 0
1957 1
1958 -1 -1 271 8 0 1 0 0 5 32 1 4 0 0
1959 1
1960 -1 -1 541 8 0 0 2 0 16 0 2 26 2 1
1961 -1 -1 540 8 0 18 0 0 13 0 0 4 4 270 4321 6248 4158 768 21 135 -327 4375 264 421 16 0
1962 0
1963 0
1964 1
1965 -1 -1 1079 8 0 2 0 0 0 0 0 5 0 1
1966 -1 -1 1078 8 0 13 0 0 48 4 2 0 0 539 1861 28 1464 2333 4 1
1967 -1 -1 538 8 0 27 6 3 10 0 17 0 0 269 4019 -7728 -582 6918 391 0
1968 0
1969 1
1970 -1 -1 1075 8 0 9 0 0 10 0 5 1 0 0
1971 1
1972 -1 -1 2149 8 0 3 0 4 2 0 2 0 0 0
1973 1
1974 -1 -1 4297 8 0 0 0 0 0 0 2 0 0 1
1975 -1 -1 4296 8 0 131 0 0 1 0 0 0 0 2148 -1619 4377 -3624 1454 24 1074 2041 6789 3185 4590 4 537 -1363 -189 -741 -6504 6 0
1976 1
1977 -1 -1 1073 8 0 4 0 0 2 0 26 0 4 0
1978 1
1979 -1 -1 2145 8 0 8 0 0 3 0 29 0 0 0
1980 1
1981 -1 -1 4289 8 0 27 1 0 0 0 23 0 0 1
1982 -1 -1 4288 8 0 50 0 0 18 0 5 0 0 2144 -3923 368 970 4977 17 1072 2829 572 -2554 -7810 9 536 -4013 2192 845 2839 20 268 -4381 -7955 4501 7534 323 134 2175 413 4258 -5933 7 67 4148 6250 -3709 -7482 51 0
1983 0
1984 0
1985 1
1986 -1 -1 535 8 0 0 0 7 12 0 8 0 0 1
1987 -1 -1 534 8 0 0 3 0 9 0 0 45 8 267 -373 -1543 -2536 7286 289 0
1988 0
1989 0
1990 1
1991 -1 -1 2135 8 0 8 0 2 27 2 13 0 0 0
1992 1
1993 -1 -1 4269 8 0 0 0 0 85 0 0 0 0 1
1994 -1 -1 4268 8 0 1 0 0 11 1 2 0 0 2134 1285 1978 -1580 191 1 1067 -3979 -951 4202 6460 5 0
1995 1
1996 -1 -1 2133 8 0 2 0 0 3 24 0 0 0 1
1997 -1 -1 2132 8 0 1 0 0 38 1 3 0 20 1066 4264 -991 -3205 4882 296 533 3376 -2193 -4475 6226 301 0
1998 0
1999 1
2000 -1 -1 2131 8 0 2 0 2 15 39 1 5 0 0
2001 1
2002 -1 -1 4261 8 0 5 0 1 27 7 0 20 1 1
2003 -1 -1 4260 8 0 10 2 6 7 0 4 1 2 2130 -2559 2628 -4780 7452 241 1065 2177 1732 3284 -2437 7 0
2004 1
2005 -1 -1 2129 8 0 1 0 10 7 0 0 0 0 1
2006 -1 -1 2128 8 0 3 0 0 54 1 1 2 1 1064 630 183 -4420 -1812 69 532 -4051 -336 2095 7319 83 266 4737 3900 -4360 6206 272 133 4159 6799 -70 -2396 246 0
2007 1
2008 -1 -1 265 8 0 31 17 3 2 3 0 0 0 0
2009 1
2010 -1 -1 529 8 0 18 5 1 9 0 23 0 3 0
2011 0
2012 1
2013 -1 -1 2115 8 0 0 11 0 4 0 0 0 0 0
2014 1
2015 -1 -1 4229 8 0 1 2 0 6 0 2 20 0 1
2016 -1 -1 4228 8 0 2 0 12 23 0 7 3 12 2114 2987 1160 1827 5232 99 1057 -288 -4475 1749 -1434 45 0
2017 1
2018 -1 -1 2113 8 0 1 28 6 4 3 2 2 0 1
2019 -1 -1 2112 8 0 1 8 7 41 8 1 0 1 1056 -4882 3444 -825 3144 21 528 -3596 -1397 -2562 -4365 0 264 -421 -6267 -2561 6364 379 132 4126 2304 -907 -6238 383 66 585 -5948 -3568 7268 194 33 813 -6613 -2950 6659 395 0
2020 0
2021 0
2022 0
2023 0
2024 1
2025 -1 -1 1055 8 0 1 0 0 16 1 3 0 0 0
2026 0
2027 1
2028 -1 -1 4219 8 0 8 0 0 2 0 99 0 0 1
2029 -1 -1 4218 8 0 17 0 0 4 0 26 0 0 2109 -4035 -2864 769 3774 54 1
2030 -1 -1 2108 8 0 19 0 0 1 0 3 0 0 1054 -2431 -78 -1015 7849 21 527 3677 -6653 -2971 -7359 2 0
2031 1
2032 -1 -1 1053 8 0 9 0 0 2 0 8 0 0 0
2033 1
2034 -1 -1 2105 8 0 1 0 0 2 1 0 0 0 0
2035 1
2036 -1 -1 4209 8 0 7 0 0 0 0 0 0 0 1
2037 -1 -1 4208 8 0 68 0 0 0 0 0 0 0 2104 2157 -1240 -3472 -3529 397 1052 -4031 7935 -4920 -6963 32 526 3575 4909 -794 2726 12 263 -2102 -729 -483 3742 11 0
2038 0
2039 1
2040 -1 -1 1051 8 0 2 20 0 19 0 4 3 8 0
2041 0
2042 1
2043 -1 -1 4203 8 0 1 1 0 9 4 6 0 0 1
2044 -1 -1 4202 8 0 0 0 0 61 0 1 0 2 2101 493 3954 1206 1113 0 1
2045 -1 -1 2100 8 0 2 0 0 8 0 18 0 0 1050 -740 -6482 -3811 1009 126 525 4492 -6459 2354 5645 311 0
2046 1
2047 -1 -1 1049 8 0 0 0 0 26 0 8 6 0 0
2048 0
2049 1
2050 -1 -1 4195 8 0 7 0 0 1 0 121 0 0 1
2051 -1 -1 4194 8 0 11 0 0 9 0 26 0 0 2097 -2202 3381 -115 6439 16 0
2052 1
2053 -1 -1 4193 8 0 4 0 0 3 0 47 0 1 1
2054 -1 -1 4192 8 0 51 1 0 74 1 89 0 0 2096 3226 4834 -2061 6859 28 1048 3643 -3041 1724 2859 51 524 391 -2953 -514 6835 185 262 -1979 -6292 1937 3519 193 131 2401 -6990 -1180 3480 400 0
2055 0
2056 1
2057 -1 -1 523 8 0 24 8 0 20 0 7 2 1 0
2058 1
2059 -1 -1 1045 8 0 9 0 0 15 0 1 0 0 0
2060 0
2061 1
2062 -1 -1 4179 8 0 47 0 0 10 0 25 0 0 1
2063 -1 -1 4178 8 0 103 0 0 2 1 202 0 0 2089 -3201 -6456 114 -626 35 1
2064 -1 -1 2088 8 0 44 0 0 2 0 4 0 0 1044 -4888 3446 -299 3768 12 522 -2378 -7975 807 -3250 42 261 -2639 -1264 1827 7329 67 0
2065 1
2066 -1 -1 521 8 0 8 2 20 16 18 0 0 1 0
2067 1
2068 -1 -1 1041 8 0 5 1 0 19 2 2 1 4 0
2069 0
2070 1
2071 -1 -1 4163 8 0 8 0 0 3 0 14 0 0 1
2072 -1 -1 4162 8 0 186 0 1 25 0 8 0 0 2081 3972 1032 -1672 1602 20 1
2073 -1 -1 2080 8 0 7 5 0 5 6 1 0 0 1040 -1849 2366 853 7192 2 520 4824 -7503 193 -566 156 260 -1806 -6760 2529 6243 132 130 -4641 3968 3021 3305 10 65 -3679 -7670 -9 826 60 0
2074 0
2075 0
2076 1
2077 -1 -1 519 8 0 6 6 0 36 0 0 13 0 0
2078 0
2079 0
2080 1
2081 -1 -1 4151 8 0 1 0 0 4 0 2 0 0 1
2082 -1 -1 4150 8 0 7 0 0 2 0 77 0 0 2075 2518 3454 4489 -2798 197 1
2083 -1 -1 2074 8 0 6 1 0 11 0 3 1 0 1037 2015 -3670 -1376 -1938 14 1
2084 -1 -1 1036 8 0 2 0 0 1 0 1 5 8 518 -3879 -3971 4438 5235 3 259 -109 1305 -4023 -4638 2 0
2085 0
2086 1
2087 -1 -1 1035 8 0 15 0 1 23 6 3 2 0 0
2088 1
2089 -1 -1 2069 8 0 3 14 0 3 0 0 0 0 0
2090 1
2091 -1 -1 4137 8 0 1 0 0 1 0 0 0 0 1
2092 -1 -1 4136 8 0 106 0 0 0 0 0 0 0 2068 2014 2125 1172 -1008 296 1034 3050 5223 -690 -7552 18 517 3494 2372 -4289 -4967 12 0
2093 1
2094 -1 -1 1033 8 0 25 1 0 2 1 22 0 0 0
2095 0
2096 1
2097 -1 -1 4131 8 0 0 0 1 6 12 0 0 1 1
2098 -1 -1 4130 8 0 8 2 5 84 0 1 8 1 2065 3658 2741 -1427 -2168 42 0
2099 1
2100 -1 -1 4129 8 0 2 1 0 18 4 0 3 3 1
2101 -1 -1 4128 8 0 52 2 0 23 2 6 0 0 2064 -4848 -7376 3123 7837 173 1032 4487 739 4210 6207 179 516 -4000 -6550 4056 5714 366 258 891 1194 3468 6930 396 129 4161 -7794 -2286 472 46 0
2102 0
2103 0
2104 1
2105 -1 -1 1031 8 0 0 1 1 20 11 5 9 8 0
2106 1
2107 -1 -1 2061 8 0 10 11 0 26 0 0 1 0 1
2108 -1 -1 2060 8 0 18 0 19 12 1 6 0 2 1030 31 -332 2788 -2083 5 515 1477 6611 2471 1594 15 0
2109 0
2110 1
2111 -1 -1 2059 8 0 7 0 0 2 0 32 0 0 1
2112 -1 -1 2058 8 0 7 0 0 21 0 2 0 0 1029 -88 3791 2904 -5690 346 0
2113 1
2114 -1 -1 2057 8 0 1 0 0 16 0 3 2 0 0
2115 1
2116 -1 -1 4113 8 0 41 0 0 40 0 5 0 0 1
2117 -1 -1 4112 8 0 65 0 0 9 0 0 2 0 2056 854 5820 3876 -5464 6 1028 4568 -5940 -154 7360 128 514 1903 -67 -455 732 8 257 3991 6267 -1904 -4117 20 0
2118 0
2119 0
2120 0
2121 1
2122 -1 -1 4111 8 0 41 0 0 5 0 66 0 0 1
2123 -1 -1 4110 8 0 30 0 0 6 0 0 0 0 2055 2180 -6662 4776 6378 24 0
2124 1
2125 -1 -1 4109 8 0 3 0 0 3 0 5 0 0 1
2126 -1 -1 4108 8 0 245 0 0 2 0 9 0 0 2054 28 -259 -2071 6363 203 1027 4907 -2775 1701 5150 11 0
2127 0
2128 1
2129 -1 -1 4107 8 0 150 0 0 27 0 4 0 0 1
2130 -1 -1 4106 8 0 86 2 0 16 0 46 0 0 2053 -442 -3362 3849 -1089 2 0
2131 1
2132 -1 -1 4105 8 0 41 0 0 25 0 8 0 0 1
2133 -1 -1 4104 8 0 1423 1 0 94 0 14 4 0 2052 -4618 -4998 -4982 4927 114 1026 3494 -1492 2977 1581 11 513 -4791 6253 -891 5170 10 0
2134 0
2135 1
2136 -1 -1 2051 8 0 4 0 0 4 0 6 9 0 1
2137 -1 -1 2050 8 0 20 0 0 35 0 0 0 0 1025 -18 2124 -670 -2845 7 0
2138 0
2139 1
2140 -1 -1 4099 8 0 1 1 0 0 1 1 0 0 1
2141 -1 -1 4098 8 0 43 0 0 58 0 0 0 0 2049 -345 6843 1653 4322 8 0
2142 1
2143 -1 -1 4097 8 0 61 0 0 61 0 2 5 0 1
2144 -1 -1 4096 8 0 556 0 0 103 0 4 1 0 2048 4965 -2096 3730 7901 32 1024 -26 -319 3648 -4960 30 512 -2630 1376 -4545 5995 153 256 -4817 -6967 -2025 -2020 1 128 4695 7665 4932 -868 16 64 51 380 3887 6723 47 32 -3067 -6393 2498 1009 32 16 -3991 668 -2650 6219 178 8 -2690 2741 -456 -371 13 4 219 -491 3542 1865 154 2 -2185 6626 -2882 2726 0 1 138 -225 -4969 -5901 141 1 5
