22 serialization::archive 15 0 0 3 0 1 0
0 0 0 0
1 0
2 0
3 0
4 0
5 0
6 1 1 0
7 -1 -1 255 8 0 1 1 0 2 1 0 40 0 1
8 -1 -1 254 8 0 4 3 8 1 12 0 0 1 127 0 0 -3237 748 2250 -5547 399 0
9 1
10 -1 -1 253 8 0 0 56 0 1 0 0 4 8 1
11 -1 -1 252 8 0 11 3 0 7 0 4 0 6 126 -3827 3781 -2124 -3335 92 63 3994 7764 -3399 -4068 289 0
12 1
13 -1 -1 125 8 0 1 0 31 2 0 1 0 14 0
14 1
15 -1 -1 249 8 0 36 6 0 2 0 0 0 3 0
16 1
17 -1 -1 497 8 0 13 2 0 2 0 0 0 2 0
18 1
19 -1 -1 993 8 0 3 4 0 0 0 0 0 0 0
20 1
21 -1 -1 1985 8 0 5 0 0 1 0 0 0 1 0
22 1
23 -1 -1 3969 8 0 0 1 0 2 0 0 0 5 0
24 1
25 -1 -1 7937 8 0 1 0 0 0 0 0 0 0 1
26 -1 -1 7936 8 0 0 0 0 0 0 0 0 77 3968 -1980 -5254 903 6685 245 1984 630 761 -2398 -1131 81 992 3914 5841 2098 3933 348 496 -2925 3740 -3392 5107 7 248 -4439 -3466 360 6374 4 124 936 2136 -3917 6990 4 62 2409 7800 319 1174 4 31 -1981 7619 -4157 -95 8 0
27 0
28 0
29 1
30 -1 -1 247 8 0 13 0 3 3 1 4 2 0 1
31 -1 -1 246 8 0 0 0 49 0 0 0 0 0 123 -2429 307 -19 5097 391 0
32 1
33 -1 -1 245 8 0 3 0 2 8 0 1 4 36 1
34 -1 -1 244 8 0 35 0 0 10 0 3 2 9 122 613 -1728 237 -1782 1 61 3494 43 1827 -5170 15 0
35 0
36 0
37 0
38 1
39 -1 -1 975 8 0 1 0 43 0 0 1 0 0 0
40 1
41 -1 -1 1949 8 0 0 0 35 10 5 2 0 0 1
42 -1 -1 1948 8 0 10 7 2 13 10 12 3 0 974 -1577 859 -8 -18 1 487 -2111 -1881 426 -2689 31 0
43 1
44 -1 -1 973 8 0 7 0 0 3 9 0 37 0 1
45 -1 -1 972 8 0 1 9 3 2 0 1 2 0 486 -1753 -1208 -2986 -4289 3 243 -4787 2147 -1166 -4607 5 0
46 1
47 -1 -1 485 8 0 20 1 1 2 8 5 9 0 1
48 -1 -1 484 8 0 1 2 1 4 1 0 2 34 242 -860 -2631 -4504 7025 0 121 -4967 522 4153 -3597 46 0
49 0
50 0
51 0
52 1
53 -1 -1 1935 8 0 0 0 0 12 0 50 0 0 1
54 -1 -1 1934 8 0 10 0 0 10 1 17 0 0 967 -733 1262 1634 -4608 35 1
55 -1 -1 966 8 0 5 0 0 2 8 1 0 0 483 4744 5990 -3077 6655 0 1
56 -1 -1 482 8 0 9 0 19 6 0 3 0 1 241 -1348 -5357 4606 -5171 8 0
57 0
58 0
59 1
60 -1 -1 1927 8 0 5 3 0 7 0 6 0 0 0
61 1
62 -1 -1 3853 8 0 0 0 0 14 8 3 0 0 1
63 -1 -1 3852 8 0 1 0 0 3 57 0 0 0 1926 -2591 -2429 796 -4211 7 963 -639 -69 4372 -3266 31 1
64 -1 -1 962 8 0 4 0 0 27 1 18 0 0 481 -4862 1137 4664 5355 356 0
65 0
66 1
67 -1 -1 1923 8 0 20 0 5 7 12 5 0 3 0
68 1
69 -1 -1 3845 8 0 1 0 0 3 44 0 3 0 1
70 -1 -1 3844 8 0 6 0 0 6 3 0 12 4 1922 4530 -1393 676 163 1 961 -3296 -105 4487 6325 398 0
71 0
72 0
73 1
74 -1 -1 7687 8 0 2 0 0 0 6 4 2 0 1
75 -1 -1 7686 8 0 18 0 1 40 0 2 0 0 3843 -1044 2293 -2290 -6053 54 0
76 1
77 -1 -1 7685 8 0 22 0 1 30 9 0 90 0 1
78 -1 -1 7684 8 0 0 0 0 2 5 0 107 0 3842 -2886 -6686 4586 7052 378 1921 2048 -6125 -3980 -6071 11 0
79 1
80 -1 -1 3841 8 0 16 0 12 2 3 0 0 0 1
81 -1 -1 3840 8 0 5 0 0 8 11 35 5 0 1920 829 591 243 -5145 175 960 -897 -1102 4904 6249 391 480 -4032 7549 4580 -5059 0 240 -533 -5231 3052 -6748 7 120 -3136 -6678 3927 -3352 9 60 -3373 2383 5000 -7080 244 30 2873 -5239 -2111 -6722 40 15 -3843 6747 693 -7639 303 0
82 0
83 0
84 1
85 -1 -1 119 8 0 1 0 0 0 0 17 0 2 1
86 -1 -1 118 8 0 2 4 0 2 0 2 0 43 59 -2577 -2244 -1742 -1968 2 0
87 1
88 -1 -1 117 8 0 2 0 0 0 0 21 0 0 1
89 -1 -1 116 8 0 9 53 0 0 0 3 0 0 58 2732 -7948 357 -1463 231 29 -3841 -6043 -1739 -1928 145 0
90 0
91 0
92 0
93 0
94 1
95 -1 -1 927 8 0 3 0 0 14 0 5 36 0 1
96 -1 -1 926 8 0 11 0 0 3 0 0 0 4 463 2152 -4547 -1811 5710 373 0
97 0
98 0
99 0
100 1
101 -1 -1 7407 8 0 3 0 0 0 0 0 0 0 1
102 -1 -1 7406 8 0 5 0 0 1 0 62 0 0 3703 -2878 -3152 -2504 -7245 54 1
103 -1 -1 3702 8 0 4 0 0 10 0 13 0 0 1851 -919 -1991 -1909 -6509 19 1
104 -1 -1 1850 8 0 15 0 0 17 0 8 3 0 925 -672 -2804 -4313 -3481 15 1
105 -1 -1 924 8 0 16 0 5 16 0 2 4 0 462 1805 -3029 -2351 6730 398 231 -1956 -7380 3429 -5111 2 1
106 -1 -1 230 8 0 4 0 0 2 20 5 0 0 115 1049 -1009 -4912 592 1 0
107 0
108 1
109 -1 -1 459 8 0 4 0 0 11 4 19 2 0 1
110 -1 -1 458 8 0 26 0 0 7 0 4 0 0 229 -3878 -2797 2090 -7509 3 0
111 0
112 0
113 1
114 -1 -1 1831 8 0 18 0 0 7 1 2 0 0 0
115 1
116 -1 -1 3661 8 0 13 0 0 6 0 0 0 0 0
117 1
118 -1 -1 7321 8 0 11 0 0 5 0 0 0 0 1
119 -1 -1 7320 8 0 158 0 0 2 0 0 0 0 3660 2899 -5271 -105 -5208 10 1830 4243 3434 2215 -2121 2 915 -2011 3605 -4242 -2590 1 0
120 1
121 -1 -1 1829 8 0 20 0 0 4 0 6 7 0 1
122 -1 -1 1828 8 0 36 0 0 0 0 0 5 2 914 -4706 -791 4685 7897 283 457 3158 -812 1099 4356 19 1
123 -1 -1 456 8 0 18 2 0 22 0 4 0 0 228 -891 -3407 4599 4509 0 114 -1182 -917 1114 -3513 8 57 3453 -2057 2428 -5959 10 0
124 0
125 0
126 0
127 1
128 -1 -1 911 8 0 7 0 0 5 0 0 0 1 0
129 1
130 -1 -1 1821 8 0 4 0 0 1 0 0 0 0 0
131 1
132 -1 -1 3641 8 0 2 0 0 0 0 0 0 0 0
133 1
134 -1 -1 7281 8 0 1 0 0 0 0 0 0 0 1
135 -1 -1 7280 8 0 1 0 0 0 0 0 0 94 3640 -362 7106 1630 -4168 16 1820 -2662 -6962 2845 2219 307 910 1251 -2327 4252 -3082 3 455 4476 2335 -2932 7968 11 1
136 -1 -1 454 8 0 21 0 0 3 0 0 0 0 227 4147 -5449 -785 -6959 273 1
137 -1 -1 226 8 0 65 0 0 0 0 0 0 0 113 -68 5437 1266 7894 0 0
138 0
139 1
140 -1 -1 451 8 0 7 12 0 0 0 0 0 48 1
141 -1 -1 450 8 0 62 0 0 2 0 0 0 0 225 -2773 -3571 -4806 6883 308 0
142 0
143 0
144 1
145 -1 -1 1799 8 0 8 0 0 0 31 0 0 0 1
146 -1 -1 1798 8 0 19 3 4 3 1 1 0 0 899 1732 -954 -2521 -2802 366 1
147 -1 -1 898 8 0 16 9 17 10 0 5 10 0 449 -4031 5992 2839 -5481 398 0
148 1
149 -1 -1 897 8 0 31 0 1 2 17 0 0 0 0
150 1
151 -1 -1 1793 8 0 17 0 5 0 0 6 0 9 0
152 1
153 -1 -1 3585 8 0 11 0 0 2 0 0 0 3 0
154 1
155 -1 -1 7169 8 0 30 0 0 0 0 0 88 3 1
156 -1 -1 7168 8 0 42 0 0 0 0 3 16 1 3584 -1204 -30 2558 5847 240 1792 -1724 -4808 -3683 -6260 6 896 4681 5516 2412 -7729 24 448 -3767 7944 -4633 2325 24 224 -2585 3841 -1279 -5796 2 112 -2904 -5804 -2570 2459 396 56 2944 -4593 -4693 -2421 400 28 1087 -7258 -4834 6851 9 14 -2550 -6138 352 -84 44 7 -2765 228 -3018 -7149 3 0
157 0
158 0
159 0
160 1
161 -1 -1 111 8 0 0 2 0 2 0 0 0 57 0
162 0
163 0
164 0
165 0
166 1
167 -1 -1 3551 8 0 0 9 2 0 0 0 0 0 0
168 1
169 -1 -1 7101 8 0 0 37 0 0 0 0 0 0 1
170 -1 -1 7100 8 0 0 84 0 0 0 0 0 0 3550 -1001 629 -2552 -2142 114 1775 891 5894 -3890 -2884 12 1
171 -1 -1 1774 8 0 0 20 6 2 0 0 0 0 887 -3056 -3954 -3989 3390 281 1
172 -1 -1 886 8 0 0 3 14 0 0 0 0 0 443 -1529 -7273 2255 3511 398 1
173 -1 -1 442 8 0 4 1 0 2 0 0 0 5 221 -2074 3626 -1041 45 4 0
174 1
175 -1 -1 441 8 0 0 43 0 4 0 0 0 9 1
176 -1 -1 440 8 0 4 9 0 7 3 24 0 4 220 -3893 7978 -2938 -501 21 110 -2354 6187 3750 2550 234 55 -4585 7952 -4097 -6215 2 0
177 0
178 0
179 1
180 -1 -1 439 8 0 0 11 1 0 0 0 0 0 0
181 0
182 1
183 -1 -1 1755 8 0 0 2 0 0 0 0 0 0 0
184 1
185 -1 -1 3509 8 0 0 0 0 0 0 0 0 42 0
186 1
187 -1 -1 7017 8 0 0 0 0 0 0 0 0 3 1
188 -1 -1 7016 8 0 0 0 0 0 0 0 0 177 3508 2727 1251 1366 -830 294 1754 -4642 -7636 -4313 -4878 138 877 -510 2595 -4264 2245 377 0
189 0
190 1
191 -1 -1 3507 8 0 0 0 3 3 0 0 0 7 1
192 -1 -1 3506 8 0 1 0 0 0 0 1 0 66 1753 -4427 -6912 224 617 335 1
193 -1 -1 1752 8 0 0 5 0 4 0 4 0 9 876 4889 -6365 -997 4411 340 438 1534 -1149 4912 930 301 219 1524 778 2595 -1488 398 0
194 1
195 -1 -1 437 8 0 0 26 0 1 4 0 0 31 1
196 -1 -1 436 8 0 0 0 32 0 0 4 2 3 218 3520 -7763 323 3713 231 109 -10 -6032 -4670 3885 284 0
197 0
198 0
199 1
200 -1 -1 871 8 0 2 6 2 1 0 1 0 0 0
201 1
202 -1 -1 1741 8 0 0 0 0 0 0 6 0 0 0
203 1
204 -1 -1 3481 8 0 1 1 0 0 0 0 0 0 0
205 1
206 -1 -1 6961 8 0 0 0 0 0 0 1 0 0 1
207 -1 -1 6960 8 0 0 0 0 0 0 0 0 76 3480 1458 -5897 2338 -327 364 1740 1932 6368 -1397 -4238 83 870 -535 -2327 -4159 4295 381 435 83 -92 -1081 6591 395 0
208 1
209 -1 -1 869 8 0 1 6 1 0 0 1 0 4 1
210 -1 -1 868 8 0 12 0 2 1 0 4 45 3 434 4636 5080 -3303 3909 277 217 -3043 -5907 -4044 5040 214 0
211 0
212 0
213 1
214 -1 -1 1735 8 0 3 0 29 4 1 0 8 8 1
215 -1 -1 1734 8 0 0 0 0 14 0 13 0 1 867 -4097 5837 3289 6593 287 0
216 1
217 -1 -1 1733 8 0 18 0 2 6 1 9 0 12 1
218 -1 -1 1732 8 0 2 0 0 1 42 0 1 11 866 170 -6255 -4764 -2080 320 433 -4752 -1321 3409 6860 59 0
219 1
220 -1 -1 865 8 0 0 45 0 7 0 1 0 0 1
221 -1 -1 864 8 0 2 0 0 4 2 5 0 9 432 1177 -6412 -1218 7551 111 216 402 -6684 4595 5208 45 108 953 -820 -498 7874 307 54 2970 -4703 1065 324 209 27 -2611 -5100 390 157 372 0
222 0
223 0
224 0
225 1
226 -1 -1 431 8 0 6 0 0 4 0 47 0 0 0
227 1
228 -1 -1 861 8 0 28 0 1 15 3 11 0 0 1
229 -1 -1 860 8 0 4 0 0 5 0 4 12 0 430 -3428 567 533 5919 21 215 1830 -4766 -1454 1110 38 0
230 1
231 -1 -1 429 8 0 37 0 0 19 0 4 3 0 0
232 1
233 -1 -1 857 8 0 6 0 0 3 0 1 0 0 0
234 1
235 -1 -1 1713 8 0 13 0 0 0 0 0 0 0 0
236 1
237 -1 -1 3425 8 0 30 0 0 0 0 0 0 0 0
238 1
239 -1 -1 6849 8 0 3 0 0 0 0 0 0 0 1
240 -1 -1 6848 8 0 86 0 0 0 0 0 0 0 3424 4099 6842 -1591 -931 239 1712 -1135 -5672 -4254 7050 326 856 4991 5512 -1116 6835 191 428 4699 -6083 -2720 -6147 12 214 -4818 -6864 -4789 4634 20 107 -1951 -3490 -1124 5013 28 0
241 0
242 1
243 -1 -1 427 8 0 2 0 0 8 0 58 0 1 0
244 1
245 -1 -1 853 8 0 2 3 1 29 0 23 5 6 1
246 -1 -1 852 8 0 5 8 0 2 6 2 5 5 426 -1681 6923 3879 -5507 2 213 4786 3711 4166 -7213 13 0
247 0
248 1
249 -1 -1 851 8 0 10 0 10 1 0 3 4 0 1
250 -1 -1 850 8 0 4 0 0 0 0 1 40 0 425 -934 -90 -3922 -4685 16 0
251 1
252 -1 -1 849 8 0 12 0 0 18 0 4 0 3 0
253 1
254 -1 -1 1697 8 0 2 11 4 2 0 4 0 0 1
255 -1 -1 1696 8 0 26 0 0 4 0 23 0 0 848 -4935 7308 1009 -2514 1 424 4284 -5631 2848 -4404 9 212 -996 -698 3109 -5625 291 106 34 2471 -670 -6612 11 53 -2525 1013 -2449 5473 2 0
256 0
257 0
258 1
259 -1 -1 423 8 0 2 2 0 0 4 0 3 3 0
260 1
261 -1 -1 845 8 0 1 0 0 12 0 48 0 0 0
262 1
263 -1 -1 1689 8 0 2 0 4 2 0 14 0 0 1
264 -1 -1 1688 8 0 7 1 2 33 0 8 0 0 844 12 -3333 -2483 177 1 422 -151 6028 -1778 -3058 54 211 -1697 6646 -2680 -6813 231 0
265 1
266 -1 -1 421 8 0 0 0 0 5 32 1 2 2 0
267 1
268 -1 -1 841 8 0 1 0 0 16 0 2 24 0 1
269 -1 -1 840 8 0 11 0 9 14 11 13 6 0 420 -4568 -6110 -1724 -6420 11 210 -4211 -5602 -1804 -1869 11 105 801 2402 -3573 1694 2 0
270 0
271 1
272 -1 -1 419 8 0 5 0 0 2 1 1 2 44 1
273 -1 -1 418 8 0 29 0 0 5 1 14 2 4 209 -3521 2150 135 -4216 0 0
274 0
275 1
276 -1 -1 835 8 0 8 24 3 3 0 2 28 1 0
277 1
278 -1 -1 1669 8 0 2 11 1 6 1 0 0 21 1
279 -1 -1 1668 8 0 1 8 34 13 2 3 0 2 834 -3136 -2763 1123 5169 283 417 533 -685 4412 -3139 387 0
280 1
281 -1 -1 833 8 0 1 5 3 13 0 1 0 10 0
282 1
283 -1 -1 1665 8 0 2 1 0 0 19 0 0 1 1
284 -1 -1 1664 8 0 26 0 0 12 5 13 1 0 832 3561 -5446 -3537 -4274 193 416 -1734 2593 3133 6038 68 208 -761 -1518 1699 7888 184 104 3727 -676 -4407 4813 14 52 -3819 -2337 -2852 -5699 5 26 -2007 3002 -4742 5170 1 13 -216 -6398 -1729 -150 61 0
285 0
286 0
287 0
288 0
289 1
290 -1 -1 415 8 0 4 0 0 1 2 0 0 9 0
291 1
292 -1 -1 829 8 0 2 0 0 2 0 0 0 0 0
293 1
294 -1 -1 1657 8 0 0 0 0 1 0 0 0 0 0
295 1
296 -1 -1 3313 8 0 0 0 0 0 0 0 7 0 0
297 1
298 -1 -1 6625 8 0 0 0 0 0 0 0 71 0 1
299 -1 -1 6624 8 0 0 0 0 0 0 0 4 0 3312 3282 -4136 -3061 7511 201 1656 -701 2189 -281 -7701 336 828 -625 4944 2608 177 334 414 -3983 7263 595 -7159 399 207 -1094 307 1776 4286 368 0
300 1
301 -1 -1 413 8 0 1 16 0 5 0 0 13 1 0
302 1
303 -1 -1 825 8 0 0 2 10 3 0 0 6 4 0
304 1
305 -1 -1 1649 8 0 3 0 9 0 0 0 0 2 0
306 1
307 -1 -1 3297 8 0 2 0 0 3 0 0 0 3 1
308 -1 -1 3296 8 0 0 0 0 4 0 0 0 63 1648 134 1081 -4618 5328 9 824 1819 2309 -2673 2509 21 412 146 7757 75 3069 8 206 2336 5498 1341 1059 1 103 -4983 5887 -3686 65 338 0
309 0
310 0
311 0
312 1
313 -1 -1 1647 8 0 1 0 0 0 0 0 0 0 0
314 1
315 -1 -1 3293 8 0 0 0 0 0 0 0 0 44 0
316 1
317 -1 -1 6585 8 0 0 0 0 0 0 0 0 106 1
318 -1 -1 6584 8 0 0 0 0 0 0 0 0 42 3292 -2015 6159 -450 -7986 92 1646 207 -2633 2001 760 275 823 2629 5037 471 -5065 177 1
319 -1 -1 822 8 0 2 1 3 10 0 0 3 50 411 2467 -4751 2412 5303 344 1
320 -1 -1 410 8 0 9 1 6 2 0 0 0 5 205 4407 -4437 -888 4673 121 1
321 -1 -1 204 8 0 13 10 8 7 0 1 0 5 102 -3604 4748 909 2163 1 51 -1564 2562 -3950 -3550 304 0
322 0
323 0
324 0
325 0
326 1
327 -1 -1 1631 8 0 24 8 0 2 2 0 0 18 0
328 1
329 -1 -1 3261 8 0 2 3 11 1 1 0 0 0 0
330 1
331 -1 -1 6521 8 0 1 0 7 2 0 0 0 5 1
332 -1 -1 6520 8 0 0 4 0 11 0 0 0 89 3260 -3113 6241 -453 5961 1 1630 -2152 2038 -2647 5761 2 815 789 499 -918 6842 1 0
333 0
334 1
335 -1 -1 3259 8 0 0 0 7 0 6 0 4 17 1
336 -1 -1 3258 8 0 0 0 2 0 49 0 0 0 1629 -2216 -1637 2840 -3896 330 1
337 -1 -1 1628 8 0 8 3 23 19 9 5 0 2 814 -835 -1450 3176 -350 226 407 -856 776 4295 6555 297 0
338 1
339 -1 -1 813 8 0 1 0 0 1 23 0 35 0 0
340 1
341 -1 -1 1625 8 0 1 22 0 0 0 0 0 3 1
342 -1 -1 1624 8 0 16 3 0 7 23 0 0 3 812 2953 -6847 -500 2526 208 406 -4859 3549 813 475 26 203 -1630 3536 -4387 -5144 30 0
343 0
344 0
345 1
346 -1 -1 1623 8 0 1 1 0 2 1 0 0 0 0
347 1
348 -1 -1 3245 8 0 0 0 0 1 0 0 0 0 0
349 1
350 -1 -1 6489 8 0 0 101 0 0 0 0 0 0 1
351 -1 -1 6488 8 0 0 21 0 0 0 0 0 0 3244 -4423 2458 -2717 -7780 342 1622 3272 -1990 4072 -6550 393 811 -461 -1870 -4535 1054 15 0
352 1
353 -1 -1 1621 8 0 0 41 0 0 0 0 0 0 0
354 1
355 -1 -1 3241 8 0 0 7 0 1 0 0 0 0 0
356 1
357 -1 -1 6481 8 0 0 0 0 2 0 0 0 0 1
358 -1 -1 6480 8 0 0 0 0 0 1 0 86 0 3240 3797 1950 2803 2191 4 1620 -4835 -4791 3312 3137 341 810 -864 196 -4432 -1836 170 405 -3913 -3230 1712 -6576 346 0
359 0
360 0
361 1
362 -1 -1 3239 8 0 0 0 0 0 0 0 38 0 1
363 -1 -1 3238 8 0 8 12 3 1 0 1 9 19 1619 -2045 1457 -3725 -800 375 0
364 0
365 1
366 -1 -1 6475 8 0 0 0 2 6 21 0 0 77 1
367 -1 -1 6474 8 0 0 2 2 2 0 0 12 0 3237 -776 3781 4035 1940 313 0
368 1
369 -1 -1 6473 8 0 2 5 11 2 23 0 5 14 1
370 -1 -1 6472 8 0 0 4 77 6 5 1 0 12 3236 -270 5290 -636 -6241 381 1618 -2672 2708 -1785 1541 4 809 -4766 5114 -1381 -7919 398 0
371 0
372 0
373 1
374 -1 -1 6471 8 0 1 4 52 0 2 0 0 0 1
375 -1 -1 6470 8 0 1 15 0 0 0 0 2 12 3235 -2504 6912 -626 4626 3 0
376 1
377 -1 -1 6469 8 0 0 0 0 0 0 0 41 0 1
378 -1 -1 6468 8 0 0 14 1 7 54 0 4 13 3234 -538 1827 3100 -4783 371 1617 -2562 5698 3725 -3589 394 0
379 0
380 1
381 -1 -1 6467 8 0 1 56 9 11 29 0 0 31 1
382 -1 -1 6466 8 0 0 352 18 15 13 1 1 2 3233 -2274 -435 4335 3502 304 0
383 1
384 -1 -1 6465 8 0 2 12 7 24 1 0 21 60 1
385 -1 -1 6464 8 0 2 109 28 22 12 1 11 11 3232 3101 -2117 -3203 -5375 23 1616 -805 7709 3931 -5919 295 808 -3884 7745 2813 5890 377 404 -25 7612 4098 860 369 202 -4528 -4403 2847 -5472 327 101 -2570 3166 1681 -4521 399 0
386 0
387 0
388 1
389 -1 -1 807 8 0 1 5 0 0 0 0 0 0 0
390 1
391 -1 -1 1613 8 0 2 0 0 0 0 0 0 0 0
392 1
393 -1 -1 3225 8 0 0 1 0 0 0 0 0 0 0
394 1
395 -1 -1 6449 8 0 0 0 0 0 0 0 0 77 1
396 -1 -1 6448 8 0 0 0 0 0 0 0 0 28 3224 1304 -4084 3852 2836 242 1612 3580 2867 3054 -3922 215 806 3987 1510 2330 7795 385 403 -2827 7763 2208 3059 395 1
397 -1 -1 402 8 0 3 1 0 7 0 5 0 3 201 -2899 3626 -2972 -6155 211 0
398 0
399 0
400 1
401 -1 -1 1607 8 0 0 33 10 1 0 2 2 0 0
402 0
403 1
404 -1 -1 6427 8 0 3 0 0 1 1 0 0 16 1
405 -1 -1 6426 8 0 1 10 18 19 16 3 89 12 3213 938 -4325 -3985 -7036 396 0
406 1
407 -1 -1 6425 8 0 0 0 1 5 0 2 21 1 1
408 -1 -1 6424 8 0 4 0 0 35 0 26 0 2 3212 -2289 7803 -2472 -5684 191 1606 -2205 5856 1020 -7496 201 803 -100 3652 -3094 6182 27 0
409 0
410 0
411 1
412 -1 -1 6423 8 0 1 0 0 4 0 0 1 0 1
413 -1 -1 6422 8 0 0 0 1 3 0 0 2 81 3211 3174 739 3776 -5256 353 1
414 -1 -1 3210 8 0 0 0 2 12 2 0 0 2 1605 1977 -838 -3364 -992 5 1
415 -1 -1 1604 8 0 10 16 1 10 1 2 19 8 802 -3155 5942 -3366 -1184 20 401 -710 3007 3294 -483 62 0
416 0
417 1
418 -1 -1 1603 8 0 5 15 0 0 2 1 0 15 0
419 1
420 -1 -1 3205 8 0 2 0 0 20 0 24 0 0 1
421 -1 -1 3204 8 0 8 4 0 28 9 3 0 8 1602 -3431 -6808 2093 7180 342 801 1293 2518 2172 -5139 381 0
422 0
423 1
424 -1 -1 3203 8 0 0 0 1 4 1 0 0 37 0
425 1
426 -1 -1 6405 8 0 0 0 0 5 4 5 35 0 1
427 -1 -1 6404 8 0 0 17 8 15 2 1 2 5 3202 -3924 -3417 4232 -173 271 1601 237 -6557 -3764 -2993 33 0
428 0
429 1
430 -1 -1 6403 8 0 0 4 34 31 93 3 13 0 1
431 -1 -1 6402 8 0 1 3 71 6 3 0 1 2 3201 -3640 4445 3005 -7250 32 0
432 1
433 -1 -1 6401 8 0 3 1 41 72 19 0 5 23 1
434 -1 -1 6400 8 0 11 124 84 163 71 39 60 6 3200 940 -6997 -770 -3238 12 1600 4979 6199 2888 -5593 262 800 3605 7121 3508 -5450 383 400 -1839 1294 4022 245 364 200 -4691 5386 3650 -7468 317 100 2345 -6207 -2763 1496 356 50 -2926 5602 -557 -5525 262 25 3812 -4295 24 -6542 382 0
435 0
436 1
437 -1 -1 99 8 0 26 8 2 3 0 4 14 11 0
438 1
439 -1 -1 197 8 0 6 0 1 8 0 4 0 8 0
440 1
441 -1 -1 393 8 0 10 0 4 0 1 0 0 2 0
442 1
443 -1 -1 785 8 0 11 0 0 5 0 0 0 1 0
444 1
445 -1 -1 1569 8 0 7 0 0 0 0 2 0 1 1
446 -1 -1 1568 8 0 63 0 0 0 0 1 0 0 784 -3674 -1161 -1623 2780 385 392 3884 -6969 2264 -6836 2 196 2867 944 4505 -7178 17 98 4845 -2397 -2138 6958 314 49 -2175 1030 3514 -7596 41 0
447 0
448 0
449 0
450 0
451 1
452 -1 -1 1567 8 0 0 0 0 5 2 1 5 14 0
453 1
454 -1 -1 3133 8 0 0 0 0 0 0 0 0 6 1
455 -1 -1 3132 8 0 0 0 0 2 62 0 0 0 1566 -1753 -7950 -2595 2607 386 783 -808 -5672 496 -4204 2 0
456 1
457 -1 -1 1565 8 0 0 0 0 0 0 0 0 68 1
458 -1 -1 1564 8 0 0 0 0 1 3 2 0 0 782 -3112 -3821 -2538 1841 0 391 864 1392 -4345 5557 189 0
459 0
460 1
461 -1 -1 1563 8 0 0 0 0 2 0 24 0 0 1
462 -1 -1 1562 8 0 0 0 0 8 24 4 7 1 781 4291 -4033 3849 882 370 0
463 1
464 -1 -1 1561 8 0 0 0 0 6 6 0 0 11 0
465 1
466 -1 -1 3121 8 0 1 0 0 1 0 2 0 0 0
467 1
468 -1 -1 6241 8 0 0 4 0 0 4 0 0 0 1
469 -1 -1 6240 8 0 0 0 0 0 203 0 0 0 3120 -3213 -3101 4176 -6755 260 1560 -2524 2157 2332 3056 364 780 4301 653 -786 6944 341 390 -2799 2521 4569 4734 1 195 2074 -7420 -4158 -1397 347 0
470 1
471 -1 -1 389 8 0 2 1 2 10 52 0 0 0 0
472 1
473 -1 -1 777 8 0 1 2 28 16 0 7 4 11 1
474 -1 -1 776 8 0 11 23 2 5 10 2 0 1 388 1377 -6593 3269 226 18 194 1186 -2134 -2487 5129 265 97 1996 -261 1608 5531 281 0
475 0
476 0
477 0
478 0
479 1
480 -1 -1 3103 8 0 0 1 3 5 32 3 2 0 0
481 1
482 -1 -1 6205 8 0 2 2 4 75 2 46 0 1 1
483 -1 -1 6204 8 0 0 0 20 1 0 7 0 0 3102 -1036 -2201 -477 6119 235 1551 1953 -5538 4399 -2318 4 0
484 0
485 1
486 -1 -1 6203 8 0 0 0 62 7 0 3 11 0 1
487 -1 -1 6202 8 0 1 0 0 24 5 0 7 13 3101 3994 -2730 -3281 6331 349 0
488 1
489 -1 -1 6201 8 0 0 0 0 0 0 3 0 2 1
490 -1 -1 6200 8 0 1 0 1 20 1 0 102 0 3100 -1378 -5677 3814 -7107 282 1550 4926 -7285 -89 -6653 6 775 -4012 -7789 -2531 2940 134 0
491 0
492 0
493 1
494 -1 -1 6199 8 0 0 3 0 0 0 0 0 25 1
495 -1 -1 6198 8 0 0 48 0 0 4 0 0 1 3099 -3698 -5071 -1694 3700 320 0
496 1
497 -1 -1 6197 8 0 0 0 29 2 24 0 0 0 1
498 -1 -1 6196 8 0 0 31 13 3 0 0 13 0 3098 -3774 4069 -1510 -5220 0 1549 4949 -6310 -1158 7446 289 0
499 0
500 1
501 -1 -1 6195 8 0 0 0 4 5 11 3 28 1 1
502 -1 -1 6194 8 0 0 12 235 13 29 0 0 3 3097 -1469 -5142 1678 -412 24 0
503 1
504 -1 -1 6193 8 0 0 2 13 4 0 1 55 10 1
505 -1 -1 6192 8 0 0 7 27 19 93 0 24 11 3096 4541 3288 156 -2839 27 1548 -297 -5382 3909 4821 254 774 -3997 -6036 -154 -5374 40 387 103 -1051 -384 6675 278 0
506 0
507 0
508 1
509 -1 -1 3095 8 0 0 2 0 12 2 30 0 0 1
510 -1 -1 3094 8 0 6 5 0 29 0 2 2 3 1547 3630 -4273 -2457 -3410 10 0
511 1
512 -1 -1 3093 8 0 3 5 13 26 3 1 0 4 0
513 1
514 -1 -1 6185 8 0 2 35 0 9 1 0 1 0 1
515 -1 -1 6184 8 0 2 2 1 2 31 0 4 2 3092 -4076 -5699 197 -4108 340 1546 -1456 -4526 2648 7533 12 773 -2792 -1474 -4464 7599 3 0
516 0
517 1
518 -1 -1 3091 8 0 1 22 1 2 0 0 5 19 0
519 1
520 -1 -1 6181 8 0 0 0 103 4 1 0 0 1 1
521 -1 -1 6180 8 0 0 8 0 0 0 0 0 0 3090 -3612 -2376 4144 2115 0 1545 -2474 -4702 1510 5617 299 0
522 0
523 1
524 -1 -1 6179 8 0 0 4 0 3 2 0 65 15 1
525 -1 -1 6178 8 0 0 22 7 15 0 0 5 71 3089 -3267 -7411 -4141 2073 241 0
526 1
527 -1 -1 6177 8 0 0 4 18 4 25 1 52 8 1
528 -1 -1 6176 8 0 9 299 113 51 49 4 37 63 3088 2308 -6953 -2203 -5955 252 1544 -154 -7354 434 -1675 27 772 -3396 -4190 -3960 -613 271 386 -3619 7721 4996 5065 1 193 4327 -1583 -1500 6401 215 0
529 0
530 0
531 0
532 0
533 1
534 -1 -1 6175 8 0 0 2 0 0 0 0 0 0 1
535 -1 -1 6174 8 0 0 0 76 0 0 0 0 0 3087 4639 4995 4310 3535 1 0
536 1
537 -1 -1 6173 8 0 0 62 20 0 2 0 1 0 1
538 -1 -1 6172 8 0 0 11 5 9 67 0 4 3 3086 2325 1316 4494 -6951 302 1543 -1426 7957 -3790 4370 392 0
539 0
540 1
541 -1 -1 6171 8 0 1 0 0 0 3 0 9 95 1
542 -1 -1 6170 8 0 1 91 1 4 2 0 2 5 3085 4454 -1490 -3251 -5536 308 0
543 1
544 -1 -1 6169 8 0 1 0 0 1 77 0 0 2 1
545 -1 -1 6168 8 0 4 54 73 21 99 2 578 272 3084 4483 -7846 -704 3840 372 1542 3288 5645 -616 6821 2 771 3444 7926 2344 -400 3 0
546 0
547 1
548 -1 -1 3083 8 0 2 2 1 21 10 6 0 14 0
549 1
550 -1 -1 6165 8 0 1 4 0 1 0 0 0 61 1
551 -1 -1 6164 8 0 0 14 0 1 5 0 46 8 3082 4600 -3423 -3280 -2364 231 1541 919 -7709 -473 6180 302 0
552 0
553 1
554 -1 -1 6163 8 0 0 5 103 2 10 0 2 18 1
555 -1 -1 6162 8 0 0 118 188 48 185 12 121 22 3081 4061 -4551 -4208 -7482 359 0
556 1
557 -1 -1 6161 8 0 8 171 246 61 202 9 984 47 1
558 -1 -1 6160 8 0 6 226 416 49 371 1 463 38 3080 61 -636 2427 -6724 3 1540 4540 3645 -2992 2794 243 770 -3650 -7013 -713 3309 316 385 3494 -69 4052 -6245 245 0
559 0
560 0
561 1
562 -1 -1 3079 8 0 0 2 35 5 4 0 0 0 0
563 1
564 -1 -1 6157 8 0 1 8 2 12 13 8 4 0 1
565 -1 -1 6156 8 0 1 4 17 12 318 0 18 27 3078 3536 6038 -3010 5149 4 1539 -2740 -930 745 -2969 280 0
566 0
567 1
568 -1 -1 6155 8 0 0 0 0 1 0 0 19 1 1
569 -1 -1 6154 8 0 0 42 0 4 7 0 1 15 3077 -4873 -409 3358 -3241 310 0
570 1
571 -1 -1 6153 8 0 2 11 8 2 25 0 71 0 1
572 -1 -1 6152 8 0 3 7 109 7 58 14 9 4 3076 -1626 -4170 -3589 7886 208 1538 -4282 3102 -4242 -3280 22 769 -4034 -1948 -3594 6789 213 0
573 0
574 1
575 -1 -1 3075 8 0 0 7 7 2 4 1 1 0 0
576 1
577 -1 -1 6149 8 0 1 0 0 0 2 0 0 0 1
578 -1 -1 6148 8 0 0 80 0 1 0 0 1 0 3074 -4525 5784 4401 -5662 83 1537 -3103 -4774 -3881 -2381 3 0
579 0
580 1
581 -1 -1 6147 8 0 1 0 0 0 0 0 29 1 1
582 -1 -1 6146 8 0 2 36 12 11 25 1 31 9 3073 1495 -4496 -2814 -403 298 0
583 1
584 -1 -1 6145 8 0 2 2 25 11 15 0 7 9 1
585 -1 -1 6144 8 0 17 76 32 33 10 5 5 3 3072 4240 -1353 1992 2811 16 1536 105 1032 -4308 761 11 768 -4966 1535 -4635 -1960 10 384 4916 -5388 738 5194 119 192 837 317 -4813 -1813 17 96 -4280 -3519 2292 6361 242 48 -1650 -7823 2569 3369 357 24 -69 -27 -2761 3946 398 12 -2659 5020 -4774 -7150 2 6 -1163 -7118 2415 3789 388 3 1342 424 463 5252 400 0
586 0
587 0
588 0
589 0
590 0
591 0
592 0
593 0
594 1
595 -1 -1 1535 8 0 34 0 0 0 0 0 0 0 1
596 -1 -1 1534 8 0 30 0 0 0 0 21 0 0 767 -2542 -6444 1084 -7414 8 0
597 1
598 -1 -1 1533 8 0 0 0 0 0 0 2 0 0 0
599 0
600 1
601 -1 -1 6131 8 0 2 0 0 0 0 0 0 0 1
602 -1 -1 6130 8 0 121 0 0 0 0 0 0 0 3065 3201 -1605 -4747 2680 66 1
603 -1 -1 3064 8 0 36 0 0 0 0 2 0 0 1532 1527 -6700 -4743 -7823 0 766 -3374 4928 4798 3898 109 383 -2869 -6444 657 -5860 4 0
604 0
605 0
606 1
607 -1 -1 3063 8 0 15 0 0 27 0 0 0 0 1
608 -1 -1 3062 8 0 42 0 0 12 0 0 0 0 1531 2675 1124 -831 2669 8 1
609 -1 -1 1530 8 0 47 0 8 7 3 0 0 0 765 -4533 2133 -2955 5795 8 0
610 1
611 -1 -1 1529 8 0 18 0 0 6 0 15 0 0 0
612 1
613 -1 -1 3057 8 0 2 0 0 0 0 0 2 0 0
614 1
615 -1 -1 6113 8 0 1 0 0 7 0 1 0 0 1
616 -1 -1 6112 8 0 65 0 0 17 0 0 0 0 3056 -84 7542 2059 4288 7 1528 -34 -890 1432 2640 62 764 3171 -2838 3477 -750 9 382 -4936 1504 4531 -4411 16 191 -1895 7538 27 -182 58 0
617 0
618 0
619 1
620 -1 -1 1527 8 0 2 0 0 9 0 12 0 0 0
621 1
622 -1 -1 3053 8 0 4 0 4 0 0 0 0 0 1
623 -1 -1 3052 8 0 63 0 0 5 0 0 0 0 1526 502 2723 -983 5973 29 763 4884 -5268 10 -376 74 1
624 -1 -1 762 8 0 13 0 6 9 0 0 2 17 381 -4357 -1876 -3662 4175 4 0
625 1
626 -1 -1 761 8 0 9 8 11 6 0 0 13 0 1
627 -1 -1 760 8 0 9 0 3 6 24 0 0 9 380 2520 3215 -1238 -5119 32 190 -3809 109 -864 6631 3 95 2602 4247 -3733 -3580 352 0
628 0
629 1
630 -1 -1 379 8 0 29 3 0 0 0 30 0 0 0
631 1
632 -1 -1 757 8 0 0 0 0 0 0 0 0 22 1
633 -1 -1 756 8 0 17 0 1 24 0 5 0 1 378 -4742 81 -4917 6026 297 189 -1372 -464 611 6206 11 0
634 0
635 1
636 -1 -1 755 8 0 4 0 0 1 0 3 0 11 0
637 1
638 -1 -1 1509 8 0 6 6 14 8 12 0 0 2 1
639 -1 -1 1508 8 0 7 0 48 1 0 0 0 0 754 3559 7458 -4731 7648 13 377 -1025 2431 4693 6255 8 0
640 1
641 -1 -1 753 8 0 5 0 0 6 3 14 36 0 0
642 0
643 1
644 -1 -1 3011 8 0 8 0 1 13 3 4 0 0 1
645 -1 -1 3010 8 0 4 0 2 0 42 4 0 0 1505 -1566 -2725 -1187 7459 4 0
646 1
647 -1 -1 3009 8 0 24 0 0 21 0 3 1 0 1
648 -1 -1 3008 8 0 13 0 19 15 6 2 1 0 1504 -3085 1881 -4545 6655 9 752 36 -1236 4143 64 297 376 1901 6307 -3894 4675 31 188 1668 5508 -4766 -972 56 94 4357 -4238 -2337 -6107 2 47 -2512 2974 3357 6859 0 0
649 0
650 0
651 1
652 -1 -1 375 8 0 0 0 0 3 0 1 0 0 0
653 1
654 -1 -1 749 8 0 0 1 1 2 0 0 0 0 0
655 1
656 -1 -1 1497 8 0 0 0 68 1 0 0 0 0 1
657 -1 -1 1496 8 0 0 1 0 0 0 0 0 0 748 3812 -5745 -1665 -5841 0 374 4116 -531 3082 -3099 359 187 -1196 4228 2719 4908 144 1
658 -1 -1 186 8 0 10 20 9 4 0 0 1 0 93 4831 2340 4258 -219 3 0
659 1
660 -1 -1 185 8 0 5 14 0 3 14 10 1 10 0
661 1
662 -1 -1 369 8 0 2 0 0 7 0 0 44 0 1
663 -1 -1 368 8 0 7 0 17 12 2 0 16 15 184 1814 591 4960 1662 265 92 -4810 -7022 3720 3054 42 46 3986 7609 -682 -4343 340 23 133 3866 953 -4231 398 0
664 0
665 0
666 0
667 0
668 1
669 -1 -1 735 8 0 0 0 28 4 3 2 0 13 1
670 -1 -1 734 8 0 2 0 0 1 0 12 0 5 367 -3656 -1293 -2581 -2007 0 0
671 1
672 -1 -1 733 8 0 2 50 3 3 0 0 0 0 1
673 -1 -1 732 8 0 3 0 9 0 0 0 0 1 366 -4553 7352 -3703 1421 7 183 -3039 6883 3124 3532 71 0
674 1
675 -1 -1 365 8 0 1 1 2 0 6 0 0 0 0
676 1
677 -1 -1 729 8 0 0 0 1 2 0 0 3 2 0
678 1
679 -1 -1 1457 8 0 1 0 0 2 0 0 0 0 0
680 1
681 -1 -1 2913 8 0 0 0 0 3 0 0 0 4 0
682 1
683 -1 -1 5825 8 0 0 0 0 0 0 0 0 46 1
684 -1 -1 5824 8 0 0 0 0 0 0 0 0 55 2912 352 7879 -4704 -6231 319 1456 237 -144 4268 4317 384 728 4770 3241 4537 5915 101 364 4979 6123 -4435 -7524 209 182 2926 -4539 1557 -3916 16 91 -1414 -643 2298 -3971 399 0
685 1
686 -1 -1 181 8 0 5 1 0 4 48 0 3 3 1
687 -1 -1 180 8 0 0 0 5 3 0 2 6 4 90 -3403 -797 4201 -2530 65 45 -610 6170 -3079 -4567 19 0
688 0
689 0
690 1
691 -1 -1 359 8 0 2 0 59 5 0 2 0 0 0
692 0
693 0
694 0
695 1
696 -1 -1 5743 8 0 5 0 0 0 0 31 0 0 1
697 -1 -1 5742 8 0 0 0 0 0 0 39 0 0 2871 2663 2624 -3348 -7202 95 1
698 -1 -1 2870 8 0 1 0 3 0 0 0 0 0 1435 -3130 7018 -4624 4050 4 1
699 -1 -1 1434 8 0 1 3 2 4 0 1 1 2 717 -4698 -3237 1835 -3361 400 1
700 -1 -1 716 8 0 5 0 13 1 0 2 18 2 358 3544 4828 2560 3703 4 179 -3752 4912 -3725 1129 276 0
701 0
702 0
703 0
704 1
705 -1 -1 2863 8 0 0 0 0 3 0 32 0 0 1
706 -1 -1 2862 8 0 9 1 1 17 3 16 0 0 1431 -1561 2500 3842 1146 17 0
707 1
708 -1 -1 2861 8 0 0 0 0 1 0 7 0 0 0
709 1
710 -1 -1 5721 8 0 9 0 3 13 0 0 0 0 1
711 -1 -1 5720 8 0 7 0 0 46 0 6 0 1 2860 3814 849 4171 7338 1 1430 -554 -7010 3775 -5760 293 715 -1880 6727 4922 -1777 51 1
712 -1 -1 714 8 0 16 6 0 3 0 19 0 5 357 -418 2005 3417 -6270 22 0
713 0
714 1
715 -1 -1 1427 8 0 4 12 10 4 0 26 0 0 0
716 1
717 -1 -1 2853 8 0 8 35 0 10 0 1 0 0 1
718 -1 -1 2852 8 0 9 1 6 18 0 1 0 0 1426 3776 5917 -2615 1633 5 713 -3721 -3376 2937 -2816 400 1
719 -1 -1 712 8 0 10 0 12 23 7 3 1 4 356 1549 3375 -4984 -7713 80 178 3964 -756 170 -3997 65 89 3529 5079 -2685 7791 18 0
720 0
721 1
722 -1 -1 355 8 0 1 0 20 8 0 0 0 24 0
723 1
724 -1 -1 709 8 0 1 0 3 1 0 0 39 3 1
725 -1 -1 708 8 0 1 16 6 8 0 4 3 1 354 -1634 6080 4473 2376 382 177 -4612 -1626 4050 -7235 225 0
726 1
727 -1 -1 353 8 0 3 0 1 39 4 2 5 1 0
728 1
729 -1 -1 705 8 0 1 18 0 4 0 0 4 3 1
730 -1 -1 704 8 0 6 0 0 2 22 9 2 2 352 2042 -1480 -848 -5408 158 176 1694 1041 -1840 -7873 340 88 -3145 4567 -4625 1082 57 44 -135 -725 799 -4779 395 22 83 7447 4682 7530 400 11 -1651 3433 -1995 7574 0 0
731 0
732 0
733 0
734 1
735 -1 -1 175 8 0 6 0 0 1 0 11 0 0 0
736 1
737 -1 -1 349 8 0 22 0 0 5 5 0 0 0 0
738 1
739 -1 -1 697 8 0 13 0 0 0 0 3 1 0 1
740 -1 -1 696 8 0 59 0 0 0 0 0 0 0 348 1240 -574 4730 2064 14 174 4099 6310 1318 3143 0 87 -3765 5031 4779 7253 28 0
741 1
742 -1 -1 173 8 0 1 15 0 4 3 11 29 0 0
743 1
744 -1 -1 345 8 0 19 0 8 9 3 28 1 0 0
745 0
746 1
747 -1 -1 1379 8 0 4 0 5 5 2 0 0 3 0
748 1
749 -1 -1 2757 8 0 22 0 0 18 1 0 2 4 1
750 -1 -1 2756 8 0 39 0 0 0 0 0 0 0 1378 2622 2359 2078 7917 26 689 4387 3140 4179 -255 11 1
751 -1 -1 688 8 0 4 5 14 8 8 0 8 0 344 946 1409 1745 5944 0 172 -3048 2981 -1159 -3280 28 86 475 3229 2697 -870 261 43 3920 -7274 482 2531 9 0
752 0
753 1
754 -1 -1 171 8 0 2 0 28 4 2 5 11 5 0
755 0
756 1
757 -1 -1 683 8 0 1 2 0 1 0 21 0 2 0
758 1
759 -1 -1 1365 8 0 6 9 0 0 0 11 0 4 1
760 -1 -1 1364 8 0 5 41 3 3 0 0 0 0 682 -1499 5489 -3273 278 47 341 -1206 1894 3468 3693 28 0
761 1
762 -1 -1 681 8 0 1 5 0 10 2 0 2 5 0
763 1
764 -1 -1 1361 8 0 2 0 0 0 0 3 6 0 1
765 -1 -1 1360 8 0 6 0 0 9 0 45 0 0 680 1243 -475 2876 -3581 163 340 437 6470 -2332 5164 11 170 3108 4737 3187 -3454 375 85 3645 -2941 3864 2176 159 0
766 0
767 0
768 1
769 -1 -1 679 8 0 16 1 0 6 0 11 0 29 1
770 -1 -1 678 8 0 10 1 11 18 0 0 0 0 339 1588 2002 -2078 7508 229 0
771 0
772 1
773 -1 -1 1355 8 0 0 60 0 2 0 0 0 3 1
774 -1 -1 1354 8 0 1 2 0 3 9 2 2 6 677 -46 -311 3122 -4666 374 1
775 -1 -1 676 8 0 0 4 0 2 7 0 0 37 338 4726 243 -2463 -1302 24 169 2485 -980 -1984 -1827 31 0
776 1
777 -1 -1 337 8 0 17 0 0 2 0 0 0 14 1
778 -1 -1 336 8 0 33 0 3 4 2 17 0 0 168 3492 814 -4632 2973 194 84 4732 5328 -2819 -1115 28 42 -927 6961 1806 1512 4 21 3830 2436 3309 5985 4 0
779 0
780 0
781 0
782 0
783 1
784 -1 -1 671 8 0 0 5 0 0 2 0 4 0 0
785 1
786 -1 -1 1341 8 0 0 0 0 1 0 0 0 0 0
787 1
788 -1 -1 2681 8 0 0 0 0 0 1 0 0 0 0
789 1
790 -1 -1 5361 8 0 0 0 0 0 6 0 0 0 1
791 -1 -1 5360 8 0 0 0 0 0 71 0 0 0 2680 -3743 3927 -1763 5505 235 1340 -393 3887 310 1395 55 670 1362 -995 -208 -6297 375 335 212 175 -3529 5844 0 1
792 -1 -1 334 8 0 1 0 0 2 0 8 12 0 167 -1204 1911 -4817 -7358 365 0
793 0
794 1
795 -1 -1 667 8 0 7 1 32 7 0 0 0 8 0
796 1
797 -1 -1 1333 8 0 1 0 0 0 0 1 2 57 1
798 -1 -1 1332 8 0 3 0 0 5 2 2 11 0 666 1711 5072 2339 1336 18 333 1344 2026 -2170 -5093 388 0
799 0
800 1
801 -1 -1 1331 8 0 0 0 44 1 0 0 0 0 1
802 -1 -1 1330 8 0 1 20 3 3 0 0 0 0 665 1150 2662 -4837 7263 18 0
803 0
804 0
805 1
806 -1 -1 5319 8 0 0 175 1 5 1 2 0 0 1
807 -1 -1 5318 8 0 3 6 0 11 2 4 0 0 2659 4915 6324 -3146 7610 0 0
808 1
809 -1 -1 5317 8 0 2 0 7 16 1 0 0 0 1
810 -1 -1 5316 8 0 0 41 0 30 0 1 1 0 2658 4070 3129 1958 6691 14 1329 -2553 7950 -3914 -2348 345 0
811 1
812 -1 -1 2657 8 0 0 0 1 2 0 17 0 9 1
813 -1 -1 2656 8 0 2 14 2 19 10 4 0 1 1328 -1017 1909 -1225 7735 18 664 -3994 6924 3673 -5909 345 332 -1182 2672 -2333 4873 398 166 -1668 5634 4917 2990 383 83 4609 3916 875 1814 32 0
814 0
815 1
816 -1 -1 331 8 0 9 0 0 2 0 1 23 7 0
817 1
818 -1 -1 661 8 0 2 0 1 2 11 0 0 0 1
819 -1 -1 660 8 0 35 1 2 9 0 11 4 0 330 -1347 -2317 2139 7897 334 165 4689 -7060 4310 7953 389 0
820 0
821 1
822 -1 -1 659 8 0 3 0 11 0 18 0 0 0 0
823 1
824 -1 -1 1317 8 0 0 0 21 2 0 0 0 4 1
825 -1 -1 1316 8 0 14 0 4 3 0 0 0 28 658 2364 2349 2358 267 8 329 2506 2510 2611 -2817 373 0
826 0
827 1
828 -1 -1 1315 8 0 1 0 18 10 4 0 1 18 1
829 -1 -1 1314 8 0 6 0 0 14 12 3 0 0 657 -412 6230 -4338 -3171 37 0
830 0
831 0
832 1
833 -1 -1 5255 8 0 7 7 0 0 0 0 0 0 1
834 -1 -1 5254 8 0 1 15 1 10 3 0 1 272 2627 -3429 -49 917 4174 292 0
835 1
836 -1 -1 5253 8 0 0 8 0 0 5 0 14 8 1
837 -1 -1 5252 8 0 5 0 1 14 0 0 5 53 2626 2909 4114 -2070 -138 396 1313 -978 -484 -2085 3290 364 0
838 0
839 1
840 -1 -1 5251 8 0 1 0 0 0 0 0 42 2 1
841 -1 -1 5250 8 0 2 34 0 2 1 2 3 27 2625 1065 4939 3247 3722 143 0
842 1
843 -1 -1 5249 8 0 4 3 1 15 6 2 2 2 1
844 -1 -1 5248 8 0 9 98 6 13 0 1 4 148 2624 -1477 -5105 1749 -3519 2 1312 284 3125 -1930 1777 13 656 1964 -656 -3480 6548 50 328 -2696 6115 -4355 3374 2 164 4179 -3126 -188 -5840 382 82 2712 -7916 -2919 1728 9 41 -3133 6957 -2124 -7419 82 0
845 0
846 0
847 0
848 1
849 -1 -1 655 8 0 4 0 11 7 0 17 0 5 0
850 1
851 -1 -1 1309 8 0 0 0 0 1 2 0 59 0 0
852 1
853 -1 -1 2617 8 0 0 1 0 1 0 1 5 35 1
854 -1 -1 2616 8 0 1 8 0 13 0 2 19 2 1308 4905 -6839 -2562 3163 310 654 4533 3486 4158 514 12 327 3455 -6228 -789 -4589 350 0
855 0
856 0
857 1
858 -1 -1 2615 8 0 0 0 2 4 10 8 11 0 0
859 1
860 -1 -1 5229 8 0 0 0 0 10 89 0 0 0 1
861 -1 -1 5228 8 0 0 1 0 10 4 1 1 0 2614 4119 -4367 -4808 7382 220 1307 2662 -3021 -3490 3401 294 0
862 1
863 -1 -1 2613 8 0 1 7 14 2 12 5 1 1 1
864 -1 -1 2612 8 0 0 0 3 3 3 0 8 25 1306 3088 7731 -3966 5414 7 653 4874 1576 4927 -5118 2 0
865 0
866 1
867 -1 -1 2611 8 0 3 1 2 1 1 3 23 2 1
868 -1 -1 2610 8 0 2 0 2 0 0 0 3 36 1305 3914 3011 -1715 -7406 172 0
869 0
870 1
871 -1 -1 5219 8 0 0 0 82 2 0 0 1 35 1
872 -1 -1 5218 8 0 4 26 22 13 7 4 14 50 2609 4726 5762 -2328 -3470 315 0
873 1
874 -1 -1 5217 8 0 0 4 16 5 41 0 0 1 1
875 -1 -1 5216 8 0 1 4 76 6 2 0 0 0 2608 929 76 -2780 6375 224 1304 4620 -6361 2665 -887 8 652 4322 4240 -3665 -2404 379 326 4334 -1841 3600 -3929 4 163 921 924 945 -6743 312 0
876 0
877 1
878 -1 -1 651 8 0 0 6 21 0 0 0 4 0 0
879 0
880 1
881 -1 -1 2603 8 0 0 1 5 2 0 5 0 0 0
882 1
883 -1 -1 5205 8 0 0 0 2 5 1 0 0 1 1
884 -1 -1 5204 8 0 0 0 0 6 5 0 0 131 2602 -4118 7389 -1978 -6325 364 1301 2102 641 -219 -5936 328 0
885 1
886 -1 -1 2601 8 0 1 4 13 0 5 1 0 0 0
887 1
888 -1 -1 5201 8 0 0 0 4 23 1 0 0 7 1
889 -1 -1 5200 8 0 0 14 4 13 0 4 0 45 2600 -1459 -5221 3353 5019 114 1300 -2561 3315 3138 -1347 307 650 -4081 5660 1006 -7830 215 325 -4554 -3179 601 1984 285 0
890 0
891 0
892 1
893 -1 -1 2599 8 0 2 0 0 26 0 2 0 0 1
894 -1 -1 2598 8 0 2 1 3 11 0 0 0 33 1299 178 2199 2 7784 1 0
895 1
896 -1 -1 2597 8 0 1 1 0 9 0 3 0 19 0
897 1
898 -1 -1 5193 8 0 0 10 0 1 0 0 0 0 1
899 -1 -1 5192 8 0 5 0 1 18 0 67 0 1 2596 37 -1753 -762 3349 89 1298 -132 6322 -3715 4569 35 649 2174 -5958 0 5928 247 0
900 0
901 0
902 1
903 -1 -1 5191 8 0 0 0 0 2 21 0 0 0 1
904 -1 -1 5190 8 0 0 0 39 1 9 1 2 0 2595 -2811 -6875 2351 6609 315 0
905 1
906 -1 -1 5189 8 0 0 0 27 2 7 0 0 1 1
907 -1 -1 5188 8 0 0 61 10 12 1 1 0 2 2594 3518 4277 -4665 -5312 316 1297 -2643 -4486 -3065 -480 69 0
908 0
909 1
910 -1 -1 5187 8 0 0 0 0 2 0 0 0 9 1
911 -1 -1 5186 8 0 0 63 7 10 3 7 0 0 2593 -102 -3425 1381 -279 216 0
912 1
913 -1 -1 5185 8 0 0 2 0 2 0 25 0 1 1
914 -1 -1 5184 8 0 2 8 16 79 9 6 7 29 2592 -4546 -3250 2683 759 331 1296 3827 6013 682 514 24 648 296 5476 -271 2141 9 324 1224 264 696 -4128 307 162 -4945 6810 -515 -441 30 81 662 2053 -3753 159 211 0
915 0
916 0
917 0
918 0
919 1
920 -1 -1 2591 8 0 1 36 4 0 0 0 1 0 0
921 1
922 -1 -1 5181 8 0 3 1 18 1 2 0 0 29 1
923 -1 -1 5180 8 0 3 0 1 2 29 0 1 0 2590 431 2913 -4323 7687 16 1295 1077 -258 -1895 2999 13 0
924 0
925 1
926 -1 -1 5179 8 0 0 1 42 5 1 0 3 0 1
927 -1 -1 5178 8 0 0 28 4 40 25 2 0 12 2589 4264 6999 -732 3306 27 0
928 1
929 -1 -1 5177 8 0 0 12 283 7 0 0 0 1 1
930 -1 -1 5176 8 0 3 1 110 33 7 4 1 1 2588 1034 -104 3686 -3156 249 1294 -4855 7016 1808 -4996 317 647 3883 4747 4943 -715 377 0
931 0
932 1
933 -1 -1 2587 8 0 0 0 0 10 0 3 21 3 1
934 -1 -1 2586 8 0 4 22 5 24 7 1 4 2 1293 -705 2058 -221 -401 68 0
935 0
936 1
937 -1 -1 5171 8 0 3 0 24 5 9 1 0 0 1
938 -1 -1 5170 8 0 1 1 0 11 8 1 0 31 2585 3139 6786 -2528 6923 0 0
939 1
940 -1 -1 5169 8 0 1 14 10 1 2 1 0 2 1
941 -1 -1 5168 8 0 1 2 20 79 8 27 0 2 2584 2754 5612 -1416 912 201 1292 -1864 -3698 -1685 -6847 159 646 -3063 760 -2546 -2872 63 323 1326 5840 -1390 -4743 253 0
942 0
943 0
944 0
945 1
946 -1 -1 5167 8 0 0 0 0 4 71 0 0 0 1
947 -1 -1 5166 8 0 0 3 0 0 0 0 0 1 2583 -3245 7568 3881 6899 1 1
948 -1 -1 2582 8 0 0 0 5 5 0 0 3 7 1291 1049 4307 -1412 -6013 277 0
949 0
950 1
951 -1 -1 5163 8 0 0 0 0 2 4 0 0 0 1
952 -1 -1 5162 8 0 0 2 92 2 2 0 0 0 2581 2403 3424 4164 -843 339 0
953 1
954 -1 -1 5161 8 0 2 22 50 26 2 0 1 2 1
955 -1 -1 5160 8 0 1 14 0 3 8 1 0 2 2580 -416 7253 -887 -3956 7 1290 -4581 3188 -4222 -2418 296 645 -4659 7985 -1378 1618 59 0
956 0
957 0
958 1
959 -1 -1 5159 8 0 0 0 0 31 0 2 1 10 1
960 -1 -1 5158 8 0 2 1 15 28 25 0 0 0 2579 -3360 5350 792 -5818 255 0
961 1
962 -1 -1 5157 8 0 1 4 5 23 10 6 1 3 1
963 -1 -1 5156 8 0 0 94 102 38 9 0 3 0 2578 4192 296 1885 6037 4 1289 3276 1739 -1655 7167 12 0
964 0
965 1
966 -1 -1 5155 8 0 3 317 8 22 0 0 2 15 1
967 -1 -1 5154 8 0 6 32 12 25 5 1 8 3 2577 2343 6007 -4100 -1310 3 0
968 1
969 -1 -1 5153 8 0 1 15 71 16 0 0 1 1 1
970 -1 -1 5152 8 0 6 53 6 11 10 1 6 1 2576 -3250 5665 -3218 -7409 237 1288 -4497 2123 3063 -3598 42 644 3990 1627 3193 -7203 237 322 -1964 6828 3425 -1547 313 161 4925 2869 4439 857 1 0
971 0
972 0
973 0
974 1
975 -1 -1 2575 8 0 0 7 29 0 0 0 4 0 0
976 1
977 -1 -1 5149 8 0 0 0 0 1 3 0 59 9 1
978 -1 -1 5148 8 0 0 4 8 0 7 4 3 1 2574 4948 4551 -1007 3968 31 1287 4792 7020 406 811 296 0
979 1
980 -1 -1 2573 8 0 3 0 0 0 0 0 0 16 0
981 1
982 -1 -1 5145 8 0 1 120 4 6 3 0 0 4 1
983 -1 -1 5144 8 0 0 236 166 33 63 1 10 0 2572 1874 1045 -2403 3777 307 1286 -2048 7126 2852 2001 398 643 382 6970 -529 620 257 0
984 0
985 0
986 1
987 -1 -1 5143 8 0 0 3 34 0 1 0 0 0 1
988 -1 -1 5142 8 0 1 101 5 0 3 3 7 6 2571 -2473 4246 1173 3366 7 0
989 1
990 -1 -1 5141 8 0 1 12 1 4 50 3 46 26 1
991 -1 -1 5140 8 0 3 51 273 22 79 3 24 29 2570 1611 5638 -1729 5036 293 1285 3647 4135 -1790 -5537 360 0
992 0
993 1
994 -1 -1 5139 8 0 3 0 7 0 0 3 44 1 1
995 -1 -1 5138 8 0 0 0 31 10 0 0 7 0 2569 1862 5544 -4458 -1594 372 0
996 1
997 -1 -1 5137 8 0 0 6 0 4 1 0 35 1 1
998 -1 -1 5136 8 0 1 21 95 69 235 1 22 6 2568 1508 -1481 4058 7799 247 1284 1336 7392 -3354 -2653 347 642 -4757 -2342 3568 -1351 0 321 -3826 7187 3574 -1277 243 0
999 0
1000 1
1001 -1 -1 1283 8 0 6 0 7 1 8 0 16 0 0
1002 1
1003 -1 -1 2565 8 0 8 14 0 32 0 5 0 2 0
1004 1
1005 -1 -1 5129 8 0 6 35 0 1 0 0 2 2 1
1006 -1 -1 5128 8 0 6 48 69 33 9 3 6 4 2564 3389 1703 -3455 6294 323 1282 -4358 -2269 -2928 -572 3 641 -3035 2149 3911 7807 325 0
1007 0
1008 0
1009 1
1010 -1 -1 5127 8 0 1 32 0 0 7 0 0 0 1
1011 -1 -1 5126 8 0 5 0 2 1 0 0 60 0 2563 4522 4213 -4164 -883 367 0
1012 1
1013 -1 -1 5125 8 0 0 0 3 0 19 5 0 1 1
1014 -1 -1 5124 8 0 2 67 1 1 0 1 1 0 2562 3485 -2072 -215 6570 307 1281 -991 555 -3648 -5275 339 0
1015 0
1016 1
1017 -1 -1 5123 8 0 0 8 6 5 3 0 199 83 1
1018 -1 -1 5122 8 0 1 8 15 6 2 0 0 31 2561 2327 3532 -2601 1355 13 0
1019 1
1020 -1 -1 5121 8 0 1 5 55 4 71 0 7 0 1
1021 -1 -1 5120 8 0 7 71 35 27 16 1 126 51 2560 -18 -460 -2765 3793 248 1280 2169 2698 -1024 7597 271 640 2574 3596 -3236 5507 347 320 47 -1977 3493 3471 4 160 2343 7154 -1731 -853 2 80 -3540 2729 -3819 -4893 11 40 4986 -5307 -2272 877 73 20 -40 858 1761 -5605 362 10 3582 -128 1186 -3810 399 5 -3388 4125 809 -5947 392 0
1022 0
1023 0
1024 0
1025 0
1026 1
1027 -1 -1 159 8 0 6 24 0 0 0 4 3 18 0
1028 1
1029 -1 -1 317 8 0 0 0 0 1 0 0 8 0 0
1030 1
1031 -1 -1 633 8 0 2 0 0 7 1 1 0 1 0
1032 1
1033 -1 -1 1265 8 0 3 0 0 7 0 50 0 0 1
1034 -1 -1 1264 8 0 1 0 0 18 0 11 0 0 632 -467 2512 3900 -5029 60 316 -1881 -4938 947 -7308 34 158 -3566 5897 -2729 -5079 262 79 4509 -7846 -2249 1446 3 0
1035 0
1036 0
1037 1
1038 -1 -1 631 8 0 33 0 2 0 0 0 0 0 1
1039 -1 -1 630 8 0 11 7 0 0 8 5 0 6 315 -2119 4829 -4372 7479 1 0
1040 1
1041 -1 -1 629 8 0 3 0 1 8 46 0 6 0 1
1042 -1 -1 628 8 0 7 10 5 0 0 0 0 4 314 -4971 5965 2544 -3396 43 157 -3451 -3502 -4513 5467 6 0
1043 0
1044 0
1045 1
1046 -1 -1 1255 8 0 1 0 0 9 0 10 14 0 1
1047 -1 -1 1254 8 0 3 0 1 5 27 0 20 0 627 -1751 366 -3336 -6487 25 0
1048 1
1049 -1 -1 1253 8 0 2 0 0 11 0 37 0 0 0
1050 1
1051 -1 -1 2505 8 0 1 0 0 1 9 7 0 0 1
1052 -1 -1 2504 8 0 15 2 22 11 0 6 0 0 1252 2089 2470 1648 -5612 25 626 -1455 171 -2445 -3630 16 313 1762 -3335 -3141 3571 390 0
1053 0
1054 1
1055 -1 -1 1251 8 0 2 4 0 2 0 0 14 0 0
1056 0
1057 1
1058 -1 -1 5003 8 0 17 0 0 2 0 2 0 0 1
1059 -1 -1 5002 8 0 10 1 0 21 0 51 1 0 2501 -4296 -3124 -1397 2566 397 1
1060 -1 -1 2500 8 0 4 0 0 0 0 2 6 2 1250 -3743 -1953 -2129 6743 11 625 555 7774 -1609 6093 9 0
1061 1
1062 -1 -1 1249 8 0 8 0 0 7 0 0 7 0 0
1063 1
1064 -1 -1 2497 8 0 3 0 0 3 0 2 0 0 0
1065 1
1066 -1 -1 4993 8 0 78 0 0 0 0 0 0 0 1
1067 -1 -1 4992 8 0 8 0 0 1 0 1 0 0 2496 -1508 1061 -2189 4769 2 1248 2465 -2744 -1962 6559 85 624 -1838 7409 -4562 3862 16 312 -1593 -2566 -1713 7581 30 156 -3721 -2917 -2592 -7918 5 78 -4764 -4126 424 -7984 393 39 2378 6662 -2771 -1497 24 0
1068 0
1069 0
1070 1
1071 -1 -1 311 8 0 20 8 0 3 3 0 0 32 1
1072 -1 -1 310 8 0 9 44 1 1 0 1 3 8 155 173 -1184 -4735 -354 4 0
1073 1
1074 -1 -1 309 8 0 1 20 0 0 0 0 0 0 0
1075 1
1076 -1 -1 617 8 0 2 2 0 2 1 0 53 0 1
1077 -1 -1 616 8 0 4 9 4 2 4 0 7 7 308 -1886 700 4486 -1744 322 154 -4991 5493 2820 3822 399 77 -2241 -130 4357 -3963 392 0
1078 0
1079 1
1080 -1 -1 307 8 0 8 0 19 7 7 2 2 2 1
1081 -1 -1 306 8 0 4 0 0 7 0 1 1 26 153 -1417 6658 2569 -77 29 0
1082 1
1083 -1 -1 305 8 0 6 3 0 1 8 0 6 11 0
1084 1
1085 -1 -1 609 8 0 5 7 0 0 0 8 0 1 0
1086 1
1087 -1 -1 1217 8 0 5 0 0 0 0 2 1 8 0
1088 1
1089 -1 -1 2433 8 0 67 0 0 0 0 1 0 0 1
1090 -1 -1 2432 8 0 3 0 1 0 0 3 0 0 1216 -2508 3344 -3715 7281 0 608 -4448 615 1561 3224 19 304 -1511 -4440 1885 3513 119 152 3222 -7399 -996 7878 284 76 -397 4225 867 101 2 38 -2569 -1240 1726 7901 307 19 -4388 -4418 4505 6933 27 0
1091 0
1092 0
1093 0
1094 0
1095 0
1096 1
1097 -1 -1 1215 8 0 0 0 0 0 0 0 2 2 0
1098 1
1099 -1 -1 2429 8 0 0 0 0 1 0 0 0 0 0
1100 1
1101 -1 -1 4857 8 0 0 21 0 0 0 0 0 0 1
1102 -1 -1 4856 8 0 0 66 0 0 0 0 0 0 2428 2677 -6817 3593 -6122 24 1214 3845 -1168 -2888 -7552 109 607 -758 5362 -1649 4066 272 0
1103 1
1104 -1 -1 1213 8 0 0 34 0 1 0 4 0 7 1
1105 -1 -1 1212 8 0 0 1 3 0 0 0 0 61 606 -2155 -7960 -4363 4713 111 303 -3045 -2767 -2760 5815 43 0
1106 1
1107 -1 -1 605 8 0 0 0 6 2 0 0 0 2 0
1108 1
1109 -1 -1 1209 8 0 1 4 0 0 0 4 0 0 0
1110 0
1111 1
1112 -1 -1 4835 8 0 0 0 0 0 0 7 0 27 1
1113 -1 -1 4834 8 0 1 0 0 1 0 0 0 182 2417 951 7271 922 5111 10 1
1114 -1 -1 2416 8 0 0 4 0 1 0 0 0 0 1208 4692 -7136 3856 859 395 604 4565 141 -4852 5108 15 302 4490 -6210 1498 -4248 15 151 1009 -7438 -1574 -3234 26 0
1115 0
1116 0
1117 1
1118 -1 -1 1207 8 0 1 1 0 2 31 4 0 0 1
1119 -1 -1 1206 8 0 8 0 0 5 0 19 0 0 603 186 365 -4121 4549 192 0
1120 1
1121 -1 -1 1205 8 0 1 21 0 2 0 7 0 5 0
1122 1
1123 -1 -1 2409 8 0 1 0 0 0 0 0 0 6 0
1124 1
1125 -1 -1 4817 8 0 1 0 0 0 0 0 0 0 1
1126 -1 -1 4816 8 0 0 0 0 0 1 75 0 0 2408 -604 7996 3684 1012 313 1204 -4552 4712 2279 5946 220 602 -4164 3630 -3194 1869 2 301 2014 3790 -2490 4530 0 0
1127 0
1128 1
1129 -1 -1 1203 8 0 0 32 17 4 0 0 0 11 0
1130 1
1131 -1 -1 2405 8 0 1 4 0 34 0 2 2 5 1
1132 -1 -1 2404 8 0 5 0 0 10 0 34 0 0 1202 3250 -7802 -3397 4439 247 601 -1152 -6810 3636 5850 395 0
1133 0
1134 1
1135 -1 -1 2403 8 0 0 0 0 1 0 1 2 0 1
1136 -1 -1 2402 8 0 0 0 0 1 1 0 0 67 1201 4562 6866 -647 -7041 378 0
1137 1
1138 -1 -1 2401 8 0 0 32 0 0 0 0 0 1 1
1139 -1 -1 2400 8 0 1 3 5 1 0 1 0 33 1200 -3438 -6599 -2753 6106 346 600 -3545 1198 3104 1887 291 300 4200 -4107 4730 4991 66 150 2528 -4991 -1406 216 397 75 -1696 4981 -1870 1425 16 0
1140 0
1141 0
1142 1
1143 -1 -1 599 8 0 1 4 19 1 1 0 8 24 0
1144 1
1145 -1 -1 1197 8 0 14 1 3 0 0 1 0 1 1
1146 -1 -1 1196 8 0 5 1 6 3 0 0 51 3 598 -605 3710 613 -6519 379 299 -3757 2293 172 3931 352 0
1147 1
1148 -1 -1 597 8 0 6 17 0 6 1 0 0 34 1
1149 -1 -1 596 8 0 7 0 6 10 15 4 1 8 298 392 -6986 -210 -2559 7 149 3523 6980 -60 -6825 294 0
1150 0
1151 0
1152 1
1153 -1 -1 1191 8 0 1 1 1 3 0 4 0 3 0
1154 1
1155 -1 -1 2381 8 0 3 0 0 1 2 4 0 0 0
1156 1
1157 -1 -1 4761 8 0 8 0 0 6 0 0 0 0 1
1158 -1 -1 4760 8 0 82 0 0 1 1 0 0 0 2380 2626 6616 4433 -4640 19 1190 4179 -6160 -3418 1536 161 595 -2316 -3066 2008 5400 346 0
1159 1
1160 -1 -1 1189 8 0 4 2 2 9 0 34 5 0 1
1161 -1 -1 1188 8 0 10 0 0 3 0 0 3 8 594 2221 3513 -4202 -4613 21 297 -1923 1532 -55 5299 0 0
1162 0
1163 1
1164 -1 -1 1187 8 0 0 0 38 0 0 0 0 2 1
1165 -1 -1 1186 8 0 4 3 10 28 2 9 0 11 593 -3606 5352 -1677 1270 146 0
1166 1
1167 -1 -1 1185 8 0 3 0 5 6 0 0 3 16 0
1168 1
1169 -1 -1 2369 8 0 1 0 0 2 32 2 0 0 1
1170 -1 -1 2368 8 0 8 6 1 9 8 16 6 0 1184 3103 -5870 969 7096 397 592 604 -2962 -4051 -5808 382 296 -4315 -1928 4866 3099 241 148 -3049 -157 4001 1389 397 74 3347 4345 -3146 -456 169 37 -1322 -5048 -1213 328 29 0
1171 0
1172 0
1173 1
1174 -1 -1 295 8 0 3 32 0 2 0 2 0 0 0
1175 1
1176 -1 -1 589 8 0 2 1 15 3 0 1 0 0 0
1177 1
1178 -1 -1 1177 8 0 7 0 1 1 5 8 0 1 1
1179 -1 -1 1176 8 0 3 0 0 7 6 0 0 43 588 -1480 -4826 -1185 -6325 3 294 4970 -4780 4279 4216 36 147 -4187 -2988 374 -978 341 0
1180 0
1181 1
1182 -1 -1 587 8 0 2 0 3 14 3 1 31 7 1
1183 -1 -1 586 8 0 2 0 9 16 2 13 0 19 293 -2074 -1719 1866 4724 396 0
1184 0
1185 1
1186 -1 -1 1171 8 0 27 0 0 4 1 6 1 0 1
1187 -1 -1 1170 8 0 1 0 6 6 0 2 19 10 585 -2406 6282 3964 -5316 374 0
1188 0
1189 1
1190 -1 -1 2339 8 0 0 0 0 16 1 1 0 0 0
1191 1
1192 -1 -1 4677 8 0 0 0 0 1 0 51 0 0 1
1193 -1 -1 4676 8 0 4 0 0 6 1 16 0 0 2338 -1734 7884 -3277 -6375 59 1169 4283 5720 -1847 -4255 268 0
1194 1
1195 -1 -1 2337 8 0 4 0 0 2 2 18 0 1 0
1196 1
1197 -1 -1 4673 8 0 1 2 0 4 1 4 0 0 1
1198 -1 -1 4672 8 0 44 0 0 10 0 7 0 0 2336 -2873 4911 -350 -1967 14 1168 -586 -7095 -1384 5010 76 584 -2541 4138 -3803 -900 11 292 -395 5317 -3181 -7843 301 146 -2458 1142 -1115 5358 302 73 -1574 -5529 -3967 -116 200 0
1199 0
1200 0
1201 0
1202 1
1203 -1 -1 1167 8 0 0 0 0 8 2 0 2 0 0
1204 1
1205 -1 -1 2333 8 0 0 4 9 0 4 0 0 0 0
1206 1
1207 -1 -1 4665 8 0 2 0 0 1 0 0 0 0 1
1208 -1 -1 4664 8 0 0 0 109 1 0 0 1 0 2332 -363 5111 -2205 5595 373 1166 3792 -970 1906 -1575 1 583 -3572 -5641 -610 -7172 3 0
1209 1
1210 -1 -1 1165 8 0 1 2 0 3 1 1 0 28 0
1211 1
1212 -1 -1 2329 8 0 0 15 0 2 1 0 0 0 1
1213 -1 -1 2328 8 0 0 0 26 13 12 7 0 0 1164 -1885 -6646 -525 6165 300 582 -3326 -254 -3279 7113 10 291 784 7138 -1351 -6393 180 0
1214 0
1215 0
1216 1
1217 -1 -1 2327 8 0 0 0 1 20 20 2 0 7 1
1218 -1 -1 2326 8 0 0 0 0 5 0 0 0 29 1163 -124 -1142 2338 6029 279 0
1219 0
1220 1
1221 -1 -1 4651 8 0 0 1 0 7 104 1 15 10 1
1222 -1 -1 4650 8 0 0 25 0 4 25 1 4 0 2325 3043 -7909 195 -1025 9 0
1223 1
1224 -1 -1 4649 8 0 0 0 0 1 4 0 36 0 1
1225 -1 -1 4648 8 0 0 6 7 4 3 0 6 14 2324 4708 -4373 172 -1939 11 1162 2460 -7004 3046 3529 61 581 -4573 -7010 4692 6823 309 0
1226 0
1227 1
1228 -1 -1 2323 8 0 0 0 0 0 34 0 0 0 0
1229 1
1230 -1 -1 4645 8 0 0 0 0 1 0 6 0 11 1
1231 -1 -1 4644 8 0 4 1 1 42 15 9 0 2 2322 -686 4261 66 -1112 23 1161 -4865 7264 4312 7515 386 0
1232 1
1233 -1 -1 2321 8 0 0 5 6 5 8 5 0 27 0
1234 1
1235 -1 -1 4641 8 0 1 9 0 1 0 0 7 2 1
1236 -1 -1 4640 8 0 5 10 85 8 40 0 6 1 2320 -3010 -802 4808 -937 270 1160 -3356 -123 4300 -4658 14 580 -3700 2239 3762 6278 119 290 1356 -4132 236 1050 206 145 323 7688 -1166 1430 16 0
1237 0
1238 0
1239 0
1240 1
1241 -1 -1 2319 8 0 0 40 0 8 0 0 6 3 0
1242 1
1243 -1 -1 4637 8 0 0 0 0 11 0 0 1 6 1
1244 -1 -1 4636 8 0 0 4 0 18 0 43 5 0 2318 4805 -410 -3565 2686 43 1159 812 -3781 3892 -6560 226 0
1245 1
1246 -1 -1 2317 8 0 0 0 28 3 0 0 0 0 0
1247 1
1248 -1 -1 4633 8 0 1 48 0 1 5 0 4 3 1
1249 -1 -1 4632 8 0 0 8 16 8 1 1 10 0 2316 -425 -6083 3068 -331 263 1158 1007 2510 2699 -3211 33 579 4229 6919 -1043 1307 5 0
1250 0
1251 0
1252 1
1253 -1 -1 4631 8 0 0 0 1 12 0 9 5 0 1
1254 -1 -1 4630 8 0 0 0 1 5 0 0 2 42 2315 4622 4627 2588 -3521 309 0
1255 1
1256 -1 -1 4629 8 0 1 0 0 0 0 11 0 1 1
1257 -1 -1 4628 8 0 0 54 1 26 7 6 15 14 2314 4697 5232 -4166 198 323 1157 -4568 4629 -219 7059 359 0
1258 0
1259 1
1260 -1 -1 4627 8 0 0 11 5 3 8 0 33 7 1
1261 -1 -1 4626 8 0 3 9 14 23 10 1 10 105 2313 1892 -763 3503 4635 259 0
1262 1
1263 -1 -1 4625 8 0 0 0 6 9 6 0 39 3 1
1264 -1 -1 4624 8 0 5 26 28 73 106 11 29 44 2312 -1433 6314 -3923 -2147 295 1156 213 -1447 -1795 -5126 34 578 -4443 2168 476 5846 26 289 -3354 -6867 -4515 4884 235 0
1265 0
1266 1
1267 -1 -1 1155 8 0 12 0 12 5 25 0 0 1 1
1268 -1 -1 1154 8 0 27 2 2 0 1 9 0 6 577 -309 769 4418 -7927 329 0
1269 0
1270 0
1271 1
1272 -1 -1 4615 8 0 0 35 14 3 0 1 6 1 1
1273 -1 -1 4614 8 0 6 4 63 31 38 21 25 3 2307 3177 -7820 48 4313 277 0
1274 1
1275 -1 -1 4613 8 0 1 6 78 5 0 0 4 1 1
1276 -1 -1 4612 8 0 1 4 76 12 22 2 140 10 2306 -2279 -5981 4121 -187 239 1153 -3394 -5193 -3108 1406 1 0
1277 0
1278 1
1279 -1 -1 4611 8 0 10 69 140 18 26 2 35 87 1
1280 -1 -1 4610 8 0 5 63 35 43 47 9 8 26 2305 -387 6121 -1528 -6876 157 0
1281 1
1282 -1 -1 4609 8 0 1 35 45 13 8 4 137 29 1
1283 -1 -1 4608 8 0 17 455 128 103 110 11 181 30 2304 773 -5963 -4189 3379 256 1152 -1948 7119 -1023 880 14 576 3753 -6109 4261 3727 75 288 -188 353 -3074 -3402 395 144 -3647 -2271 -4992 -5086 8 72 1837 -5670 3551 5380 266 36 -442 -3879 3649 1406 396 18 4297 -5158 4273 1619 379 9 -700 -130 4697 7210 383 0
1284 0
1285 0
1286 0
1287 0
1288 1
1289 -1 -1 287 8 0 10 0 20 0 0 0 0 0 0
1290 0
1291 1
1292 -1 -1 1147 8 0 1 14 0 2 0 12 0 1 1
1293 -1 -1 1146 8 0 18 10 0 1 0 0 7 4 573 2778 -2828 1876 -7288 9 1
1294 -1 -1 572 8 0 2 0 4 5 3 0 0 13 286 1945 7143 -4807 -6043 133 143 -3817 3661 3582 2575 398 0
1295 0
1296 1
1297 -1 -1 571 8 0 10 0 0 3 0 6 2 13 0
1298 1
1299 -1 -1 1141 8 0 17 0 0 1 0 1 7 1 0
1300 0
1301 1
1302 -1 -1 4563 8 0 4 0 0 0 0 2 0 0 1
1303 -1 -1 4562 8 0 353 0 0 0 0 0 0 0 2281 1289 -3122 4578 4230 42 1
1304 -1 -1 2280 8 0 7 0 0 2 0 6 0 0 1140 4415 -5333 4409 -2228 0 570 -4126 -3440 -1411 2118 233 285 1413 6470 4738 6307 3 0
1305 1
1306 -1 -1 569 8 0 44 1 0 2 0 3 0 0 0
1307 1
1308 -1 -1 1137 8 0 26 0 0 0 0 2 0 0 0
1309 0
1310 1
1311 -1 -1 4547 8 0 4 0 0 0 0 64 0 0 1
1312 -1 -1 4546 8 0 4 0 0 0 0 1 0 0 2273 -4425 1027 -1739 1419 5 1
1313 -1 -1 2272 8 0 15 0 0 0 0 18 0 0 1136 2537 -7943 -828 -129 4 568 -3239 -3502 1473 -2112 13 284 -424 1435 -4864 1704 0 142 3543 -6283 1 -3399 4 71 3472 1666 3811 -3879 18 0
1314 1
1315 -1 -1 141 8 0 9 0 0 8 1 7 8 34 0
1316 1
1317 -1 -1 281 8 0 1 1 21 1 11 1 0 0 0
1318 0
1319 1
1320 -1 -1 1123 8 0 0 44 1 0 0 6 0 2 0
1321 1
1322 -1 -1 2245 8 0 1 4 4 2 14 1 0 1 0
1323 1
1324 -1 -1 4489 8 0 0 2 1 0 1 0 27 3 1
1325 -1 -1 4488 8 0 1 25 2 0 2 0 3 3 2244 -1557 -2487 -2222 915 7 1122 -1371 7629 -4882 4999 23 561 -2259 -623 -3895 4763 256 1
1326 -1 -1 560 8 0 3 1 1 14 3 13 14 1 280 4823 7347 3860 -3153 110 140 -2748 1365 2227 7259 336 70 3109 -4684 -3347 -7092 393 35 4015 7461 -878 725 377 0
1327 0
1328 0
1329 0
1330 0
1331 1
1332 -1 -1 1119 8 0 0 3 0 6 0 0 0 0 0
1333 1
1334 -1 -1 2237 8 0 3 0 0 1 0 55 0 0 1
1335 -1 -1 2236 8 0 0 0 0 8 0 13 0 0 1118 4028 5819 3718 149 43 559 -4000 7530 4717 -933 0 0
1336 0
1337 0
1338 1
1339 -1 -1 4471 8 0 1 0 0 0 0 0 2 0 1
1340 -1 -1 4470 8 0 0 0 0 64 7 1 0 0 2235 -4714 -649 2259 -6545 394 0
1341 1
1342 -1 -1 4469 8 0 0 1 2 1 0 0 6 1 1
1343 -1 -1 4468 8 0 1 1 1 36 3 51 1 0 2234 -4579 819 -164 -6300 227 1117 1082 7829 -2545 -7733 233 0
1344 1
1345 -1 -1 2233 8 0 0 8 27 7 6 0 1 2 0
1346 1
1347 -1 -1 4465 8 0 0 1 0 24 4 2 35 2 1
1348 -1 -1 4464 8 0 0 0 5 29 55 9 2 8 2232 2898 7086 -3507 -6401 326 1116 2484 -6153 4032 348 147 558 -2358 751 4879 -7333 20 279 2192 -1846 -4079 6274 398 0
1349 0
1350 1
1351 -1 -1 1115 8 0 0 2 1 8 22 3 22 1 0
1352 1
1353 -1 -1 2229 8 0 4 0 1 5 0 24 0 0 1
1354 -1 -1 2228 8 0 0 0 10 10 4 2 5 6 1114 2307 5255 -1647 -6673 48 557 -3343 -6972 3528 -5545 120 0
1355 0
1356 0
1357 1
1358 -1 -1 4455 8 0 4 1 1 13 0 252 0 0 1
1359 -1 -1 4454 8 0 2 0 2 16 1 21 2 0 2227 3206 1176 4243 -6959 41 0
1360 1
1361 -1 -1 4453 8 0 2 0 0 21 6 58 40 0 1
1362 -1 -1 4452 8 0 5 1 0 109 1 87 2 0 2226 -4586 7590 -1582 4333 20 1113 1257 4269 -4247 -6734 108 0
1363 0
1364 1
1365 -1 -1 4451 8 0 4 0 0 7 0 26 0 0 1
1366 -1 -1 4450 8 0 0 1 5 91 4 18 21 0 2225 1650 -7119 -3975 3148 388 0
1367 1
1368 -1 -1 4449 8 0 83 0 1 115 2 168 0 0 1
1369 -1 -1 4448 8 0 63 2 5 442 11 295 4 0 2224 -1317 807 -1314 525 2 1112 4027 6323 -4642 -5995 195 556 1585 4316 1471 -4119 63 278 -1649 -6531 582 -918 0 139 3746 4652 -2739 -6511 164 0
1370 0
1371 0
1372 1
1373 -1 -1 1111 8 0 0 5 0 1 0 3 4 0 0
1374 1
1375 -1 -1 2221 8 0 2 1 3 3 4 0 0 5 0
1376 1
1377 -1 -1 4441 8 0 0 1 0 2 13 1 4 0 1
1378 -1 -1 4440 8 0 0 0 0 0 77 0 0 0 2220 3166 2641 -2757 -4556 19 1110 -4981 3467 -3003 -7654 15 555 974 645 -2435 3417 262 0
1379 0
1380 1
1381 -1 -1 2219 8 0 0 13 0 1 9 0 0 0 0
1382 1
1383 -1 -1 4437 8 0 0 0 5 2 5 1 6 32 1
1384 -1 -1 4436 8 0 2 1 46 4 5 0 0 1 2218 -4882 3256 -4509 -5442 8 1109 -4993 -4447 1372 -4693 2 0
1385 1
1386 -1 -1 2217 8 0 1 0 0 1 1 0 38 4 0
1387 1
1388 -1 -1 4433 8 0 1 3 1 1 0 0 0 29 1
1389 -1 -1 4432 8 0 4 2 1 6 27 12 9 4 2216 -4891 2532 -831 2537 35 1108 4583 6895 -4756 -3755 259 554 923 -591 4958 -6662 17 277 -2796 -4093 -4237 735 9 0
1390 0
1391 1
1392 -1 -1 1107 8 0 0 6 0 4 9 1 10 24 0
1393 0
1394 1
1395 -1 -1 4427 8 0 0 1 0 1 2 0 0 6 1
1396 -1 -1 4426 8 0 1 0 56 1 2 5 2 2 2213 -4719 7780 901 5354 21 1
1397 -1 -1 2212 8 0 0 1 3 12 5 9 5 0 1106 986 -7736 -3405 -5383 0 553 -1225 -4535 -1308 4967 250 0
1398 0
1399 0
1400 1
1401 -1 -1 4423 8 0 2 2 0 16 34 1 3 1 1
1402 -1 -1 4422 8 0 0 0 4 6 1 7 1 6 2211 -2250 -4629 -3836 -3815 0 0
1403 1
1404 -1 -1 4421 8 0 0 0 21 10 4 2 0 4 1
1405 -1 -1 4420 8 0 23 0 11 91 9 54 1 4 2210 2623 -7683 2329 -2879 19 1105 -1772 6946 -4502 -1270 53 0
1406 0
1407 1
1408 -1 -1 4419 8 0 1 0 0 6 0 31 0 0 1
1409 -1 -1 4418 8 0 0 3 0 10 7 1 2 9 2209 192 -456 -4621 6804 391 0
1410 1
1411 -1 -1 4417 8 0 8 1 1 31 22 6 19 2 1
1412 -1 -1 4416 8 0 64 13 4 71 0 12 30 3 2208 811 -5898 -4119 2632 63 1104 -941 3968 1568 1999 7 552 -3531 6149 422 -2429 0 276 -1827 -5082 3597 -2625 49 138 2827 3721 727 1371 37 69 -363 -617 -79 -5735 7 0
1413 0
1414 0
1415 1
1416 -1 -1 551 8 0 1 1 0 1 0 1 21 9 0
1417 1
1418 -1 -1 1101 8 0 0 41 18 2 2 0 2 0 0
1419 0
1420 1
1421 -1 -1 4403 8 0 0 5 2 2 0 0 5 0 1
1422 -1 -1 4402 8 0 0 9 0 4 0 0 0 58 2201 2792 -4676 -1186 -2989 3 0
1423 1
1424 -1 -1 4401 8 0 1 1 10 6 0 2 0 3 1
1425 -1 -1 4400 8 0 0 54 0 0 0 0 2 9 2200 -276 6268 1591 -3852 13 1100 3487 7115 -3103 -360 242 550 -1367 4992 -1565 -5569 257 275 400 -6111 -3647 -2658 252 0
1426 0
1427 1
1428 -1 -1 1099 8 0 1 9 1 10 4 1 1 0 1
1429 -1 -1 1098 8 0 3 1 0 5 1 12 45 0 549 4209 -6442 952 -4662 0 0
1430 0
1431 1
1432 -1 -1 2195 8 0 0 45 0 5 3 0 2 0 1
1433 -1 -1 2194 8 0 1 4 5 9 1 4 1 16 1097 4333 -792 -2517 6278 9 0
1434 1
1435 -1 -1 2193 8 0 4 6 0 4 0 6 16 0 0
1436 1
1437 -1 -1 4385 8 0 0 4 121 8 12 5 3 14 1
1438 -1 -1 4384 8 0 0 82 192 34 146 5 47 21 2192 3152 1167 3369 -7732 340 1096 4291 1558 -4223 7020 386 548 2408 338 -181 -5632 368 274 -4825 -4334 3905 -5405 387 137 3266 2264 -358 2998 330 0
1439 0
1440 0
1441 0
1442 1
1443 -1 -1 2191 8 0 0 0 49 13 3 0 1 0 1
1444 -1 -1 2190 8 0 1 10 14 4 0 0 0 10 1095 -1867 -1542 985 -7398 269 0
1445 1
1446 -1 -1 2189 8 0 0 0 17 2 0 0 0 2 0
1447 1
1448 -1 -1 4377 8 0 1 6 2 31 0 6 4 91 1
1449 -1 -1 4376 8 0 5 3 0 10 0 1 18 9 2188 2988 3777 2334 -1525 8 1094 2600 -4563 1612 6588 324 547 4980 6733 3347 -6811 333 0
1450 0
1451 0
1452 1
1453 -1 -1 4375 8 0 0 2 76 1 0 0 0 0 1
1454 -1 -1 4374 8 0 1 1 0 6 0 0 1 1 2187 3020 2366 3168 -580 5 1
1455 -1 -1 2186 8 0 2 32 0 6 2 0 2 10 1093 4550 -6648 -2348 -6837 36 0
1456 0
1457 1
1458 -1 -1 4371 8 0 0 4 31 1 2 0 2 1 1
1459 -1 -1 4370 8 0 2 0 5 16 9 0 1 12 2185 2353 4347 1198 -2450 55 0
1460 1
1461 -1 -1 4369 8 0 0 6 0 4 1 1 12 1 1
1462 -1 -1 4368 8 0 1 4 15 34 153 5 6 0 2184 -3799 2904 3881 -831 306 1092 -1154 2228 -4140 6250 2 546 3773 -4662 -3114 4969 5 273 3382 4223 -1723 -6067 342 0
1463 0
1464 0
1465 1
1466 -1 -1 2183 8 0 0 2 0 0 0 0 0 22 1
1467 -1 -1 2182 8 0 7 0 18 7 0 15 0 0 1091 -1144 4471 -763 -7452 163 0
1468 0
1469 1
1470 -1 -1 4363 8 0 0 0 0 3 0 29 0 0 1
1471 -1 -1 4362 8 0 19 0 0 1 112 20 0 0 2181 -2109 3194 778 -95 22 0
1472 1
1473 -1 -1 4361 8 0 0 0 0 0 14 0 2 0 1
1474 -1 -1 4360 8 0 52 5 0 22 4 73 1 4 2180 1575 6981 2415 -6380 234 1090 -1330 -5141 3930 7201 393 545 -4482 -311 3123 7738 286 0
1475 0
1476 0
1477 1
1478 -1 -1 4359 8 0 2 2 18 35 93 13 33 1 1
1479 -1 -1 4358 8 0 2 34 7 32 12 16 58 0 2179 -2616 5136 3074 444 11 0
1480 1
1481 -1 -1 4357 8 0 3 9 5 71 15 138 13 6 1
1482 -1 -1 4356 8 0 0 0 10 22 61 25 11 0 2178 -4433 943 845 -1430 8 1089 -455 -530 -2693 367 0 0
1483 0
1484 1
1485 -1 -1 4355 8 0 20 7 31 29 1 16 9 33 1
1486 -1 -1 4354 8 0 6 6 33 89 147 10 190 26 2177 3515 -3177 -2479 -551 317 0
1487 1
1488 -1 -1 4353 8 0 8 107 27 29 16 1 9 22 1
1489 -1 -1 4352 8 0 141 78 171 413 47 107 174 73 2176 1434 -7608 -2718 -1223 154 1088 3443 4764 -4626 -1797 239 544 -16 7018 2552 -3923 65 272 2958 -6979 -994 6223 400 136 -3361 4948 -1678 -5185 226 68 4218 1871 2564 -4855 234 34 -1397 -6484 -1724 -7712 1 17 3889 6400 264 -3889 398 0
1490 0
1491 0
1492 0
1493 1
1494 -1 -1 271 8 0 2 0 0 1 0 3 0 20 1
1495 -1 -1 270 8 0 11 3 0 5 0 26 5 1 135 108 5032 2193 7988 10 0
1496 0
1497 0
1498 1
1499 -1 -1 1079 8 0 1 4 1 2 10 1 1 23 1
1500 -1 -1 1078 8 0 2 7 26 4 2 4 6 2 539 -1790 3739 1959 -2352 1 0
1501 0
1502 1
1503 -1 -1 2155 8 0 0 0 0 0 0 0 0 64 1
1504 -1 -1 2154 8 0 0 0 1 4 0 0 0 2 1077 -1325 6767 3546 6809 3 1
1505 -1 -1 1076 8 0 0 1 3 9 3 0 4 2 538 3017 -6231 180 17 26 269 3440 914 -1209 920 9 0
1506 0
1507 0
1508 1
1509 -1 -1 2151 8 0 2 0 4 4 0 1 5 0 1
1510 -1 -1 2150 8 0 0 0 4 8 47 1 1 0 1075 -734 -614 1609 -7167 336 0
1511 1
1512 -1 -1 2149 8 0 2 25 2 10 2 6 0 0 0
1513 1
1514 -1 -1 4297 8 0 0 6 1 16 13 1 2 0 1
1515 -1 -1 4296 8 0 22 1 19 19 2 0 9 2 2148 2462 -4877 -4081 374 141 1074 467 -4585 4575 3629 95 537 500 1371 1143 -6946 32 0
1516 0
1517 1
1518 -1 -1 2147 8 0 0 0 0 2 0 0 3 16 0
1519 1
1520 -1 -1 4293 8 0 0 32 24 7 54 0 0 2 1
1521 -1 -1 4292 8 0 0 0 18 7 1 2 2 0 2146 -4159 7605 -2980 -7554 222 1073 -4436 5741 4244 7240 387 0
1522 0
1523 1
1524 -1 -1 4291 8 0 9 0 4 55 2 5 1 6 1
1525 -1 -1 4290 8 0 1 12 23 17 2 0 7 30 2145 -3165 -1586 -1636 -3900 3 0
1526 1
1527 -1 -1 4289 8 0 0 2 23 0 8 0 1 22 1
1528 -1 -1 4288 8 0 5 1 86 24 3 5 2 5 2144 4880 3918 764 167 59 1072 178 -2925 1938 -5742 2 536 -3718 6131 1290 -6314 263 268 4804 -7989 -2217 -5285 2 134 3482 -7940 2332 -1774 36 67 2163 -5788 -3394 4576 392 0
1529 0
1530 0
1531 0
1532 1
1533 -1 -1 1071 8 0 0 0 0 2 0 0 0 5 0
1534 1
1535 -1 -1 2141 8 0 4 0 0 0 0 5 0 0 0
1536 1
1537 -1 -1 4281 8 0 1 0 0 5 0 12 0 0 1
1538 -1 -1 4280 8 0 5 0 0 63 0 6 0 0 2140 3053 4047 3979 1308 22 1070 -713 5310 -14 -1422 66 535 1017 -3048 -1043 -4257 68 0
1539 0
1540 1
1541 -1 -1 2139 8 0 0 3 0 2 0 0 2 0 0
1542 1
1543 -1 -1 4277 8 0 0 0 0 1 0 32 0 0 1
1544 -1 -1 4276 8 0 6 0 0 23 0 43 0 0 2138 -4351 7875 299 -1733 86 1069 3226 -98 -1239 -2677 62 1
1545 -1 -1 1068 8 0 1 0 9 1 0 17 0 2 534 -3231 -1690 -1240 -5265 3 267 2120 3888 -1106 6892 7 0
1546 1
1547 -1 -1 533 8 0 3 0 1 1 10 0 14 0 1
1548 -1 -1 532 8 0 13 3 0 11 4 30 3 0 266 1802 -7903 -2738 -1994 48 133 670 2318 -91 -5354 1 0
1549 0
1550 1
1551 -1 -1 531 8 0 0 0 0 0 1 52 0 0 0
1552 1
1553 -1 -1 1061 8 0 1 1 0 0 0 25 0 0 1
1554 -1 -1 1060 8 0 7 2 6 10 0 1 14 5 530 1780 -6755 3980 -5948 14 265 4386 3745 4334 -4555 115 0
1555 0
1556 1
1557 -1 -1 1059 8 0 3 37 1 7 10 7 0 0 0
1558 0
1559 1
1560 -1 -1 4235 8 0 0 0 0 11 48 3 0 0 1
1561 -1 -1 4234 8 0 0 6 7 3 9 0 0 4 2117 627 5805 -3749 -6360 56 0
1562 1
1563 -1 -1 4233 8 0 0 5 9 17 13 0 96 1 1
1564 -1 -1 4232 8 0 4 4 12 57 8 1 19 11 2116 4739 6 -2120 -2511 25 1058 -575 5681 -2683 2430 30 529 -4839 -3638 271 -1505 31 0
1565 0
1566 1
1567 -1 -1 2115 8 0 0 2 18 8 13 0 2 0 1
1568 -1 -1 2114 8 0 2 0 0 11 0 8 18 0 1057 642 6131 -3228 4491 3 0
1569 0
1570 1
1571 -1 -1 4227 8 0 0 42 3 19 1 7 0 9 1
1572 -1 -1 4226 8 0 3 0 0 17 0 25 0 1 2113 -2518 5490 -171 -1915 3 0
1573 1
1574 -1 -1 4225 8 0 2 0 9 16 5 0 1 70 1
1575 -1 -1 4224 8 0 14 6 1 24 11 14 1 3 2112 -3730 -26 -2343 6229 209 1056 -1874 6237 4081 4831 2 528 3580 -6184 1210 -5094 18 264 -1547 1963 4439 -7714 11 132 -2815 -1540 -3618 7085 378 66 -4458 -1371 3484 7802 400 33 3751 7227 -4670 -6699 0 0
1576 0
1577 0
1578 0
1579 0
1580 1
1581 -1 -1 1055 8 0 5 0 0 3 0 0 2 0 0
1582 1
1583 -1 -1 2109 8 0 0 0 0 3 0 0 0 2 0
1584 1
1585 -1 -1 4217 8 0 0 0 0 0 0 0 0 10 1
1586 -1 -1 4216 8 0 0 0 0 0 0 0 0 69 2108 -2627 1458 1653 -6430 133 1054 3723 1014 -1322 3455 9 527 641 988 4700 -1102 346 0
1587 1
1588 -1 -1 1053 8 0 2 2 6 4 0 5 1 13 1
1589 -1 -1 1052 8 0 4 2 3 12 23 1 4 0 526 -1025 200 2663 7455 288 263 1114 -4046 -2856 -3962 316 0
1590 0
1591 0
1592 1
1593 -1 -1 2103 8 0 0 3 0 1 0 0 0 22 1
1594 -1 -1 2102 8 0 3 21 1 17 0 0 0 8 1051 -2405 -2724 2344 6770 381 1
1595 -1 -1 1050 8 0 8 28 0 4 0 16 0 0 525 4549 -5842 -3078 -5379 18 0
1596 0
1597 1
1598 -1 -1 2099 8 0 0 0 1 7 3 0 0 0 0
1599 1
1600 -1 -1 4197 8 0 7 0 0 12 1 69 0 0 1
1601 -1 -1 4196 8 0 5 2 0 8 0 1 0 1 2098 -4653 -5075 2368 5849 23 1049 3652 -6554 -2582 -7978 57 0
1602 1
1603 -1 -1 2097 8 0 7 10 0 1 0 3 0 0 1
1604 -1 -1 2096 8 0 9 6 0 31 5 0 1 4 1048 -3809 1061 2815 6880 396 524 2387 -7527 668 3277 48 262 4498 -5411 -3639 2063 219 131 -834 2181 -2407 -3483 9 0
1605 0
1606 0
1607 0
1608 0
1609 1
1610 -1 -1 4191 8 0 1 0 0 8 0 25 0 0 1
1611 -1 -1 4190 8 0 5 0 0 0 0 57 0 0 2095 -561 -7818 3265 -6332 5 0
1612 1
1613 -1 -1 4189 8 0 0 0 0 43 3 0 0 1 1
1614 -1 -1 4188 8 0 4 0 0 47 0 66 0 0 2094 -1254 -7002 2025 7788 275 1047 -1225 -7799 -1604 53 380 0
1615 0
1616 1
1617 -1 -1 4187 8 0 7 0 0 0 0 9 0 0 1
1618 -1 -1 4186 8 0 7 0 0 34 0 252 0 0 2093 -2740 -2648 -2362 -7257 234 0
1619 1
1620 -1 -1 4185 8 0 29 0 0 9 0 165 0 0 1
1621 -1 -1 4184 8 0 28 0 0 17 0 30 0 0 2092 4142 1584 1837 6286 31 1046 -1723 -783 2441 2647 32 523 1428 -7964 -2345 -1608 123 0
1622 0
1623 0
1624 1
1625 -1 -1 4183 8 0 0 0 0 7 0 64 0 0 1
1626 -1 -1 4182 8 0 8 0 0 0 0 10 0 1 2091 4094 -2612 592 4115 42 0
1627 1
1628 -1 -1 4181 8 0 1 0 0 1 0 20 0 2 1
1629 -1 -1 4180 8 0 44 0 0 2 0 4 0 0 2090 3081 53 4991 3855 30 1045 3406 1249 -4188 111 66 0
1630 0
1631 1
1632 -1 -1 4179 8 0 10 0 1 53 4 57 0 4 1
1633 -1 -1 4178 8 0 21 0 8 42 0 6 0 0 2089 2803 -4800 -3135 7796 74 1
1634 -1 -1 2088 8 0 7 6 3 8 5 4 5 10 1044 279 -298 4239 3948 3 522 1526 -2472 -3466 1337 374 261 -1726 -3973 -1373 -1971 7 0
1635 0
1636 0
1637 0
1638 1
1639 -1 -1 4175 8 0 11 0 0 2 0 0 0 0 1
1640 -1 -1 4174 8 0 6 0 0 6 0 5 0 84 2087 -3277 -6735 -128 1391 381 0
1641 1
1642 -1 -1 4173 8 0 0 2 6 0 0 8 1 5 1
1643 -1 -1 4172 8 0 51 1 0 21 0 32 2 18 2086 -1028 1451 37 6606 165 1043 1190 -7736 4503 -5013 17 0
1644 0
1645 1
1646 -1 -1 4171 8 0 11 3 4 36 0 3 0 0 1
1647 -1 -1 4170 8 0 7 1 0 9 42 24 0 0 2085 4936 -7336 3358 1702 61 0
1648 1
1649 -1 -1 4169 8 0 5 0 52 1 2 6 0 1 1
1650 -1 -1 4168 8 0 13 7 3 7 0 3 0 1 2084 1966 -7331 -118 6422 25 1042 3409 -5999 -4903 -1784 27 521 3977 4093 4011 -637 1 0
1651 0
1652 1
1653 -1 -1 2083 8 0 3 0 0 0 0 29 0 0 0
1654 1
1655 -1 -1 4165 8 0 160 0 0 0 0 3 0 0 1
1656 -1 -1 4164 8 0 0 2 0 2 2 1 0 0 2082 1737 -7174 1956 7770 7 1041 -3063 -1865 4405 3845 59 0
1657 0
1658 1
1659 -1 -1 4163 8 0 2 2 5 68 0 9 0 5 1
1660 -1 -1 4162 8 0 10 0 0 70 0 134 0 5 2081 3946 -7468 2789 6682 271 0
1661 1
1662 -1 -1 4161 8 0 179 0 0 117 0 142 0 2 1
1663 -1 -1 4160 8 0 178 13 61 122 4 76 2 7 2080 -3963 -6987 2176 2538 34 1040 3964 -6283 -2482 -51 96 520 -563 -7132 2589 1584 396 260 4668 6149 -389 1441 7 130 661 -1749 1674 5342 37 65 515 2747 4472 4134 194 0
1664 0
1665 0
1666 0
1667 0
1668 1
1669 -1 -1 2079 8 0 7 0 0 35 0 21 0 0 1
1670 -1 -1 2078 8 0 9 0 0 0 0 6 0 0 1039 -4198 5419 -1145 6926 3 0
1671 0
1672 1
1673 -1 -1 4155 8 0 54 0 0 1 0 0 0 0 1
1674 -1 -1 4154 8 0 58 0 0 21 0 0 0 0 2077 -1991 -1177 2576 -4376 5 0
1675 1
1676 -1 -1 4153 8 0 31 0 0 5 0 27 0 0 1
1677 -1 -1 4152 8 0 81 0 8 31 0 5 2 0 2076 -125 -4512 -4553 2493 30 1038 865 2785 3716 5953 9 519 -3227 7671 -280 -254 15 0
1678 0
1679 0
1680 1
1681 -1 -1 4151 8 0 2 0 12 1 31 0 0 0 1
1682 -1 -1 4150 8 0 4 1 0 4 4 0 20 6 2075 3637 7197 3298 -7358 387 0
1683 1
1684 -1 -1 4149 8 0 14 9 29 34 0 0 2 0 1
1685 -1 -1 4148 8 0 11 11 0 39 6 3 0 7 2074 -506 5333 4943 -6259 311 1037 -634 3495 4701 1491 250 0
1686 1
1687 -1 -1 2073 8 0 0 1 0 2 3 0 0 22 0
1688 1
1689 -1 -1 4145 8 0 10 0 0 1 0 44 0 0 1
1690 -1 -1 4144 8 0 76 0 1 133 1 60 8 6 2072 875 -4594 -1636 -7039 375 1036 3532 185 -256 -449 28 518 -15 -664 4723 -7295 189 259 4486 -2661 -3123 -6010 398 0
1691 0
1692 0
1693 1
1694 -1 -1 2071 8 0 1 0 1 0 0 1 0 17 1
1695 -1 -1 2070 8 0 3 0 3 25 0 23 0 1 1035 -1514 5321 151 1095 33 0
1696 1
1697 -1 -1 2069 8 0 13 0 0 26 0 1 4 3 0
1698 1
1699 -1 -1 4137 8 0 137 0 1 55 1 59 0 0 1
1700 -1 -1 4136 8 0 95 0 0 9 0 124 1 0 2068 -1107 -6380 -4919 4495 19 1034 -653 6368 543 -2065 12 517 2727 5414 1229 1083 2 0
1701 0
1702 0
1703 1
1704 -1 -1 4135 8 0 130 0 3 13 1 4 1 0 1
1705 -1 -1 4134 8 0 24 0 2 89 2 5 0 0 2067 1465 2708 4899 -7258 397 0
1706 1
1707 -1 -1 4133 8 0 2 0 0 8 0 33 0 0 1
1708 -1 -1 4132 8 0 146 2 0 69 12 40 1 4 2066 3468 -5599 -1082 -2474 22 1033 295 3572 -4825 3793 3 0
1709 0
1710 1
1711 -1 -1 4131 8 0 14 3 1 17 0 32 0 1 1
1712 -1 -1 4130 8 0 119 0 1 53 0 11 27 0 2065 3533 6232 2703 2797 2 0
1713 1
1714 -1 -1 4129 8 0 298 0 0 11 0 77 10 0 1
1715 -1 -1 4128 8 0 1598 1 2 165 6 64 4 0 2064 -4232 957 2271 2336 18 1032 -4226 2905 -4890 -7539 23 516 -2307 6755 4744 -7358 28 258 -3183 -6387 898 557 30 129 -3560 4393 -3164 -6133 22 0
1716 0
1717 0
1718 0
1719 0
1720 1
1721 -1 -1 4127 8 0 3 3 0 30 2 28 1 0 1
1722 -1 -1 4126 8 0 39 1 13 15 17 1 2 0 2063 1906 6811 -943 -497 2 0
1723 1
1724 -1 -1 4125 8 0 3 82 80 15 65 0 0 2 1
1725 -1 -1 4124 8 0 7 17 24 67 2 1 1 3 2062 3322 7655 -4076 -6980 294 1031 2443 -1407 1734 -7765 397 0
1726 0
1727 1
1728 -1 -1 4123 8 0 1 0 0 22 0 42 0 0 1
1729 -1 -1 4122 8 0 13 11 3 22 6 12 4 62 2061 -2701 1193 3767 -2421 11 0
1730 1
1731 -1 -1 4121 8 0 1 2 0 4 0 15 0 0 1
1732 -1 -1 4120 8 0 13 6 15 51 0 0 0 1 2060 -3372 -7317 3808 7577 95 1030 3587 4306 -4239 -6970 275 515 -1789 4128 3852 -7659 162 0
1733 0
1734 0
1735 1
1736 -1 -1 4119 8 0 11 0 0 115 0 155 1 3 1
1737 -1 -1 4118 8 0 17 0 0 129 0 20 0 2 2059 3329 -7124 -4234 -6518 2 0
1738 1
1739 -1 -1 4117 8 0 6 0 0 15 0 1 0 24 1
1740 -1 -1 4116 8 0 42 2 0 43 0 14 0 1 2058 -966 3027 4776 -5261 76 1029 4940 7228 2819 2996 4 0
1741 0
1742 1
1743 -1 -1 4115 8 0 13 2 0 80 19 14 7 0 1
1744 -1 -1 4114 8 0 3 15 39 15 18 7 0 1 2057 -345 2631 4932 -5567 8 0
1745 1
1746 -1 -1 4113 8 0 6 10 0 26 21 7 18 0 1
1747 -1 -1 4112 8 0 368 8 28 337 48 252 3 2 2056 1665 -2238 -861 3044 26 1028 -1601 -7742 4843 6766 235 514 2396 4733 -4829 7089 322 257 3599 -720 953 -7619 214 0
1748 0
1749 0
1750 0
1751 1
1752 -1 -1 4111 8 0 0 0 1 0 1 2 8 0 1
1753 -1 -1 4110 8 0 5 0 0 43 0 43 0 0 2055 -2429 -7596 2115 3465 197 0
1754 1
1755 -1 -1 4109 8 0 5 0 2 14 2 7 0 13 1
1756 -1 -1 4108 8 0 103 0 0 15 0 8 0 0 2054 768 -4781 -486 1543 31 1027 -1037 1386 658 -6145 10 0
1757 0
1758 1
1759 -1 -1 4107 8 0 27 0 0 0 9 4 0 0 1
1760 -1 -1 4106 8 0 11 39 46 102 148 19 148 5 2053 4356 -3759 4269 7190 394 0
1761 1
1762 -1 -1 4105 8 0 15 3 64 6 22 0 4 11 1
1763 -1 -1 4104 8 0 100 70 27 127 52 42 43 13 2052 3905 -4589 439 -5822 219 1026 -1403 -6313 -1562 7116 36 513 -595 -7252 -3398 5222 365 0
1764 0
1765 0
1766 1
1767 -1 -1 4103 8 0 4 0 4 43 5 17 0 15 1
1768 -1 -1 4102 8 0 152 1 0 141 6 30 2 2 2051 -4165 -6487 309 1221 25 0
1769 1
1770 -1 -1 4101 8 0 12 9 0 50 3 32 11 2 1
1771 -1 -1 4100 8 0 45 7 47 65 59 23 1 5 2050 -1363 -2813 -207 -5812 4 1025 3426 -6844 832 824 1 0
1772 0
1773 1
1774 -1 -1 4099 8 0 252 1 3 78 23 44 54 9 1
1775 -1 -1 4098 8 0 62 17 48 151 6 20 31 2 2049 -232 -353 -3540 -7822 391 0
1776 1
1777 -1 -1 4097 8 0 33 4 18 43 0 47 3 2 1
1778 -1 -1 4096 8 0 1140 2 6 231 8 94 17 1 2048 -1843 -6307 3249 4874 48 1024 3185 1402 -4141 -7647 43 512 4449 7169 3281 5060 5 256 2045 -1702 4817 7405 156 128 2729 6797 3165 -5807 12 64 -3182 4541 -2817 5716 1 32 4973 -7151 3985 -160 31 16 3240 3261 712 188 14 8 3769 5873 -891 228 19 4 -206 -294 3302 1367 144 2 664 1926 986 -4225 176 1 890 527 2455 4209 170 1 3
