22 serialization::archive 15 0 0 0 0 1 0
0 0 0 0
1 0
2 0
3 0
4 1 1 0
5 -1 -1 63 8 0 23 9 16 0 5 0 0 7 0
6 0
7 0
8 1
9 -1 -1 503 8 0 6 4 0 7 0 5 0 18 0
10 0
11 1
12 -1 -1 2011 8 0 0 4 0 1 0 2 0 0 0
13 1
14 -1 -1 4021 8 0 2 0 0 6 3 3 0 0 0
15 1
16 -1 -1 8041 8 0 1 0 0 35 0 188 0 0 1
17 -1 -1 8040 8 0 6 0 0 18 0 37 0 0 4020 0 0 672 -4960 2090 -6724 3 2010 1148 -7007 2960 -2439 14 1005 4089 590 1121 -2074 114 1
18 -1 -1 1004 8 0 3 0 0 4 0 0 0 3 502 4314 5770 3104 1781 2 251 3439 3263 4066 7510 0 1
19 -1 -1 250 8 0 4 1 0 29 14 5 10 6 125 -107 -43 4723 -1557 4 0
20 1
21 -1 -1 249 8 0 7 1 0 24 10 0 1 4 0
22 1
23 -1 -1 497 8 0 8 0 0 14 0 11 0 0 1
24 -1 -1 496 8 0 38 0 0 7 0 0 11 0 248 2124 -1169 3174 -5405 0 124 -4282 5640 65 -5929 1 62 1961 7190 3160 -4143 6 31 4316 5379 388 206 167 0
25 0
26 0
27 0
28 1
29 -1 -1 495 8 0 0 0 0 1 8 2 0 1 1
30 -1 -1 494 8 0 0 0 0 0 0 1 2 57 247 -3229 3499 1614 7374 37 0
31 1
32 -1 -1 493 8 0 1 4 0 8 0 0 20 3 0
33 0
34 1
35 -1 -1 1971 8 0 12 0 0 0 0 0 0 0 0
36 1
37 -1 -1 3941 8 0 4 0 0 1 3 0 1 1 0
38 1
39 -1 -1 7881 8 0 2 0 0 1 1 0 0 2 1
40 -1 -1 7880 8 0 3 134 0 0 0 0 0 1 3940 -4497 1027 1668 1787 12 1970 3069 -7202 2040 -2796 107 985 1314 -1812 1413 -7755 292 0
41 0
42 1
43 -1 -1 3939 8 0 0 23 0 0 0 0 0 1 1
44 -1 -1 3938 8 0 0 10 0 0 0 0 0 53 1969 4466 -1174 -1216 -7548 390 0
45 1
46 -1 -1 3937 8 0 0 0 1 3 0 0 1 8 0
47 1
48 -1 -1 7873 8 0 0 1 11 1 0 0 0 0 1
49 -1 -1 7872 8 0 0 51 1 12 0 0 0 0 3936 4303 7902 -1380 5170 387 1968 1348 7666 -396 -1277 214 984 569 529 -966 7310 330 492 4161 6376 1280 -1414 341 246 899 -6525 -4017 6784 216 123 -2048 4355 3946 5356 9 0
50 0
51 0
52 1
53 -1 -1 983 8 0 2 0 0 4 0 39 3 0 1
54 -1 -1 982 8 0 1 0 0 1 0 0 22 7 491 -2642 7734 -3890 620 5 0
55 0
56 1
57 -1 -1 1963 8 0 7 1 0 6 8 4 2 0 0
58 1
59 -1 -1 3925 8 0 0 12 0 3 6 0 0 1 0
60 1
61 -1 -1 7849 8 0 0 9 15 6 0 0 0 0 1
62 -1 -1 7848 8 0 0 0 105 0 0 0 1 0 3924 -3821 7973 -4719 2539 8 1962 3328 -1825 -4854 712 351 981 -2321 525 3665 -5247 400 0
63 1
64 -1 -1 1961 8 0 2 0 10 0 0 0 0 0 0
65 1
66 -1 -1 3921 8 0 1 0 0 4 2 0 48 0 1
67 -1 -1 3920 8 0 4 4 0 15 1 3 1 0 1960 2200 2269 -4548 -4173 188 980 -2849 3978 -2344 -1633 382 490 2855 2878 4424 -5692 245 245 -3242 -3976 3806 -7560 390 0
68 0
69 1
70 -1 -1 979 8 0 21 1 0 0 0 1 0 0 1
71 -1 -1 978 8 0 7 50 0 0 0 0 0 0 489 -767 -4516 3396 -7284 0 0
72 0
73 1
74 -1 -1 1955 8 0 0 2 2 0 9 0 3 30 1
75 -1 -1 1954 8 0 1 5 0 3 54 0 5 1 977 -2212 -2756 -3672 -6969 48 0
76 1
77 -1 -1 1953 8 0 2 30 0 13 12 5 0 0 1
78 -1 -1 1952 8 0 3 6 1 16 0 14 22 0 976 2166 7351 2117 -3659 133 488 1822 3086 -2670 -1441 121 244 -4147 6100 -666 -164 396 122 -63 139 -4770 4653 7 61 3578 6148 -3599 1972 107 0
79 0
80 0
81 0
82 0
83 1
84 -1 -1 1951 8 0 0 7 2 5 0 29 0 13 0
85 1
86 -1 -1 3901 8 0 0 2 6 1 5 0 0 2 0
87 1
88 -1 -1 7801 8 0 1 0 1 1 0 7 0 14 1
89 -1 -1 7800 8 0 0 0 1 6 0 0 0 94 3900 2461 2081 -4354 3413 10 1950 -762 1468 1299 7508 6 975 -4870 -1142 -1148 -6416 398 0
90 1
91 -1 -1 1949 8 0 2 1 16 0 0 9 0 1 0
92 1
93 -1 -1 3897 8 0 0 47 5 0 0 0 0 7 1
94 -1 -1 3896 8 0 2 1 7 1 8 0 0 0 1948 -445 7901 -2655 1263 0 974 3806 7141 1708 -1882 110 487 1572 2335 -4470 -2711 21 0
95 0
96 1
97 -1 -1 1947 8 0 5 4 14 10 1 4 0 0 1
98 -1 -1 1946 8 0 3 46 7 4 0 5 0 0 973 782 5579 -4000 -5136 398 1
99 -1 -1 972 8 0 2 0 0 18 2 4 0 0 486 1914 5201 -4280 -663 0 243 161 2847 4910 5081 22 0
100 0
101 1
102 -1 -1 971 8 0 8 0 1 19 0 0 11 20 1
103 -1 -1 970 8 0 3 5 7 16 16 2 0 4 485 1486 -140 -3164 -2993 16 0
104 0
105 1
106 -1 -1 1939 8 0 0 0 0 1 0 28 0 0 1
107 -1 -1 1938 8 0 7 0 0 30 2 28 0 0 969 -3886 -7503 -3646 2747 84 0
108 1
109 -1 -1 1937 8 0 16 0 0 36 5 0 0 12 1
110 -1 -1 1936 8 0 6 2 0 42 0 13 0 4 968 -2815 3747 1410 -7190 56 484 268 -4132 1971 -3750 4 242 1655 5663 -864 4568 6 121 -1152 3981 4235 -3553 213 0
111 0
112 0
113 1
114 -1 -1 967 8 0 0 2 3 2 4 17 0 13 1
115 -1 -1 966 8 0 2 2 28 1 0 0 0 3 483 -4125 3591 4632 -7630 397 0
116 0
117 0
118 0
119 1
120 -1 -1 7727 8 0 1 0 0 5 0 3 0 65 1
121 -1 -1 7726 8 0 2 0 0 2 0 0 36 28 3863 2514 370 2207 -4096 12 0
122 1
123 -1 -1 7725 8 0 10 0 0 4 0 3 0 4 1
124 -1 -1 7724 8 0 5 3 2 10 0 8 0 262 3862 4568 -1227 -2353 6038 389 1931 -127 -1696 -2280 -1664 33 0
125 1
126 -1 -1 3861 8 0 1 2 3 9 0 2 16 29 1
127 -1 -1 3860 8 0 2 2 22 12 0 0 0 6 1930 -1375 4684 -4725 7478 341 965 1336 -290 -18 -6783 369 1
128 -1 -1 964 8 0 19 4 0 13 0 12 8 2 482 -2650 4252 2571 -7039 0 241 -4397 5049 2987 1726 390 0
129 0
130 0
131 1
132 -1 -1 1927 8 0 5 5 0 0 0 0 0 2 0
133 1
134 -1 -1 3853 8 0 2 0 0 2 0 1 0 0 0
135 1
136 -1 -1 7705 8 0 0 0 0 4 0 0 0 86 1
137 -1 -1 7704 8 0 1 1 0 2 0 0 0 0 3852 626 806 -2058 -5550 8 1926 4398 -3029 4913 2873 46 963 -4033 -1460 4371 -5359 395 1
138 -1 -1 962 8 0 8 3 0 10 5 0 2 9 481 -1306 4395 4274 7834 0 0
139 0
140 1
141 -1 -1 1923 8 0 23 0 9 10 0 0 1 16 1
142 -1 -1 1922 8 0 22 0 8 16 0 0 0 0 961 451 7620 1957 -1957 5 0
143 1
144 -1 -1 1921 8 0 21 0 0 0 0 0 2 0 0
145 1
146 -1 -1 3841 8 0 1 0 0 0 0 2 0 13 1
147 -1 -1 3840 8 0 18 14 0 12 4 0 1 7 1920 1876 -3309 -4908 4836 369 960 -511 5473 879 -999 400 480 -361 950 4860 -6906 400 240 2229 2666 -487 928 7 120 2874 7156 -4735 7044 21 60 -2548 7211 -2086 5679 1 30 4797 2927 62 -277 20 15 3199 -5510 -4565 -600 383 0
148 0
149 0
150 0
151 0
152 1
153 -1 -1 479 8 0 0 0 0 0 0 0 0 4 0
154 1
155 -1 -1 957 8 0 1 0 0 5 0 1 0 1 0
156 1
157 -1 -1 1913 8 0 7 0 0 3 0 4 0 0 1
158 -1 -1 1912 8 0 50 0 0 9 0 0 0 0 956 55 -6194 2536 -6245 4 478 -4112 3274 3735 -99 41 239 3780 -5216 2081 -1916 150 0
159 1
160 -1 -1 477 8 0 1 0 0 0 0 0 2 0 0
161 0
162 0
163 1
164 -1 -1 3815 8 0 7 0 0 0 0 0 0 0 0
165 1
166 -1 -1 7629 8 0 8 0 0 0 0 0 0 0 1
167 -1 -1 7628 8 0 115 0 0 0 0 0 0 0 3814 1151 -2487 -915 3580 212 1907 -2003 -7895 -2033 4875 336 1
168 -1 -1 1906 8 0 23 0 0 3 0 0 0 0 953 2703 -7897 1018 2943 13 1
169 -1 -1 952 8 0 4 0 0 1 0 1 0 0 476 -756 7 1087 7937 5 238 73 7093 684 -119 398 119 -76 7932 3537 6695 2 0
170 1
171 -1 -1 237 8 0 0 2 0 0 0 0 13 0 0
172 1
173 -1 -1 473 8 0 23 9 3 8 0 9 1 0 1
174 -1 -1 472 8 0 36 0 0 0 0 0 1 4 236 4374 -6512 -4787 -3846 64 118 -4287 1312 43 1883 59 59 2113 6141 -2213 -6367 397 0
175 0
176 0
177 0
178 1
179 -1 -1 943 8 0 17 3 6 0 0 0 0 14 0
180 1
181 -1 -1 1885 8 0 36 0 0 18 0 1 7 0 1
182 -1 -1 1884 8 0 13 0 17 3 0 1 0 0 942 1511 -399 -551 4044 6 471 2958 3719 -1236 3743 398 0
183 1
184 -1 -1 941 8 0 9 1 50 4 0 0 0 1 1
185 -1 -1 940 8 0 12 34 15 1 0 0 0 0 470 2875 -3305 4064 1349 0 235 -434 78 1732 6371 12 0
186 0
187 0
188 1
189 -1 -1 1879 8 0 8 0 0 1 0 0 0 3 1
190 -1 -1 1878 8 0 5 51 0 6 0 0 0 0 939 1884 760 -2988 3547 58 1
191 -1 -1 938 8 0 0 1 18 5 0 0 1 0 469 823 116 -4066 7017 0 0
192 0
193 0
194 1
195 -1 -1 3751 8 0 4 7 1 1 0 0 0 0 0
196 1
197 -1 -1 7501 8 0 3 0 4 0 0 0 0 0 1
198 -1 -1 7500 8 0 130 1 0 14 0 0 0 0 3750 -2766 492 -263 3544 30 1875 3311 563 1319 7993 97 0
199 1
200 -1 -1 3749 8 0 21 2 11 6 0 0 0 0 0
201 1
202 -1 -1 7497 8 0 0 0 3 0 0 0 0 0 1
203 -1 -1 7496 8 0 57 0 1 60 0 0 0 0 3748 2568 2453 -426 7532 242 1874 -2999 2182 -234 7371 25 937 -3471 995 4849 4632 2 0
204 1
205 -1 -1 1873 8 0 1 1 10 1 15 1 0 0 0
206 1
207 -1 -1 3745 8 0 30 0 8 22 4 0 0 0 0
208 1
209 -1 -1 7489 8 0 14 1 6 11 0 0 0 0 1
210 -1 -1 7488 8 0 10 48 0 6 1 0 0 0 3744 4928 1234 1370 -1869 2 1872 -2742 6816 3078 6809 5 936 4233 7204 -2536 3958 7 468 -1589 734 -658 7614 11 234 -357 893 -2172 3689 25 117 -83 2254 -4416 3526 47 0
211 0
212 1
213 -1 -1 467 8 0 3 3 0 0 7 0 0 40 0
214 1
215 -1 -1 933 8 0 4 4 11 1 0 0 4 0 1
216 -1 -1 932 8 0 35 4 4 6 0 0 0 6 466 -4518 -1411 -1698 5939 26 233 -892 4930 -1092 -633 4 0
217 0
218 1
219 -1 -1 931 8 0 15 0 0 18 0 1 0 1 0
220 1
221 -1 -1 1861 8 0 21 0 0 10 0 0 0 0 0
222 0
223 1
224 -1 -1 7443 8 0 0 0 0 0 0 0 1 0 1
225 -1 -1 7442 8 0 70 0 0 0 0 0 0 0 3721 -4548 1267 951 6642 348 1
226 -1 -1 3720 8 0 30 0 0 4 0 1 0 0 1860 -40 -3346 4730 2155 2 930 4992 -5717 4340 7384 29 465 -2476 7087 -3617 1997 2 0
227 0
228 1
229 -1 -1 1859 8 0 6 0 31 3 4 0 2 0 1
230 -1 -1 1858 8 0 16 0 17 3 0 0 1 20 929 2878 -3509 889 2474 7 1
231 -1 -1 928 8 0 43 0 1 10 0 0 0 7 464 2397 811 126 6040 383 232 -3951 6525 -2264 -6723 399 116 1073 2170 3737 2296 224 58 3395 4941 378 -5451 379 29 3231 -7453 -2381 -572 13 0
232 0
233 0
234 0
235 1
236 -1 -1 463 8 0 0 0 0 2 33 0 1 0 0
237 0
238 0
239 1
240 -1 -1 3703 8 0 0 6 0 0 2 2 0 0 0
241 1
242 -1 -1 7405 8 0 14 0 2 6 2 23 0 0 1
243 -1 -1 7404 8 0 0 0 3 0 0 22 0 0 3702 -4853 1883 2125 255 44 1851 -3180 7111 -4172 5716 22 1
244 -1 -1 1850 8 0 0 0 12 2 0 2 0 4 925 -4006 1429 969 -2885 0 0
245 1
246 -1 -1 1849 8 0 1 0 26 3 0 0 0 7 0
247 0
248 1
249 -1 -1 7395 8 0 2 1 0 1 19 0 0 0 1
250 -1 -1 7394 8 0 3 3 25 22 5 0 0 0 3697 2807 4804 -1754 5368 8 1
251 -1 -1 3696 8 0 17 0 0 27 2 3 0 4 1848 -4399 7375 -2637 -1839 7 924 310 -3852 3704 -3351 396 462 -1726 2204 2091 -205 12 231 4903 2982 655 4569 45 0
252 1
253 -1 -1 461 8 0 1 13 4 1 1 7 0 0 0
254 1
255 -1 -1 921 8 0 0 0 0 6 0 2 0 1 1
256 -1 -1 920 8 0 5 7 0 2 0 1 0 47 460 200 -5475 -2687 -7139 7 230 -2950 5395 1359 -1605 3 115 -2336 3406 -2009 -6152 7 0
257 0
258 0
259 1
260 -1 -1 919 8 0 8 0 0 16 2 3 9 2 1
261 -1 -1 918 8 0 44 0 1 7 2 1 1 0 459 4608 3547 3656 -4763 3 0
262 1
263 -1 -1 917 8 0 12 0 1 18 0 0 0 0 1
264 -1 -1 916 8 0 2 0 27 5 5 0 0 0 458 4013 -3175 -1436 -5068 390 229 2511 -5641 -3090 222 0 0
265 0
266 1
267 -1 -1 915 8 0 11 14 0 0 0 0 0 0 0
268 1
269 -1 -1 1829 8 0 7 1 0 5 0 0 0 0 1
270 -1 -1 1828 8 0 8 1 0 14 0 36 0 0 914 -675 -6199 3635 7044 17 457 4241 -4286 208 7568 9 0
271 1
272 -1 -1 913 8 0 11 0 0 28 0 25 0 0 0
273 1
274 -1 -1 1825 8 0 7 0 4 1 0 0 0 0 0
275 1
276 -1 -1 3649 8 0 12 0 0 17 0 4 0 0 1
277 -1 -1 3648 8 0 5 1 0 47 0 0 0 0 1824 2352 4283 4392 4260 2 912 -16 7656 213 -286 347 456 3999 -354 -4292 2789 221 228 1851 -1573 -4278 6768 13 114 3438 2958 -2075 4611 4 57 960 1408 4304 -3407 44 0
278 0
279 0
280 1
281 -1 -1 455 8 0 0 2 3 31 19 0 4 0 1
282 -1 -1 454 8 0 0 29 0 3 4 0 0 0 227 -476 -1425 -2292 -7517 387 0
283 0
284 0
285 1
286 -1 -1 1815 8 0 1 0 6 0 0 0 0 0 1
287 -1 -1 1814 8 0 1 0 0 1 0 0 3 61 907 -2016 7893 -604 4635 21 0
288 0
289 1
290 -1 -1 3627 8 0 0 0 26 3 11 1 1 15 0
291 1
292 -1 -1 7253 8 0 0 0 6 0 8 0 0 4 1
293 -1 -1 7252 8 0 0 7 0 9 0 0 0 70 3626 -4064 2496 -2807 4344 5 1813 3232 7266 -4878 -6243 40 0
294 0
295 1
296 -1 -1 7251 8 0 2 0 0 0 0 0 0 11 1
297 -1 -1 7250 8 0 4 22 11 3 0 0 18 0 3625 3184 4171 -1687 -3831 309 0
298 1
299 -1 -1 7249 8 0 0 2 7 3 3 5 0 3 1
300 -1 -1 7248 8 0 3 0 1 10 22 0 8 10 3624 189 -1508 -1123 4672 13 1812 -1071 2087 -2603 5760 20 906 -2861 5053 -1865 -702 1 453 -3054 -529 -4786 2022 320 0
301 1
302 -1 -1 905 8 0 1 0 0 5 1 3 3 4 1
303 -1 -1 904 8 0 14 32 1 1 0 0 6 2 452 -4656 -7002 3902 1487 5 226 -598 1100 -713 -7423 360 113 3980 494 296 -7283 391 0
304 0
305 0
306 0
307 1
308 -1 -1 1807 8 0 20 0 4 0 0 0 0 13 0
309 1
310 -1 -1 3613 8 0 0 0 0 0 0 0 2 0 0
311 1
312 -1 -1 7225 8 0 12 0 0 3 0 1 0 1 1
313 -1 -1 7224 8 0 82 0 0 3 0 0 0 0 3612 2726 4276 -4565 -2573 19 1806 -2340 737 -704 199 19 903 -3647 2351 3291 7405 400 1
314 -1 -1 902 8 0 6 8 5 3 1 1 0 0 451 -368 -720 -1870 -6259 396 0
315 1
316 -1 -1 901 8 0 0 0 7 1 7 1 0 4 0
317 1
318 -1 -1 1801 8 0 19 12 2 1 0 1 1 8 1
319 -1 -1 1800 8 0 5 0 0 4 0 24 0 0 900 -822 -332 4800 -2808 228 450 -4656 6292 -1310 7344 39 225 1374 -847 -1256 2623 0 0
320 0
321 0
322 1
323 -1 -1 1799 8 0 1 0 15 0 26 1 0 13 1
324 -1 -1 1798 8 0 2 1 32 1 0 3 0 7 899 4724 5861 -4752 -3550 353 0
325 1
326 -1 -1 1797 8 0 2 5 12 6 7 0 0 13 0
327 1
328 -1 -1 3593 8 0 8 0 0 1 0 0 5 2 0
329 1
330 -1 -1 7185 8 0 7 1 0 0 2 0 0 2 1
331 -1 -1 7184 8 0 5 41 1 5 0 1 0 5 3592 -4795 -220 1152 -2690 274 1796 -3504 -6712 -3841 5791 0 898 -1584 6175 -1004 5366 1 449 4442 7307 4754 -7550 339 0
332 0
333 1
334 -1 -1 1795 8 0 2 6 9 7 0 0 0 26 0
335 1
336 -1 -1 3589 8 0 0 0 0 6 0 0 5 0 1
337 -1 -1 3588 8 0 2 49 8 1 0 0 1 0 1794 1460 7367 3473 -590 25 897 -2836 2958 -4911 -7368 392 0
338 1
339 -1 -1 1793 8 0 7 2 0 6 0 3 0 1 1
340 -1 -1 1792 8 0 4 0 0 11 0 0 0 41 896 -290 -4759 4762 -6155 0 448 268 889 4820 -6000 112 224 -42 -304 3827 -2543 392 112 1115 34 748 3073 0 56 223 -516 -553 -243 1 28 2585 2933 -4444 -5798 399 14 2567 2562 3781 7545 4 7 2211 4683 1170 693 1 0
341 0
342 0
343 0
344 1
345 -1 -1 111 8 0 4 0 0 0 0 0 1 18 0
346 1
347 -1 -1 221 8 0 12 0 1 1 3 0 0 3 0
348 0
349 0
350 0
351 1
352 -1 -1 3535 8 0 0 0 0 1 0 0 0 0 0
353 1
354 -1 -1 7069 8 0 0 2 0 0 0 0 0 0 1
355 -1 -1 7068 8 0 0 108 0 0 0 0 0 0 3534 -87 -7035 2565 -7996 28 1767 2003 3342 -1700 -7871 282 1
356 -1 -1 1766 8 0 3 3 0 0 0 0 0 0 883 -534 -5899 -3718 -3747 0 1
357 -1 -1 882 8 0 2 0 0 1 0 0 0 0 441 -2952 1483 3181 -6669 115 1
358 -1 -1 440 8 0 3 0 0 3 0 0 0 0 220 -4611 2095 4724 7975 80 110 -915 -851 -4698 2500 3 55 -209 6932 -2068 -691 65 0
359 0
360 0
361 1
362 -1 -1 439 8 0 0 0 0 1 0 5 0 5 0
363 1
364 -1 -1 877 8 0 6 1 0 0 0 0 0 54 1
365 -1 -1 876 8 0 6 0 0 1 0 0 0 3 438 -1789 -1226 1665 7166 65 219 -1244 -7667 -4375 7050 172 1
366 -1 -1 218 8 0 7 0 0 1 0 5 12 0 109 -153 -2944 4474 7839 23 0
367 1
368 -1 -1 217 8 0 22 16 1 0 0 0 0 16 1
369 -1 -1 216 8 0 36 0 6 4 0 0 0 2 108 -4647 6816 3451 1754 183 54 1410 -3304 4248 407 19 27 -4960 7801 -1646 -1854 14 0
370 0
371 0
372 1
373 -1 -1 215 8 0 2 0 0 16 1 1 0 5 0
374 1
375 -1 -1 429 8 0 7 5 31 7 0 0 0 1 1
376 -1 -1 428 8 0 8 0 2 3 18 2 19 0 214 1071 5431 -3762 -1807 2 107 -524 -5530 1586 5117 12 0
377 1
378 -1 -1 213 8 0 31 0 0 6 13 0 0 0 0
379 0
380 1
381 -1 -1 851 8 0 1 6 0 4 0 1 0 45 1
382 -1 -1 850 8 0 6 7 0 0 0 0 0 0 425 1929 -894 -4298 6914 2 1
383 -1 -1 424 8 0 40 0 1 9 0 0 3 3 212 -1423 -2294 3130 -3354 10 106 4964 -7811 712 -5435 399 53 4905 3154 3383 -250 23 0
384 0
385 1
386 -1 -1 211 8 0 13 0 2 1 11 2 0 1 0
387 1
388 -1 -1 421 8 0 0 0 0 2 0 0 0 6 0
389 1
390 -1 -1 841 8 0 2 1 2 0 0 0 0 0 0
391 1
392 -1 -1 1681 8 0 1 0 0 0 0 0 67 1 1
393 -1 -1 1680 8 0 3 0 0 0 1 0 0 0 840 -4372 -2993 4791 247 0 420 4035 1416 -3104 -517 56 210 306 -6713 -4603 3631 43 105 2266 -7393 -4576 979 3 0
394 0
395 1
396 -1 -1 419 8 0 0 9 0 0 0 0 1 0 1
397 -1 -1 418 8 0 38 0 2 1 0 2 11 12 209 -4696 7124 -2050 770 10 0
398 1
399 -1 -1 417 8 0 14 0 1 0 0 1 7 0 0
400 0
401 1
402 -1 -1 1667 8 0 10 3 0 0 0 0 0 0 0
403 1
404 -1 -1 3333 8 0 11 0 0 0 0 0 1 0 0
405 1
406 -1 -1 6665 8 0 14 0 0 0 0 0 0 0 1
407 -1 -1 6664 8 0 120 0 0 0 0 0 0 0 3332 1510 -7311 1642 3889 362 1666 3674 -2708 -1825 802 14 833 -3836 1763 188 -580 0 1
408 -1 -1 832 8 0 12 0 0 0 4 0 0 0 416 -392 -2599 -709 -7504 0 208 1680 5128 1003 -2291 7 104 -2317 -403 994 395 10 52 3664 -2857 -1985 -714 12 26 3830 7968 -4516 -2240 12 13 -4558 3414 4293 4196 400 0
409 0
410 0
411 0
412 0
413 0
414 0
415 1
416 -1 -1 1663 8 0 0 0 0 1 0 0 0 0 0
417 0
418 1
419 -1 -1 6651 8 0 0 0 49 0 0 0 0 0 1
420 -1 -1 6650 8 0 0 0 60 0 0 0 0 0 3325 1598 594 -2575 -1053 121 0
421 1
422 -1 -1 6649 8 0 0 0 24 0 0 0 0 0 1
423 -1 -1 6648 8 0 0 0 124 0 0 0 0 0 3324 -4455 943 1242 1221 8 1662 -3134 3013 -1598 -2709 264 831 190 -3555 -823 3877 394 1
424 -1 -1 830 8 0 0 0 0 0 1 0 0 8 415 3979 -5860 4997 3610 303 1
425 -1 -1 414 8 0 0 0 2 4 2 2 0 23 207 3607 -5942 1131 6636 226 0
426 0
427 0
428 1
429 -1 -1 1655 8 0 0 0 18 6 0 2 1 9 0
430 1
431 -1 -1 3309 8 0 0 0 16 4 0 0 5 2 1
432 -1 -1 3308 8 0 0 0 0 3 0 0 45 3 1654 152 7593 3259 -1473 7 827 4535 -7929 -2706 -5256 286 0
433 1
434 -1 -1 1653 8 0 0 0 1 0 0 0 1 39 1
435 -1 -1 1652 8 0 0 0 11 7 3 1 4 7 826 3477 4805 4944 -980 258 413 2769 5444 -3795 5211 269 1
436 -1 -1 412 8 0 2 23 0 0 0 0 24 0 206 4802 4530 -4190 4234 1 103 1300 3748 -93 315 28 0
437 0
438 0
439 0
440 1
441 -1 -1 1647 8 0 1 0 0 0 0 1 29 0 1
442 -1 -1 1646 8 0 2 0 10 32 0 0 13 6 823 4423 -845 2285 -6763 372 0
443 1
444 -1 -1 1645 8 0 0 0 0 3 0 0 2 1 0
445 1
446 -1 -1 3289 8 0 0 0 0 2 0 0 0 0 0
447 1
448 -1 -1 6577 8 0 0 0 75 0 0 0 0 0 1
449 -1 -1 6576 8 0 0 0 14 0 0 0 0 0 3288 -295 1169 -777 5955 54 1644 -1306 297 -1287 -6212 393 822 -1570 5057 -1180 -5613 4 411 3101 4881 -4121 -4626 11 0
450 0
451 1
452 -1 -1 1643 8 0 0 0 4 3 0 1 0 0 0
453 1
454 -1 -1 3285 8 0 0 0 0 8 0 0 0 9 0
455 1
456 -1 -1 6569 8 0 0 0 0 1 0 0 1 0 1
457 -1 -1 6568 8 0 0 0 0 3 0 0 0 250 3284 3581 3392 -4583 3724 345 1642 -547 6579 -1660 -6103 323 821 -3185 4882 4705 3427 0 0
458 1
459 -1 -1 1641 8 0 1 0 1 1 1 0 33 5 1
460 -1 -1 1640 8 0 5 1 18 14 0 1 2 22 820 -2151 4552 -3695 -925 335 410 4880 546 -4145 6028 56 205 2723 833 -2039 -4749 341 0
461 0
462 1
463 -1 -1 819 8 0 0 0 1 2 0 0 1 33 0
464 1
465 -1 -1 1637 8 0 0 6 2 1 0 0 0 2 0
466 1
467 -1 -1 3273 8 0 0 0 3 2 0 0 1 0 0
468 1
469 -1 -1 6545 8 0 0 0 1 0 0 0 0 0 1
470 -1 -1 6544 8 0 0 0 0 0 0 0 82 0 3272 4248 1003 2429 -6989 195 1636 1159 4157 -4722 5289 16 818 4882 5573 3457 -1262 334 409 -1875 -397 1687 -7373 324 0
471 0
472 1
473 -1 -1 1635 8 0 0 1 0 0 0 32 0 2 0
474 1
475 -1 -1 3269 8 0 0 5 0 0 0 10 0 0 1
476 -1 -1 3268 8 0 2 0 8 38 2 2 0 7 1634 -741 -5455 -4217 4147 380 817 -3608 -1349 2270 -2303 256 0
477 0
478 1
479 -1 -1 3267 8 0 0 0 1 6 0 0 0 56 1
480 -1 -1 3266 8 0 2 5 1 9 0 6 29 0 1633 3844 -6810 -1109 2104 101 0
481 1
482 -1 -1 3265 8 0 3 4 1 17 5 2 13 13 0
483 1
484 -1 -1 6529 8 0 0 0 11 1 2 0 0 0 1
485 -1 -1 6528 8 0 3 0 2 18 123 0 2 24 3264 3068 -480 -4689 1057 359 1632 578 1897 961 -6247 227 816 2996 -3910 -3642 -1091 344 408 -1726 3984 4758 3227 2 204 4934 -3861 -569 153 387 102 2117 1392 -519 -5171 248 51 362 6601 -1394 -282 53 0
486 0
487 0
488 0
489 0
490 1
491 -1 -1 1631 8 0 0 8 0 5 0 0 7 0 0
492 1
493 -1 -1 3261 8 0 0 0 0 2 0 51 0 0 1
494 -1 -1 3260 8 0 0 1 1 14 0 1 0 0 1630 738 5538 -3951 513 4 815 1940 5244 716 594 12 0
495 1
496 -1 -1 1629 8 0 4 0 14 12 0 0 5 0 0
497 0
498 1
499 -1 -1 6515 8 0 0 0 0 2 0 0 0 0 1
500 -1 -1 6514 8 0 0 72 0 0 0 0 0 0 3257 3866 2690 -4258 6223 14 0
501 1
502 -1 -1 6513 8 0 1 43 0 20 0 2 0 2 1
503 -1 -1 6512 8 0 1 0 0 26 0 0 0 0 3256 -608 7187 3163 -7061 352 1628 -4804 -4294 -2295 -779 0 814 170 7406 -1422 -4936 394 407 3226 1491 -2765 4005 18 0
504 0
505 0
506 1
507 -1 -1 3255 8 0 1 18 17 3 0 0 0 5 1
508 -1 -1 3254 8 0 0 0 0 1 0 0 0 45 1627 -2955 7877 -4520 2171 346 0
509 0
510 1
511 -1 -1 6507 8 0 6 4 0 1 1 0 15 0 1
512 -1 -1 6506 8 0 5 0 0 42 1 7 0 0 3253 3691 3794 -2125 -4951 386 0
513 1
514 -1 -1 6505 8 0 6 174 21 28 3 0 0 3 1
515 -1 -1 6504 8 0 2 13 0 33 0 0 0 4 3252 4493 5225 -2030 -6423 357 1626 4436 -2720 1632 -5308 329 813 3897 633 -2595 3815 375 0
516 0
517 1
518 -1 -1 3251 8 0 0 0 17 0 0 0 6 4 0
519 1
520 -1 -1 6501 8 0 0 6 0 0 0 0 0 1 1
521 -1 -1 6500 8 0 1 0 9 1 54 0 0 0 3250 1658 2500 -920 -2896 374 1625 4476 6363 -1385 2550 75 0
522 1
523 -1 -1 3249 8 0 3 4 6 0 0 0 0 5 1
524 -1 -1 3248 8 0 0 0 0 6 2 0 5 45 1624 -31 241 2030 -3092 377 812 4936 6740 -4542 -2053 330 406 3233 2058 -4576 -6257 91 203 -4998 -938 -845 -7722 332 0
525 0
526 0
527 0
528 0
529 1
530 -1 -1 6495 8 0 0 0 9 0 0 0 0 0 1
531 -1 -1 6494 8 0 0 0 0 0 0 0 0 68 3247 3602 6751 -3915 1060 317 1
532 -1 -1 3246 8 0 0 4 1 1 0 0 38 24 1623 -4327 6373 -2792 306 29 0
533 1
534 -1 -1 3245 8 0 1 0 0 9 2 0 9 20 0
535 1
536 -1 -1 6489 8 0 0 37 1 0 2 0 0 9 1
537 -1 -1 6488 8 0 0 12 59 1 6 0 3 0 3244 -903 -302 975 -6021 292 1622 268 7001 -3677 -6113 392 811 1629 5958 2985 -7926 400 0
538 0
539 1
540 -1 -1 3243 8 0 2 0 16 0 0 0 0 0 0
541 1
542 -1 -1 6485 8 0 1 137 5 1 0 1 5 0 1
543 -1 -1 6484 8 0 0 0 2 0 0 0 1 7 3242 1283 6287 2935 -7777 325 1621 -435 -5362 3946 2666 112 0
544 1
545 -1 -1 3241 8 0 1 1 4 6 15 2 0 28 1
546 -1 -1 3240 8 0 0 27 3 0 0 0 1 0 1620 3301 2921 -4454 -5439 3 810 -3396 6688 -3711 -7319 331 405 782 6670 -4402 6248 20 0
547 0
548 0
549 0
550 1
551 -1 -1 6479 8 0 0 2 5 0 2 0 3 0 1
552 -1 -1 6478 8 0 0 55 1 4 0 0 0 0 3239 -1969 7364 4366 7931 10 0
553 1
554 -1 -1 6477 8 0 0 27 27 0 0 0 0 0 1
555 -1 -1 6476 8 0 0 13 59 23 157 0 3 20 3238 34 4257 -3633 944 327 1619 4322 -1603 2158 5859 0 0
556 0
557 1
558 -1 -1 6475 8 0 1 0 0 1 1 0 4 0 1
559 -1 -1 6474 8 0 0 141 0 2 2 0 0 0 3237 -1374 5932 1599 -6462 385 0
560 1
561 -1 -1 6473 8 0 0 159 23 0 1 0 2 7 1
562 -1 -1 6472 8 0 1 138 184 29 58 0 1 0 3236 -821 5656 -21 -217 47 1618 632 6758 -4603 -7856 371 809 -3667 7105 -705 5297 9 0
563 0
564 0
565 1
566 -1 -1 6471 8 0 0 2 18 3 0 1 1 0 1
567 -1 -1 6470 8 0 0 2 4 46 0 0 0 0 3235 509 7322 1538 -7818 394 0
568 1
569 -1 -1 6469 8 0 0 39 267 20 51 1 1 2 1
570 -1 -1 6468 8 0 5 190 277 31 35 0 0 11 3234 4516 5653 -1439 4080 18 1617 4041 -3096 -3611 -6547 345 0
571 0
572 1
573 -1 -1 6467 8 0 0 0 48 0 8 0 0 0 1
574 -1 -1 6466 8 0 3 0 4 3 10 1 2 10 3233 -637 1158 283 -6330 278 0
575 1
576 -1 -1 6465 8 0 0 0 16 42 0 0 0 0 1
577 -1 -1 6464 8 0 1 9 0 18 10 0 0 4 3232 801 -1826 4888 -5996 262 1616 3426 5582 2223 -6617 170 808 989 6618 1695 -7171 282 404 -2873 7887 123 -3771 285 202 440 7716 758 1294 130 101 701 875 558 -4478 340 0
578 0
579 0
580 0
581 1
582 -1 -1 1615 8 0 0 2 0 1 0 0 25 0 0
583 1
584 -1 -1 3229 8 0 0 6 5 5 0 0 0 42 1
585 -1 -1 3228 8 0 0 3 8 3 0 0 9 2 1614 -4817 712 1292 3014 270 807 -3237 5738 1706 -7445 380 0
586 0
587 1
588 -1 -1 3227 8 0 0 2 10 0 0 0 2 0 0
589 1
590 -1 -1 6453 8 0 0 88 0 2 0 0 0 0 1
591 -1 -1 6452 8 0 0 8 0 5 2 2 0 1 3226 -3934 6560 4717 -5731 294 1613 -2649 3410 3589 -2633 394 0
592 1
593 -1 -1 3225 8 0 0 8 0 5 0 0 18 1 0
594 1
595 -1 -1 6449 8 0 0 0 0 0 26 0 0 4 1
596 -1 -1 6448 8 0 0 1 10 14 9 1 1 5 3224 -428 6094 246 1487 54 1612 2520 -6640 -4713 6940 95 806 -4592 3296 2265 -7292 284 403 4175 5099 -4404 4726 278 0
597 0
598 0
599 1
600 -1 -1 3223 8 0 1 10 0 0 0 0 0 0 0
601 1
602 -1 -1 6445 8 0 0 0 0 3 0 0 0 81 1
603 -1 -1 6444 8 0 0 1 0 2 0 0 4 2 3222 3440 7008 -4214 -4488 347 1611 1715 -223 -4941 -2333 391 0
604 1
605 -1 -1 3221 8 0 0 0 6 0 2 0 0 31 1
606 -1 -1 3220 8 0 0 3 24 2 8 0 5 3 1610 3578 -5088 -4678 -5856 199 805 3428 2457 4465 -926 332 0
607 0
608 0
609 1
610 -1 -1 6439 8 0 0 0 167 3 2 0 0 9 1
611 -1 -1 6438 8 0 1 10 24 4 4 2 5 24 3219 300 5126 -581 300 50 0
612 1
613 -1 -1 6437 8 0 0 6 226 21 86 0 15 20 1
614 -1 -1 6436 8 0 1 9 88 29 250 0 3 19 3218 -1121 1882 3060 -5017 197 1609 2417 7438 1803 -7192 338 0
615 0
616 1
617 -1 -1 6435 8 0 0 0 35 1 0 1 2 0 1
618 -1 -1 6434 8 0 2 1 17 19 60 0 1 119 3217 73 -3201 -582 131 15 0
619 1
620 -1 -1 6433 8 0 0 0 12 7 67 0 36 18 1
621 -1 -1 6432 8 0 12 12 84 62 36 2 39 11 3216 457 1822 -1369 3903 232 1608 -4035 6550 809 4 23 804 1604 6038 -3326 5131 11 402 2563 3126 -4247 3380 339 201 -4269 994 1590 3030 88 0
622 0
623 0
624 1
625 -1 -1 1607 8 0 2 8 10 17 6 10 8 8 0
626 0
627 1
628 -1 -1 6427 8 0 2 0 0 8 0 0 0 0 1
629 -1 -1 6426 8 0 0 0 0 5 0 68 0 0 3213 3285 -7184 1660 3064 33 0
630 1
631 -1 -1 6425 8 0 1 0 0 1 0 24 0 1 1
632 -1 -1 6424 8 0 2 0 0 74 2 12 0 0 3212 -393 -3160 3517 5892 34 1606 1967 4625 -3703 -3097 357 803 4300 -1451 92 -2717 27 0
633 0
634 1
635 -1 -1 3211 8 0 2 4 1 20 0 3 2 0 0
636 1
637 -1 -1 6421 8 0 0 0 0 9 0 0 1 0 1
638 -1 -1 6420 8 0 0 0 149 10 9 0 0 5 3210 -3776 -4799 -3168 1069 225 1605 -900 1382 795 -6469 303 0
639 0
640 1
641 -1 -1 6419 8 0 0 1 21 28 0 1 0 27 1
642 -1 -1 6418 8 0 8 0 24 19 39 4 6 3 3209 2723 6035 -2389 -6415 333 0
643 1
644 -1 -1 6417 8 0 0 24 0 2 0 0 0 0 1
645 -1 -1 6416 8 0 1 9 2 14 21 3 3 37 3208 -4942 2648 -4255 1468 6 1604 -2083 -128 -174 -7090 6 802 4797 -6038 1356 -4562 35 401 3226 -6883 -1928 -7295 332 0
646 0
647 0
648 1
649 -1 -1 3207 8 0 0 6 2 8 0 0 44 0 0
650 1
651 -1 -1 6413 8 0 0 55 0 1 0 0 0 0 1
652 -1 -1 6412 8 0 1 6 0 12 0 12 0 0 3206 -1144 -1360 4489 -539 18 1603 68 3412 4175 -2088 15 0
653 0
654 1
655 -1 -1 6411 8 0 6 0 14 13 0 2 3 0 1
656 -1 -1 6410 8 0 3 2 7 22 96 2 9 0 3205 -4972 -2632 -3001 -5947 137 0
657 1
658 -1 -1 6409 8 0 3 36 22 5 31 0 206 26 1
659 -1 -1 6408 8 0 2 18 38 3 50 3 4 11 3204 677 2563 -1862 -7300 255 1602 3388 2247 -2212 -7638 2 801 3886 -4261 -1565 7979 89 0
660 0
661 0
662 1
663 -1 -1 6407 8 0 0 0 0 0 0 0 24 0 1
664 -1 -1 6406 8 0 1 4 0 5 46 1 4 0 3203 1633 6788 -202 500 241 1
665 -1 -1 3202 8 0 4 0 7 11 0 13 1 0 1601 3891 -7372 -4347 5781 220 0
666 0
667 1
668 -1 -1 6403 8 0 0 33 157 32 35 0 4 50 1
669 -1 -1 6402 8 0 0 65 24 15 2 0 4 10 3201 227 5150 3 401 2 0
670 1
671 -1 -1 6401 8 0 1 21 32 93 31 12 0 8 1
672 -1 -1 6400 8 0 10 241 34 79 55 2 1 18 3200 4749 4210 -2710 -7401 233 1600 2667 5371 3508 -770 15 800 -3810 -6414 -3910 3153 31 400 -257 546 931 -5306 249 200 3831 1611 -3379 -6212 286 100 4510 4173 4127 -1262 20 50 -827 7509 4576 -7556 290 25 4607 -4552 -3996 5511 314 0
673 0
674 0
675 0
676 0
677 0
678 1
679 -1 -1 1599 8 0 5 3 2 0 0 0 0 11 1
680 -1 -1 1598 8 0 0 53 0 9 0 0 0 0 799 -3209 -389 3413 186 364 1
681 -1 -1 798 8 0 0 0 0 14 0 0 3 32 399 541 4456 1078 5598 0 0
682 1
683 -1 -1 797 8 0 0 26 4 4 0 0 2 23 0
684 1
685 -1 -1 1593 8 0 0 2 0 8 0 0 0 3 0
686 1
687 -1 -1 3185 8 0 0 4 0 0 0 0 0 0 0
688 1
689 -1 -1 6369 8 0 0 0 0 1 1 0 1 0 1
690 -1 -1 6368 8 0 0 0 0 2 0 0 0 199 3184 -1838 4432 -3682 -4690 371 1592 4981 1589 4545 4793 9 796 169 2391 -4807 -3022 340 398 1931 6932 29 -3915 57 199 10 -1246 -2638 -7737 332 0
691 0
692 0
693 1
694 -1 -1 1591 8 0 0 0 3 3 0 0 0 0 0
695 1
696 -1 -1 3181 8 0 0 0 1 1 1 0 0 0 0
697 1
698 -1 -1 6361 8 0 0 0 0 1 1 0 0 0 1
699 -1 -1 6360 8 0 0 0 0 0 0 0 0 86 3180 -3072 130 3177 6240 332 1590 91 -4858 -1786 -6869 252 795 3706 2336 2890 -611 2 1
700 -1 -1 794 8 0 0 12 23 4 11 0 0 18 397 -263 -1057 2273 -6918 198 0
701 0
702 1
703 -1 -1 1587 8 0 0 0 37 0 0 0 0 4 0
704 1
705 -1 -1 3173 8 0 0 56 0 3 0 0 1 7 1
706 -1 -1 3172 8 0 0 3 23 2 0 1 0 2 1586 -1442 1051 3004 -1725 260 793 -793 7172 -1966 -3064 320 0
707 0
708 1
709 -1 -1 3171 8 0 0 2 10 1 0 0 0 0 0
710 1
711 -1 -1 6341 8 0 0 2 1 1 1 0 0 8 1
712 -1 -1 6340 8 0 0 246 0 6 2 0 0 6 3170 4106 4240 -2298 -4782 79 1585 -31 -1487 -4494 2759 382 0
713 0
714 1
715 -1 -1 6339 8 0 2 43 0 5 7 0 0 0 1
716 -1 -1 6338 8 0 0 52 3 10 14 0 0 75 3169 -2791 -712 -3772 4031 3 1
717 -1 -1 3168 8 0 0 5 16 12 3 0 0 0 1584 4502 7863 567 -7475 0 792 2736 4655 -4816 1327 0 396 1649 4098 -4900 -3059 249 198 -2995 3424 -779 50 33 99 -952 6738 -3277 -6468 330 0
718 0
719 1
720 -1 -1 395 8 0 1 4 0 1 23 0 0 0 0
721 1
722 -1 -1 789 8 0 1 0 4 1 0 7 1 0 0
723 0
724 1
725 -1 -1 3155 8 0 0 0 0 0 5 0 2 0 0
726 1
727 -1 -1 6309 8 0 0 2 0 0 0 0 0 0 1
728 -1 -1 6308 8 0 0 0 0 3 0 0 169 0 3154 4116 4225 -4639 38 260 1577 -2686 -2293 3880 -4114 275 1
729 -1 -1 1576 8 0 2 1 0 2 0 0 0 0 788 -329 -475 -2695 2330 0 394 2429 585 2858 7168 379 197 4297 -6811 -4162 7291 387 0
730 0
731 1
732 -1 -1 787 8 0 0 0 4 1 14 0 0 1 0
733 0
734 1
735 -1 -1 3147 8 0 0 3 2 2 0 0 0 1 0
736 1
737 -1 -1 6293 8 0 0 0 0 3 0 0 0 3 1
738 -1 -1 6292 8 0 0 0 0 0 0 0 0 83 3146 4330 -5686 983 974 384 1573 -637 6852 -3127 -5126 75 1
739 -1 -1 1572 8 0 2 2 0 24 0 4 8 5 786 3459 -7670 84 198 232 393 2926 -2311 3556 -5152 3 0
740 0
741 1
742 -1 -1 1571 8 0 2 19 0 3 0 1 1 0 0
743 0
744 1
745 -1 -1 6283 8 0 2 5 0 3 0 0 0 5 1
746 -1 -1 6282 8 0 2 2 0 1 56 0 0 0 3141 -4179 6856 -3151 -6415 339 1
747 -1 -1 3140 8 0 5 6 2 0 9 0 11 15 1570 -96 7021 3020 1310 24 785 1762 2578 4849 -754 269 0
748 0
749 0
750 1
751 -1 -1 6279 8 0 0 1 41 1 1 0 3 8 1
752 -1 -1 6278 8 0 0 43 2 3 1 0 0 1 3139 504 -5200 2852 5270 269 0
753 1
754 -1 -1 6277 8 0 2 12 0 3 0 0 0 0 1
755 -1 -1 6276 8 0 1 3 7 7 11 0 98 2 3138 -392 4735 1220 -3080 234 1569 -102 -4419 -906 823 2 0
756 1
757 -1 -1 3137 8 0 1 7 2 3 3 0 21 17 0
758 1
759 -1 -1 6273 8 0 6 0 0 0 0 0 2 5 1
760 -1 -1 6272 8 0 3 178 17 12 0 1 7 18 3136 433 -1805 3730 3345 390 1568 4605 1493 -4761 2523 88 784 4077 -7126 -3568 -1206 9 392 -3382 -3939 3585 -856 324 196 3336 -6023 4735 7897 352 98 4137 -1527 -4986 5505 295 49 -3410 6703 -3106 -3903 21 0
761 0
762 0
763 0
764 1
765 -1 -1 783 8 0 0 0 5 4 3 0 19 0 0
766 1
767 -1 -1 1565 8 0 0 8 0 0 1 0 0 0 0
768 1
769 -1 -1 3129 8 0 0 4 12 0 6 0 0 0 0
770 1
771 -1 -1 6257 8 0 0 0 3 0 1 0 1 0 1
772 -1 -1 6256 8 0 0 0 153 0 0 0 0 0 3128 940 -1851 -992 -4742 226 1564 -180 -2257 -3034 -4697 90 782 4306 -6612 1017 7798 392 391 1178 -334 4958 -5895 11 0
773 1
774 -1 -1 781 8 0 0 19 0 2 1 0 13 0 0
775 0
776 1
777 -1 -1 3123 8 0 0 0 0 2 2 0 10 0 0
778 1
779 -1 -1 6245 8 0 0 0 26 1 19 0 0 0 1
780 -1 -1 6244 8 0 0 2 0 2 56 0 1 0 3122 4895 1881 -327 -2078 90 1561 3185 -2899 3662 3979 314 1
781 -1 -1 1560 8 0 2 0 0 3 2 0 4 11 780 4517 2754 -539 3392 1 390 3024 -4320 239 314 21 195 -4579 -2629 1943 -2581 0 0
782 0
783 0
784 1
785 -1 -1 1559 8 0 0 3 3 1 48 0 0 0 1
786 -1 -1 1558 8 0 0 2 30 0 2 0 0 0 779 3733 2100 -1341 -91 30 0
787 0
788 1
789 -1 -1 3115 8 0 1 0 0 0 0 0 0 0 0
790 1
791 -1 -1 6229 8 0 0 0 0 0 0 0 0 12 1
792 -1 -1 6228 8 0 0 0 0 0 0 0 0 108 3114 -2831 -5454 -891 -7116 153 1557 -1623 -3768 2275 4168 390 1
793 -1 -1 1556 8 0 0 2 6 8 8 1 0 14 778 -806 -606 -618 4244 355 389 3604 4295 -642 -729 37 0
794 0
795 0
796 1
797 -1 -1 3111 8 0 0 33 0 1 6 0 0 10 0
798 1
799 -1 -1 6221 8 0 0 1 17 12 35 0 7 6 1
800 -1 -1 6220 8 0 0 6 49 0 12 0 0 0 3110 -1591 4275 -4215 3413 4 1555 -394 -445 1067 4163 20 0
801 0
802 1
803 -1 -1 6219 8 0 0 0 1 0 0 0 2 48 1
804 -1 -1 6218 8 0 0 4 2 0 7 0 34 15 3109 969 1207 -1068 -3686 273 0
805 1
806 -1 -1 6217 8 0 1 0 7 3 1 0 0 12 1
807 -1 -1 6216 8 0 0 43 12 2 0 0 2 11 3108 417 2727 -1725 -7686 335 1554 3726 3461 -1881 7539 40 777 4488 -865 -3410 -3907 19 0
808 0
809 1
810 -1 -1 3107 8 0 6 4 0 0 0 0 0 0 1
811 -1 -1 3106 8 0 2 1 51 7 1 3 0 0 1553 542 -1435 932 -5009 342 0
812 0
813 1
814 -1 -1 6211 8 0 1 17 15 4 7 0 159 82 1
815 -1 -1 6210 8 0 3 81 13 4 0 0 38 3 3105 2487 1790 -4036 -7450 255 0
816 1
817 -1 -1 6209 8 0 4 1 16 10 1 3 373 83 1
818 -1 -1 6208 8 0 8 2 16 29 0 6 18 13 3104 -274 -114 -3852 3148 23 1552 374 1327 -3711 -953 241 776 -4235 -6051 4069 1833 46 388 1701 5277 -2236 -1638 29 194 4843 4759 -4550 -6227 374 97 4132 -5596 -2261 -7259 188 0
819 0
820 0
821 0
822 1
823 -1 -1 1551 8 0 0 0 27 0 28 0 0 5 0
824 1
825 -1 -1 3101 8 0 0 0 0 0 50 0 2 5 0
826 1
827 -1 -1 6201 8 0 0 0 0 0 4 0 72 0 1
828 -1 -1 6200 8 0 0 0 0 0 16 0 4 0 3100 3377 -2176 2854 5964 284 1550 4391 -7776 -152 6800 385 775 4895 793 -1023 -4552 108 0
829 1
830 -1 -1 1549 8 0 1 6 0 0 0 0 4 1 0
831 0
832 1
833 -1 -1 6195 8 0 0 0 0 0 0 0 8 0 1
834 -1 -1 6194 8 0 0 0 0 0 71 0 0 0 3097 4149 -4179 -3944 -2541 319 1
835 -1 -1 3096 8 0 2 0 0 18 29 0 0 4 1548 -496 -1 3353 -4819 31 774 -4746 5259 331 3694 7 387 4290 -1976 547 -1977 20 0
836 1
837 -1 -1 773 8 0 0 31 0 6 23 1 2 2 0
838 1
839 -1 -1 1545 8 0 0 11 0 0 0 0 1 5 0
840 1
841 -1 -1 3089 8 0 1 0 2 0 11 0 0 0 0
842 1
843 -1 -1 6177 8 0 0 0 5 0 3 0 4 0 1
844 -1 -1 6176 8 0 0 1 1 4 6 0 266 0 3088 3114 2770 3197 -3377 30 1544 3598 -1765 -1297 2512 395 772 4383 3246 3948 142 319 386 4050 4301 -22 4991 3 193 3347 -7939 1020 4375 304 0
845 0
846 1
847 -1 -1 771 8 0 19 0 1 1 0 7 0 0 0
848 0
849 1
850 -1 -1 3083 8 0 0 11 16 2 28 0 4 0 0
851 1
852 -1 -1 6165 8 0 0 0 0 1 0 0 2 5 1
853 -1 -1 6164 8 0 1 83 1 0 0 0 5 0 3082 -1674 -735 1412 -4419 343 1541 -204 1013 -3879 4540 331 0
854 0
855 1
856 -1 -1 6163 8 0 0 0 0 0 11 0 0 0 1
857 -1 -1 6162 8 0 0 2 3 3 1 0 81 0 3081 -2101 -7498 2615 3108 264 0
858 1
859 -1 -1 6161 8 0 0 0 53 9 66 1 3 0 1
860 -1 -1 6160 8 0 3 152 187 69 87 1 213 9 3080 -2731 -7488 -1251 6520 247 1540 -4959 5437 3181 -1210 380 770 168 617 496 -4499 312 385 -419 581 -3422 6079 399 0
861 0
862 0
863 0
864 1
865 -1 -1 6159 8 0 0 0 5 1 3 0 0 2 1
866 -1 -1 6158 8 0 0 0 1 8 0 2 0 52 3079 -171 5585 3755 -2612 59 1
867 -1 -1 3078 8 0 2 10 0 27 0 16 5 9 1539 919 4901 721 -1436 5 0
868 0
869 1
870 -1 -1 6155 8 0 2 76 0 3 0 0 0 0 1
871 -1 -1 6154 8 0 1 3 15 5 0 0 0 1 3077 4866 -2390 -2711 -2288 88 0
872 1
873 -1 -1 6153 8 0 1 21 0 7 4 0 2 1 1
874 -1 -1 6152 8 0 6 6 8 32 11 13 0 12 3076 -3465 -5139 3009 -1478 38 1538 -711 931 -2855 4761 115 769 1219 -7680 -2491 -7176 234 0
875 0
876 1
877 -1 -1 3075 8 0 0 43 12 1 0 1 1 0 1
878 -1 -1 3074 8 0 1 1 18 9 36 0 4 0 1537 2785 -1034 3528 1963 11 0
879 0
880 1
881 -1 -1 6147 8 0 0 9 7 9 15 2 75 8 1
882 -1 -1 6146 8 0 0 1 13 7 46 0 2 2 3073 642 662 -2739 2699 3 0
883 1
884 -1 -1 6145 8 0 6 8 2 36 7 1 4 10 1
885 -1 -1 6144 8 0 0 0 2 22 56 1 1 1 3072 4798 -5617 4923 7787 0 1536 201 3059 1000 -4785 60 768 4498 -1583 -2377 3135 261 384 2167 -7121 -1325 -1256 10 192 -596 -286 2530 5140 92 96 4130 -1937 1613 2767 279 48 1923 813 4367 -7636 194 24 -2233 1835 4040 3421 141 12 3404 7648 -1459 -7075 3 6 -1182 -100 76 2754 400 3 871 2927 -2127 -6515 387 0
886 0
887 0
888 0
889 0
890 0
891 1
892 -1 -1 191 8 0 7 3 3 1 0 17 13 7 0
893 0
894 1
895 -1 -1 763 8 0 1 0 0 26 0 25 0 3 0
896 0
897 1
898 -1 -1 3051 8 0 3 0 0 1 0 0 0 0 0
899 1
900 -1 -1 6101 8 0 14 0 0 3 0 184 0 0 1
901 -1 -1 6100 8 0 0 0 0 4 0 1 0 0 3050 -3669 6749 -2650 3941 2 1525 -295 -2851 -3823 -7145 86 0
902 1
903 -1 -1 3049 8 0 2 0 0 17 0 10 0 1 1
904 -1 -1 3048 8 0 0 0 0 8 0 32 0 0 1524 -3535 412 4926 5046 400 762 -1101 -776 -2550 -5997 25 381 4892 7684 -3575 7643 181 0
905 1
906 -1 -1 761 8 0 0 0 1 27 0 0 0 0 0
907 1
908 -1 -1 1521 8 0 1 0 14 17 0 16 0 1 1
909 -1 -1 1520 8 0 2 1 0 9 0 40 0 1 760 -3372 -2019 -718 -7773 13 380 -3491 5770 101 -4563 30 190 -2319 6675 -4231 -2497 36 95 -3209 6299 -4884 -959 246 0
910 1
911 -1 -1 189 8 0 3 0 0 4 6 5 12 15 0
912 0
913 1
914 -1 -1 755 8 0 1 0 0 32 1 26 0 0 1
915 -1 -1 754 8 0 0 0 0 5 0 31 0 2 377 -4820 3496 -1115 -4867 10 0
916 1
917 -1 -1 753 8 0 4 36 1 4 0 6 0 7 0
918 0
919 1
920 -1 -1 3011 8 0 0 6 0 16 1 4 0 1 1
921 -1 -1 3010 8 0 1 0 0 9 1 31 0 0 1505 960 6686 4920 -5488 37 1
922 -1 -1 1504 8 0 8 3 0 6 8 4 0 2 752 -1506 7752 -5 -7367 11 376 -1257 -5065 1312 -7586 399 188 4886 6954 -3365 4412 175 94 -4334 2699 -2033 3441 8 47 274 5447 -2915 -6164 36 0
923 0
924 0
925 1
926 -1 -1 375 8 0 1 0 0 12 0 16 0 17 0
927 1
928 -1 -1 749 8 0 0 0 0 16 0 2 7 0 0
929 0
930 1
931 -1 -1 2995 8 0 0 0 0 0 0 23 2 0 1
932 -1 -1 2994 8 0 0 0 0 17 0 28 0 1 1497 2022 -4998 3454 -7591 21 1
933 -1 -1 1496 8 0 3 0 0 2 0 1 4 0 748 -1868 249 2647 464 244 374 1405 -3323 1708 -6009 19 187 1658 -5807 -4850 -4026 13 0
934 1
935 -1 -1 373 8 0 0 0 0 13 1 11 0 4 0
936 1
937 -1 -1 745 8 0 1 0 16 1 0 0 0 15 0
938 1
939 -1 -1 1489 8 0 3 0 0 0 0 0 0 24 1
940 -1 -1 1488 8 0 0 0 0 21 1 0 0 31 744 -1245 -7723 334 -3143 3 372 4445 7844 -971 1286 289 186 -3673 7930 -3893 1314 16 93 -2804 -4948 956 7355 26 0
941 0
942 0
943 1
944 -1 -1 743 8 0 11 7 1 5 4 13 0 6 0
945 1
946 -1 -1 1485 8 0 1 0 0 4 1 3 13 0 0
947 1
948 -1 -1 2969 8 0 1 0 1 2 0 6 0 0 0
949 1
950 -1 -1 5937 8 0 1 0 0 7 5 1 0 1 1
951 -1 -1 5936 8 0 1 0 0 2 82 2 2 0 2968 -4813 4347 1393 -974 217 1484 4860 4474 4082 -3671 257 742 -4981 -3847 -545 3991 375 371 -893 4925 -3881 -1383 19 0
952 1
953 -1 -1 741 8 0 16 4 1 20 0 0 1 0 0
954 1
955 -1 -1 1481 8 0 1 0 0 10 2 0 0 4 1
956 -1 -1 1480 8 0 2 0 10 15 0 30 1 1 740 4295 6916 -1987 -7461 307 370 -2449 172 -2263 7879 15 185 -71 2715 3475 -5267 55 0
957 1
958 -1 -1 369 8 0 10 0 7 2 0 0 0 18 0
959 0
960 1
961 -1 -1 1475 8 0 15 1 0 26 1 1 9 2 1
962 -1 -1 1474 8 0 7 0 0 13 0 12 0 0 737 968 -5577 -4404 -5982 0 1
963 -1 -1 736 8 0 20 0 2 1 0 0 0 2 368 2466 -5812 3700 5983 169 184 -4008 -5672 2758 -5597 119 92 -1381 2683 1967 -7623 2 46 3870 4778 -4866 6535 117 23 -28 3678 -919 1113 6 0
964 0
965 0
966 1
967 -1 -1 183 8 0 1 11 0 1 8 33 0 15 0
968 1
969 -1 -1 365 8 0 18 0 0 21 0 0 2 0 0
970 0
971 1
972 -1 -1 1459 8 0 1 2 2 2 20 0 0 0 1
973 -1 -1 1458 8 0 4 5 25 7 2 15 4 2 729 325 1458 -3552 6672 9 0
974 1
975 -1 -1 1457 8 0 2 0 0 0 3 0 6 4 1
976 -1 -1 1456 8 0 9 4 0 20 0 23 1 1 728 -191 3006 -4822 7067 328 364 -3633 -5275 2651 -6147 11 182 -3595 -5034 -4343 5255 9 91 -2988 -6043 -1638 764 45 0
977 0
978 0
979 0
980 1
981 -1 -1 1455 8 0 32 0 0 7 5 1 24 0 0
982 1
983 -1 -1 2909 8 0 0 0 8 0 0 0 0 0 0
984 1
985 -1 -1 5817 8 0 2 0 0 0 0 1 0 2 1
986 -1 -1 5816 8 0 2 0 0 5 0 0 77 0 2908 814 7838 3992 -5685 173 1454 -4061 6249 -4801 -3924 24 727 -2005 -3384 -2326 7855 5 0
987 1
988 -1 -1 1453 8 0 11 3 0 1 0 0 23 0 1
989 -1 -1 1452 8 0 11 18 0 17 0 13 1 1 726 -3854 -984 -1560 4706 259 363 -1794 -210 2141 -3936 19 0
990 1
991 -1 -1 725 8 0 1 0 0 1 0 0 14 0 0
992 1
993 -1 -1 1449 8 0 8 0 0 0 2 14 0 0 1
994 -1 -1 1448 8 0 19 1 0 3 4 1 0 41 724 4707 1345 -4967 3435 10 362 -3660 -4314 -1148 -2691 12 181 -3418 1828 4114 636 191 0
995 0
996 1
997 -1 -1 723 8 0 5 0 0 2 0 2 0 29 1
998 -1 -1 722 8 0 6 0 0 8 0 23 0 0 361 -1233 -4407 4890 -4048 398 0
999 1
1000 -1 -1 721 8 0 6 2 0 0 0 1 0 9 0
1001 1
1002 -1 -1 1441 8 0 16 1 2 10 4 13 0 0 1
1003 -1 -1 1440 8 0 50 1 0 9 0 1 1 0 720 819 -1892 -1267 -2589 5 360 1645 -4702 -3532 -6492 180 180 -2101 -5948 -3674 3583 75 90 -4320 -2459 2317 4771 398 45 849 6382 -476 5494 2 0
1004 0
1005 0
1006 1
1007 -1 -1 359 8 0 1 0 0 3 0 5 0 21 1
1008 -1 -1 358 8 0 20 0 1 4 0 16 0 5 179 -3410 3811 488 2 5 1
1009 -1 -1 178 8 0 32 3 0 5 11 0 0 0 89 -4063 283 3613 2433 22 0
1010 0
1011 1
1012 -1 -1 355 8 0 12 2 0 1 0 0 27 4 1
1013 -1 -1 354 8 0 18 0 0 24 3 7 0 3 177 668 3217 4612 -5654 251 0
1014 1
1015 -1 -1 353 8 0 9 3 0 12 0 5 2 0 0
1016 0
1017 1
1018 -1 -1 1411 8 0 13 0 0 1 0 0 0 2 0
1019 0
1020 1
1021 -1 -1 5643 8 0 34 0 0 0 0 0 0 0 1
1022 -1 -1 5642 8 0 70 0 0 0 0 0 0 0 2821 -4472 -638 -858 2685 194 0
1023 1
1024 -1 -1 5641 8 0 27 0 0 7 0 0 0 0 1
1025 -1 -1 5640 8 0 118 0 0 3 0 0 0 0 2820 -1773 -3120 -1810 -527 7 1410 -2800 -3382 -389 5148 40 705 294 -3782 -2919 -2060 175 1
1026 -1 -1 704 8 0 30 2 0 5 0 1 2 0 352 -3000 -7170 -4557 6522 2 176 3728 6129 818 -7447 5 88 -3742 6020 -2811 -1390 3 44 671 -7035 -1358 -1310 30 22 1119 -512 1238 -6788 0 11 -1636 -640 -1543 -3270 4 0
1027 0
1028 0
1029 0
1030 0
1031 0
1032 1
1033 -1 -1 703 8 0 2 0 0 0 0 0 0 0 0
1034 1
1035 -1 -1 1405 8 0 0 42 1 4 0 0 0 0 0
1036 1
1037 -1 -1 2809 8 0 0 4 0 0 0 0 0 0 0
1038 1
1039 -1 -1 5617 8 0 0 52 0 0 0 0 0 0 1
1040 -1 -1 5616 8 0 0 72 0 0 0 0 0 0 2808 -2234 -5332 -4713 7160 359 1404 -2064 5624 -4633 5807 188 702 -2173 -1056 -2649 -3662 3 351 -1567 2255 -2820 5467 0 1
1041 -1 -1 350 8 0 0 1 0 3 0 3 0 15 175 -470 -6143 -1924 289 356 0
1042 1
1043 -1 -1 349 8 0 0 25 2 9 0 5 0 4 0
1044 0
1045 0
1046 1
1047 -1 -1 2791 8 0 0 0 0 0 0 0 0 21 1
1048 -1 -1 2790 8 0 0 0 0 0 0 0 0 51 1395 84 683 -1956 4055 158 1
1049 -1 -1 1394 8 0 0 0 0 0 0 6 0 0 697 1866 -4219 -4280 -1857 4 1
1050 -1 -1 696 8 0 2 1 0 3 0 6 0 1 348 2571 4831 -1644 4857 2 174 -2190 900 3855 3447 199 87 -4473 6258 2246 3271 216 0
1051 0
1052 1
1053 -1 -1 347 8 0 1 9 0 0 1 0 1 0 0
1054 1
1055 -1 -1 693 8 0 0 1 0 0 1 1 4 0 0
1056 1
1057 -1 -1 1385 8 0 0 0 1 0 5 3 0 9 0
1058 1
1059 -1 -1 2769 8 0 1 2 0 0 0 2 0 9 0
1060 1
1061 -1 -1 5537 8 0 0 0 0 0 0 0 0 5 1
1062 -1 -1 5536 8 0 0 0 0 0 0 0 0 131 2768 -4963 -2727 700 -6198 390 1384 -3554 4683 -4475 7998 16 692 2361 6324 -466 7671 117 346 2483 -5842 -4158 -6753 31 173 -630 4052 -4563 -6003 30 0
1063 0
1064 0
1065 1
1066 -1 -1 1383 8 0 0 17 0 1 0 0 0 2 1
1067 -1 -1 1382 8 0 0 0 0 1 0 1 0 65 691 -3524 -7433 -4350 903 384 1
1068 -1 -1 690 8 0 1 0 0 4 23 0 1 0 345 205 -7723 499 -1417 39 0
1069 0
1070 0
1071 0
1072 1
1073 -1 -1 5519 8 0 0 0 0 0 0 72 0 0 1
1074 -1 -1 5518 8 0 0 0 0 2 0 0 0 0 2759 -878 -4354 -4662 7130 375 1
1075 -1 -1 2758 8 0 9 1 0 2 0 19 0 0 1379 1288 6340 -4389 315 24 1
1076 -1 -1 1378 8 0 0 0 0 15 0 13 0 10 689 -2546 -5469 -190 -7358 0 0
1077 0
1078 1
1079 -1 -1 2755 8 0 0 0 4 1 0 3 0 6 1
1080 -1 -1 2754 8 0 0 49 0 2 2 11 0 1 1377 -3706 2197 3692 -2783 249 0
1081 0
1082 1
1083 -1 -1 5507 8 0 0 0 0 1 0 6 0 41 1
1084 -1 -1 5506 8 0 3 0 0 1 0 40 0 0 2753 -1303 7268 -1313 2390 24 0
1085 1
1086 -1 -1 5505 8 0 7 0 0 2 45 16 0 0 1
1087 -1 -1 5504 8 0 0 3 5 0 0 0 0 5 2752 1977 -5654 3127 2778 224 1376 -1781 6686 -655 -457 9 688 38 1956 4964 2726 218 344 -2098 3602 -826 6146 2 172 -4200 -874 -948 -2371 5 86 4765 4517 -34 652 40 43 -2602 5173 2440 1366 223 0
1088 0
1089 1
1090 -1 -1 171 8 0 2 0 27 5 0 2 0 13 0
1091 1
1092 -1 -1 341 8 0 1 15 0 0 1 0 0 0 0
1093 0
1094 1
1095 -1 -1 1363 8 0 0 0 2 3 0 0 0 0 1
1096 -1 -1 1362 8 0 0 0 0 12 0 57 0 0 681 1717 2089 -4768 4013 109 0
1097 1
1098 -1 -1 1361 8 0 4 0 0 44 0 13 0 0 1
1099 -1 -1 1360 8 0 0 1 1 5 8 1 1 0 680 -3670 1870 3397 -1420 21 340 3122 -6149 -2221 -3333 9 170 4826 4518 4148 -1616 289 85 -4139 -1463 2184 7048 393 0
1100 0
1101 0
1102 1
1103 -1 -1 679 8 0 1 0 0 14 0 2 0 0 0
1104 1
1105 -1 -1 1357 8 0 0 2 0 5 0 0 0 0 0
1106 1
1107 -1 -1 2713 8 0 1 0 0 0 0 0 0 65 1
1108 -1 -1 2712 8 0 1 0 0 4 0 1 0 3 1356 -4011 4732 424 -4499 10 678 -1767 7965 4100 7104 384 339 -268 -6006 -4035 -1619 5 1
1109 -1 -1 338 8 0 0 37 0 2 4 3 0 1 169 -808 -1522 4194 6354 319 0
1110 0
1111 1
1112 -1 -1 675 8 0 0 2 7 11 7 0 10 6 1
1113 -1 -1 674 8 0 2 0 0 5 1 36 2 0 337 1565 7069 118 1147 42 0
1114 1
1115 -1 -1 673 8 0 3 0 0 9 7 2 18 2 0
1116 1
1117 -1 -1 1345 8 0 0 0 0 0 0 5 2 4 0
1118 1
1119 -1 -1 2689 8 0 1 0 0 4 0 0 0 2 0
1120 1
1121 -1 -1 5377 8 0 0 0 3 1 0 0 0 0 1
1122 -1 -1 5376 8 0 0 0 0 4 133 0 0 0 2688 1629 -2883 -719 -7059 15 1344 331 -1648 -1531 5933 384 672 3377 -1545 -3916 5788 359 336 3113 -6384 -1300 -3721 7 168 1441 7198 -4496 3563 2 84 -3008 3749 1347 7903 39 42 1672 -3321 4990 1958 351 21 -673 -7251 -1792 389 52 0
1123 0
1124 0
1125 0
1126 1
1127 -1 -1 335 8 0 0 0 0 6 0 0 0 0 0
1128 0
1129 1
1130 -1 -1 1339 8 0 0 0 0 0 1 0 0 0 0
1131 0
1132 1
1133 -1 -1 5355 8 0 0 0 0 0 0 0 0 7 1
1134 -1 -1 5354 8 0 0 0 0 0 0 0 0 154 2677 -2455 1925 4223 5437 248 1
1135 -1 -1 2676 8 0 0 0 0 0 0 0 0 1 1338 1070 -7240 -732 -131 86 669 -4162 -5023 -2259 -4995 23 1
1136 -1 -1 668 8 0 0 0 0 1 0 0 0 0 334 4125 6447 -470 -1190 207 167 4683 -3957 4960 6749 85 0
1137 0
1138 1
1139 -1 -1 667 8 0 0 42 3 7 1 0 1 15 1
1140 -1 -1 666 8 0 2 1 0 18 0 3 9 30 333 2625 -7641 33 -1667 272 0
1141 1
1142 -1 -1 665 8 0 1 3 0 1 18 0 0 8 0
1143 1
1144 -1 -1 1329 8 0 0 0 0 0 0 0 0 9 0
1145 1
1146 -1 -1 2657 8 0 0 0 2 2 0 2 3 2 0
1147 1
1148 -1 -1 5313 8 0 0 244 0 1 0 0 1 3 1
1149 -1 -1 5312 8 0 0 82 9 9 0 0 0 5 2656 2332 6862 1579 10 71 1328 3583 -949 -4896 5154 133 664 -3035 4266 -1 6242 368 332 -2662 -2158 -453 3220 353 166 -4698 5531 2634 7605 3 83 -4003 3907 4308 -1816 353 0
1150 0
1151 1
1152 -1 -1 331 8 0 1 1 7 4 28 0 0 1 0
1153 0
1154 0
1155 1
1156 -1 -1 2647 8 0 0 0 3 1 0 0 0 0 1
1157 -1 -1 2646 8 0 0 0 0 0 0 0 0 69 1323 4908 7962 -3672 -6959 214 1
1158 -1 -1 1322 8 0 0 0 3 3 0 0 4 6 661 297 -7286 -811 -6974 1 1
1159 -1 -1 660 8 0 0 0 1 6 1 3 15 1 330 -3393 7345 4356 542 237 165 -3683 5679 -438 -1001 82 0
1160 0
1161 1
1162 -1 -1 659 8 0 0 15 30 4 9 1 3 0 0
1163 1
1164 -1 -1 1317 8 0 0 0 4 1 0 0 62 1 1
1165 -1 -1 1316 8 0 0 4 1 1 1 0 0 12 658 -1044 -4042 718 -955 3 329 1185 -247 4323 5337 0 0
1166 1
1167 -1 -1 657 8 0 3 1 0 4 3 11 3 0 0
1168 1
1169 -1 -1 1313 8 0 0 9 19 4 6 0 3 0 0
1170 1
1171 -1 -1 2625 8 0 0 7 6 0 0 0 0 11 0
1172 1
1173 -1 -1 5249 8 0 0 2 0 0 0 11 0 0 1
1174 -1 -1 5248 8 0 0 47 0 6 0 1 1 6 2624 -3876 -6832 2864 5316 192 1312 63 816 -1378 666 182 656 1856 -6910 -4839 -3302 15 328 4519 -4555 718 -781 76 164 -417 -5293 -1284 240 199 82 -2473 5863 2830 5216 7 41 441 -6604 652 -212 213 0
1175 0
1176 0
1177 0
1178 1
1179 -1 -1 655 8 0 2 0 7 2 7 0 4 26 0
1180 1
1181 -1 -1 1309 8 0 0 3 5 11 0 0 5 0 0
1182 0
1183 1
1184 -1 -1 5235 8 0 0 0 0 2 3 0 51 0 1
1185 -1 -1 5234 8 0 1 0 1 4 38 0 0 0 2617 -4198 -6711 3189 3349 293 0
1186 1
1187 -1 -1 5233 8 0 2 0 1 1 2 0 0 0 1
1188 -1 -1 5232 8 0 1 2 0 5 0 0 175 0 2616 487 -800 1545 5431 330 1308 584 -4453 -4242 -4869 2 654 -2484 4810 3255 5835 218 327 -3429 3684 240 4132 308 0
1189 0
1190 0
1191 1
1192 -1 -1 2615 8 0 0 4 5 18 0 6 0 0 0
1193 1
1194 -1 -1 5229 8 0 0 0 0 7 4 1 92 0 1
1195 -1 -1 5228 8 0 2 5 2 8 1 0 14 0 2614 741 1284 3811 936 222 1307 -3915 -2690 1956 -4516 245 0
1196 0
1197 1
1198 -1 -1 5227 8 0 0 0 0 0 1 0 0 13 1
1199 -1 -1 5226 8 0 1 54 0 2 0 0 0 0 2613 -3671 -6631 -4373 6675 329 0
1200 1
1201 -1 -1 5225 8 0 2 5 27 24 0 8 0 3 1
1202 -1 -1 5224 8 0 9 6 15 4 33 3 2 0 2612 -4604 -2749 3511 1963 189 1306 483 -1327 -4525 3404 215 653 4763 -7508 -4695 5834 205 0
1203 0
1204 0
1205 1
1206 -1 -1 5223 8 0 0 0 0 2 6 0 59 0 1
1207 -1 -1 5222 8 0 1 0 0 0 0 0 0 10 2611 4137 7883 -2095 998 224 1
1208 -1 -1 2610 8 0 2 1 1 0 53 0 5 2 1305 607 -3277 4355 -1377 287 0
1209 0
1210 1
1211 -1 -1 5219 8 0 0 0 67 1 0 0 9 0 1
1212 -1 -1 5218 8 0 0 4 43 22 50 0 3 0 2609 2064 7319 -4284 -662 212 0
1213 1
1214 -1 -1 5217 8 0 1 1 23 8 77 0 0 8 1
1215 -1 -1 5216 8 0 0 24 35 17 88 0 47 1 2608 -312 -6787 -4467 -7419 18 1304 -283 -6524 4358 4471 247 652 2362 4967 2401 -7065 399 326 -3172 -1476 -3442 6502 3 163 3699 -7014 1696 2504 306 0
1216 0
1217 0
1218 1
1219 -1 -1 1303 8 0 3 8 3 6 3 0 5 36 0
1220 1
1221 -1 -1 2605 8 0 0 1 0 0 53 0 0 0 1
1222 -1 -1 2604 8 0 0 0 0 1 2 0 13 2 1302 1064 7012 3929 -2896 280 651 -1623 7904 3689 -3791 345 0
1223 0
1224 1
1225 -1 -1 2603 8 0 0 0 5 21 0 0 4 0 0
1226 1
1227 -1 -1 5205 8 0 0 7 2 0 3 0 20 5 1
1228 -1 -1 5204 8 0 0 184 2 11 4 0 1 4 2602 1931 265 -3111 -7455 179 1301 -2526 -7746 4884 -1828 252 0
1229 1
1230 -1 -1 2601 8 0 0 10 4 2 0 1 19 1 0
1231 1
1232 -1 -1 5201 8 0 0 1 4 5 16 0 0 0 1
1233 -1 -1 5200 8 0 0 10 5 1 5 0 3 38 2600 -3321 -719 4443 -7928 170 1300 3025 4179 -3656 480 1 650 -334 -569 2710 -6216 64 325 -2663 6736 3477 -714 322 0
1234 0
1235 0
1236 1
1237 -1 -1 2599 8 0 0 0 1 1 0 0 0 4 0
1238 1
1239 -1 -1 5197 8 0 0 39 1 0 0 0 0 0 1
1240 -1 -1 5196 8 0 0 20 0 1 0 0 10 0 2598 285 7968 -801 315 16 1299 -4134 4529 4694 1638 369 1
1241 -1 -1 1298 8 0 2 2 4 4 2 8 34 0 649 3522 -6526 3712 2972 386 0
1242 0
1243 0
1244 1
1245 -1 -1 5191 8 0 0 1 0 2 7 0 62 0 1
1246 -1 -1 5190 8 0 0 0 7 2 3 0 0 5 2595 -4316 4080 723 3144 0 0
1247 1
1248 -1 -1 5189 8 0 1 2 3 1 0 0 17 6 1
1249 -1 -1 5188 8 0 0 23 114 3 64 0 25 6 2594 2688 7259 2623 -1499 390 1297 3964 -3535 2725 5868 291 0
1250 0
1251 1
1252 -1 -1 5187 8 0 0 52 0 3 0 0 0 0 1
1253 -1 -1 5186 8 0 0 30 27 3 2 0 5 1 2593 1263 -7018 -206 5796 235 0
1254 1
1255 -1 -1 5185 8 0 0 1 31 10 1 1 9 32 1
1256 -1 -1 5184 8 0 0 69 88 20 100 1 23 21 2592 -1154 -2634 -1972 -7101 13 1296 -1958 1533 -3007 5657 218 648 95 -1821 -2652 2856 249 324 2854 -7185 -3303 922 312 162 -4033 2198 4701 -3309 26 81 -4447 -5032 -4522 -2432 1 0
1257 0
1258 0
1259 0
1260 0
1261 1
1262 -1 -1 2591 8 0 3 0 1 5 0 3 9 6 1
1263 -1 -1 2590 8 0 0 0 0 3 1 5 0 39 1295 -2188 5203 698 -1318 287 0
1264 1
1265 -1 -1 2589 8 0 0 0 0 5 8 4 0 2 0
1266 1
1267 -1 -1 5177 8 0 0 4 1 7 0 6 0 0 1
1268 -1 -1 5176 8 0 0 0 0 7 0 3 158 2 2588 -1923 -2020 4176 -3981 337 1294 -937 -1106 -2380 2124 4 647 -3306 3400 -4730 66 28 0
1269 1
1270 -1 -1 1293 8 0 1 0 1 2 0 1 0 42 0
1271 1
1272 -1 -1 2585 8 0 0 0 0 0 2 1 17 0 1
1273 -1 -1 2584 8 0 2 0 13 1 37 3 0 3 1292 2086 5283 -4358 -856 261 646 4974 5644 -185 2516 314 323 -1719 -767 4158 -6359 73 0
1274 0
1275 1
1276 -1 -1 1291 8 0 0 4 0 10 16 0 13 0 0
1277 1
1278 -1 -1 2581 8 0 0 12 0 6 0 0 1 5 0
1279 1
1280 -1 -1 5161 8 0 0 0 4 7 0 1 0 7 1
1281 -1 -1 5160 8 0 0 0 2 3 1 0 0 86 2580 -3545 5339 721 -2407 92 1290 438 -2808 4359 6164 211 645 -4926 -7107 4506 387 336 0
1282 0
1283 1
1284 -1 -1 2579 8 0 1 0 3 1 35 0 0 10 0
1285 1
1286 -1 -1 5157 8 0 0 5 1 16 0 7 0 33 1
1287 -1 -1 5156 8 0 0 1 7 81 28 34 2 6 2578 -2405 143 -2127 -5747 39 1289 205 -4838 -1247 -2088 19 0
1288 0
1289 1
1290 -1 -1 5155 8 0 1 0 84 21 0 2 0 0 1
1291 -1 -1 5154 8 0 0 2 3 39 0 0 17 0 2577 3780 7673 -1354 -2567 53 0
1292 1
1293 -1 -1 5153 8 0 0 2 2 1 27 0 0 5 1
1294 -1 -1 5152 8 0 0 0 39 1 0 0 1 10 2576 -3655 6769 -4583 3651 14 1288 -4965 6524 4572 -7239 6 644 -907 1108 -2730 -4886 16 322 -4801 464 -2598 5736 6 161 -2124 6315 1894 -5494 314 0
1295 0
1296 0
1297 1
1298 -1 -1 1287 8 0 0 0 0 4 0 45 0 0 1
1299 -1 -1 1286 8 0 0 11 2 1 0 0 34 2 643 191 -6702 -1975 2826 304 0
1300 0
1301 1
1302 -1 -1 2571 8 0 0 15 12 5 0 4 0 6 1
1303 -1 -1 2570 8 0 0 0 0 0 8 0 0 45 1285 1309 -4023 -3189 5508 190 0
1304 0
1305 1
1306 -1 -1 5139 8 0 0 0 3 5 0 2 5 21 1
1307 -1 -1 5138 8 0 0 2 1 45 0 5 1 0 2569 -4228 -3237 491 4392 294 1
1308 -1 -1 2568 8 0 0 6 3 11 27 0 5 1 1284 -1413 -17 4597 -7621 17 642 1593 -1362 -3893 -873 189 321 4221 -4226 2390 5643 299 0
1309 0
1310 0
1311 1
1312 -1 -1 2567 8 0 0 2 0 13 0 5 5 4 0
1313 1
1314 -1 -1 5133 8 0 0 146 0 11 0 0 1 4 1
1315 -1 -1 5132 8 0 0 12 4 15 0 0 0 8 2566 679 -3064 3600 -2564 269 1283 -1893 4815 -3845 -5645 9 1
1316 -1 -1 1282 8 0 1 9 23 4 8 5 2 3 641 -4391 -2858 3424 -2930 2 0
1317 0
1318 1
1319 -1 -1 2563 8 0 0 0 0 4 0 9 0 1 1
1320 -1 -1 2562 8 0 1 0 9 27 15 2 13 0 1281 -1546 2311 2844 1696 374 0
1321 0
1322 1
1323 -1 -1 5123 8 0 0 0 5 7 0 1 14 0 1
1324 -1 -1 5122 8 0 0 62 10 6 3 0 4 3 2561 943 -4429 3400 3989 281 0
1325 1
1326 -1 -1 5121 8 0 0 12 7 22 8 0 8 3 1
1327 -1 -1 5120 8 0 0 32 232 21 17 4 34 7 2560 -3274 2761 2844 5969 167 1280 -2847 -3389 4286 293 241 640 -1724 -3284 3256 -298 286 320 -3540 -3695 3803 -6848 237 160 -528 125 -1978 -5315 29 80 -4798 7093 -2107 -597 7 40 -1900 -3375 -887 -54 0 20 -2792 -7699 -934 -560 102 10 -3286 -6373 4855 7150 335 5 -226 -557 3323 597 399 0
1328 0
1329 0
1330 0
1331 0
1332 0
1333 0
1334 1
1335 -1 -1 639 8 0 0 2 0 1 2 49 7 0 1
1336 -1 -1 638 8 0 3 0 3 30 0 21 5 0 319 -154 5896 -450 204 28 0
1337 0
1338 1
1339 -1 -1 1275 8 0 3 0 0 1 2 0 0 0 0
1340 1
1341 -1 -1 2549 8 0 0 0 0 0 0 0 62 0 1
1342 -1 -1 2548 8 0 0 2 0 2 1 4 12 0 1274 4213 7562 1701 7894 16 637 -2868 -6365 -2167 -3996 9 1
1343 -1 -1 636 8 0 5 2 3 13 0 3 7 1 318 4813 1675 -2613 -674 42 159 -4487 3969 -3818 -3497 1 0
1344 0
1345 0
1346 1
1347 -1 -1 1271 8 0 1 1 0 1 27 0 0 0 1
1348 -1 -1 1270 8 0 3 2 0 2 2 3 0 53 635 3705 3068 -4469 2489 400 0
1349 1
1350 -1 -1 1269 8 0 5 1 26 7 1 1 6 1 0
1351 0
1352 1
1353 -1 -1 5075 8 0 2 0 2 12 0 70 1 3 1
1354 -1 -1 5074 8 0 20 15 3 35 0 36 2 2 2537 -1896 825 2815 -5717 396 0
1355 1
1356 -1 -1 5073 8 0 0 0 0 5 0 11 0 10 1
1357 -1 -1 5072 8 0 30 0 5 12 0 0 0 3 2536 -3898 5446 700 1946 12 1268 1552 -235 -1038 -1494 7 634 2804 4762 4841 5905 313 317 1435 5863 1967 1796 25 0
1358 1
1359 -1 -1 633 8 0 3 18 5 3 0 2 0 0 0
1360 1
1361 -1 -1 1265 8 0 21 0 0 5 0 15 0 0 0
1362 1
1363 -1 -1 2529 8 0 3 4 1 17 0 3 0 0 0
1364 1
1365 -1 -1 5057 8 0 0 0 1 1 0 0 0 2 1
1366 -1 -1 5056 8 0 59 0 1 33 4 0 0 0 2528 -1737 7310 -212 -123 28 1264 3163 7576 1980 1404 8 632 -4886 -7297 1897 3305 40 316 -4908 889 3874 7100 400 158 2720 3196 115 -3164 6 79 3846 6205 -2729 6618 26 0
1367 0
1368 0
1369 1
1370 -1 -1 631 8 0 5 0 0 8 4 0 0 0 0
1371 0
1372 1
1373 -1 -1 2523 8 0 0 19 0 0 0 0 0 3 1
1374 -1 -1 2522 8 0 5 9 0 1 0 0 0 33 1261 4543 5788 3337 1281 6 1
1375 -1 -1 1260 8 0 2 0 0 0 0 0 0 63 630 1726 418 3910 -2784 395 315 -2341 -946 -4170 7407 3 1
1376 -1 -1 314 8 0 2 11 10 1 1 0 13 6 157 -369 10 -1822 5621 375 0
1377 1
1378 -1 -1 313 8 0 4 21 1 11 0 5 10 0 0
1379 0
1380 1
1381 -1 -1 1251 8 0 0 10 1 0 0 0 0 0 1
1382 -1 -1 1250 8 0 18 2 3 18 0 8 0 19 625 1475 -2368 4857 -3088 396 1
1383 -1 -1 624 8 0 40 1 0 12 0 3 0 0 312 567 134 -637 -268 1 156 4615 5785 1668 366 10 78 3325 29 4912 -2109 18 39 -2713 5649 1743 -7554 307 0
1384 0
1385 0
1386 0
1387 1
1388 -1 -1 623 8 0 1 0 9 1 2 2 0 0 0
1389 1
1390 -1 -1 1245 8 0 0 0 0 14 1 0 1 0 1
1391 -1 -1 1244 8 0 0 0 1 13 43 0 0 0 622 531 -416 -4493 5747 239 311 4227 5818 -3469 270 374 0
1392 1
1393 -1 -1 621 8 0 5 16 4 13 5 1 1 9 0
1394 1
1395 -1 -1 1241 8 0 3 0 13 21 3 0 0 0 0
1396 1
1397 -1 -1 2481 8 0 0 0 0 2 12 2 2 3 0
1398 1
1399 -1 -1 4961 8 0 0 0 0 3 0 0 43 0 1
1400 -1 -1 4960 8 0 0 1 14 11 4 0 30 0 2480 134 -1170 -2419 5846 228 1240 -2804 2725 1823 2475 8 620 -1934 -1283 493 -6813 274 310 -687 313 3822 -1873 242 155 4847 290 -4749 328 122 0
1401 1
1402 -1 -1 309 8 0 38 0 2 4 0 4 0 8 0
1403 0
1404 0
1405 1
1406 -1 -1 2471 8 0 9 0 0 0 0 0 0 0 0
1407 1
1408 -1 -1 4941 8 0 0 4 1 18 0 17 1 0 1
1409 -1 -1 4940 8 0 5 0 0 39 1 4 0 0 2470 -2519 -3178 1648 3391 39 1235 -1230 6262 229 -6636 399 1
1410 -1 -1 1234 8 0 1 2 24 7 0 9 0 0 617 -459 -3614 -4885 7288 0 0
1411 1
1412 -1 -1 1233 8 0 4 0 36 8 0 0 11 2 1
1413 -1 -1 1232 8 0 5 4 4 13 13 4 6 1 616 4838 -6390 457 6344 0 308 -4658 -7122 2012 5886 2 154 -3984 -5417 3799 -5123 400 77 3820 5051 -1525 988 6 0
1414 0
1415 0
1416 1
1417 -1 -1 615 8 0 4 2 4 0 0 3 0 47 0
1418 1
1419 -1 -1 1229 8 0 2 16 7 2 5 0 0 0 1
1420 -1 -1 1228 8 0 14 1 0 11 12 16 0 13 614 -1494 4449 2664 4325 29 307 -1826 3986 1412 233 21 0
1421 0
1422 0
1423 1
1424 -1 -1 2455 8 0 1 0 0 5 0 1 6 6 0
1425 1
1426 -1 -1 4909 8 0 1 0 0 1 0 0 0 55 1
1427 -1 -1 4908 8 0 0 0 0 0 0 0 0 30 2454 2736 5853 -2979 -3264 320 1227 3804 -3507 -3983 1606 271 1
1428 -1 -1 1226 8 0 2 7 0 2 2 2 21 17 613 4043 1440 -4470 6080 2 1
1429 -1 -1 612 8 0 8 4 0 7 0 12 4 7 306 416 597 3535 -7492 363 153 -1348 5504 -2827 -1015 363 0
1430 0
1431 0
1432 0
1433 1
1434 -1 -1 2447 8 0 0 5 15 4 10 3 22 1 0
1435 1
1436 -1 -1 4893 8 0 0 6 66 7 22 1 0 26 1
1437 -1 -1 4892 8 0 0 12 5 8 13 0 0 31 2446 457 3301 2417 -1788 2 1223 -513 3215 -2860 -3821 347 0
1438 0
1439 1
1440 -1 -1 4891 8 0 0 69 3 0 4 0 0 0 1
1441 -1 -1 4890 8 0 0 1 3 0 0 0 3 0 2445 1258 4541 1955 -4754 278 0
1442 1
1443 -1 -1 4889 8 0 0 55 75 30 76 0 10 35 1
1444 -1 -1 4888 8 0 3 74 5 54 36 4 23 5 2444 1695 7298 1375 -257 21 1222 4451 7784 -3332 -4788 371 611 3963 3587 -3972 3411 245 0
1445 0
1446 0
1447 1
1448 -1 -1 4887 8 0 0 16 3 0 0 0 0 17 1
1449 -1 -1 4886 8 0 0 0 9 0 8 0 2 45 2443 3172 528 -1401 -4845 313 0
1450 1
1451 -1 -1 4885 8 0 1 3 0 6 0 0 21 0 1
1452 -1 -1 4884 8 0 0 65 6 3 2 0 0 14 2442 1254 -876 -4833 2713 252 1221 4954 2500 -914 -6088 251 0
1453 0
1454 1
1455 -1 -1 4883 8 0 0 0 0 2 4 1 0 4 1
1456 -1 -1 4882 8 0 0 0 0 0 1 0 60 0 2441 -1880 6969 672 -3451 4 0
1457 1
1458 -1 -1 4881 8 0 1 35 53 10 61 0 30 5 1
1459 -1 -1 4880 8 0 7 36 12 4 34 0 63 47 2440 4019 7235 250 -2148 26 1220 -781 -2398 2214 -3917 199 610 3491 -1817 1515 7841 4 305 167 4034 -4096 -987 7 0
1460 0
1461 1
1462 -1 -1 1219 8 0 1 0 13 0 1 0 0 0 0
1463 0
1464 1
1465 -1 -1 4875 8 0 0 0 2 1 0 1 0 0 1
1466 -1 -1 4874 8 0 0 75 0 1 0 0 3 0 2437 -2469 2624 -4595 -6871 62 1
1467 -1 -1 2436 8 0 5 5 0 8 0 0 0 1 1218 -4351 2350 3379 -3048 104 609 4997 -5042 2822 714 7 0
1468 0
1469 0
1470 1
1471 -1 -1 4871 8 0 1 3 1 4 3 21 2 33 1
1472 -1 -1 4870 8 0 0 18 7 20 65 12 1 5 2435 -154 4261 3977 -4223 389 0
1473 1
1474 -1 -1 4869 8 0 0 18 4 3 1 0 11 0 1
1475 -1 -1 4868 8 0 0 4 18 44 2 15 14 141 2434 4613 103 999 3595 95 1217 2202 4426 -4181 -166 26 0
1476 0
1477 1
1478 -1 -1 4867 8 0 0 0 7 0 3 10 0 0 1
1479 -1 -1 4866 8 0 8 11 1 88 5 20 11 2 2433 -907 1 362 6058 364 0
1480 1
1481 -1 -1 4865 8 0 14 8 14 16 4 17 5 20 1
1482 -1 -1 4864 8 0 1 54 27 30 7 7 50 1 2432 2484 -958 -3 -6668 277 1216 -3198 3608 -3220 -6301 17 608 -2402 6385 795 -111 18 304 -4352 -5528 -1969 -552 382 152 630 -265 -4276 -4687 163 76 2147 1132 -2799 -4359 364 38 -2907 -2936 -4702 2701 5 19 4917 2026 1719 -7458 387 0
1483 0
1484 0
1485 1
1486 -1 -1 151 8 0 1 2 0 0 14 2 13 0 0
1487 1
1488 -1 -1 301 8 0 50 0 0 0 0 0 0 0 0
1489 1
1490 -1 -1 601 8 0 1 1 0 0 24 0 0 0 0
1491 1
1492 -1 -1 1201 8 0 20 0 0 1 6 0 2 0 0
1493 1
1494 -1 -1 2401 8 0 20 0 0 1 0 0 0 0 1
1495 -1 -1 2400 8 0 7 2 48 3 0 0 0 0 1200 -4962 -6285 -2057 -4468 1 600 4024 3176 -1589 1635 4 300 76 -916 4798 -355 256 150 -2807 -3565 714 -739 13 75 1170 -7467 3281 -144 280 0
1496 0
1497 0
1498 1
1499 -1 -1 599 8 0 0 0 0 0 0 62 0 0 1
1500 -1 -1 598 8 0 3 3 0 0 0 3 0 0 299 -2983 -7296 561 -948 111 0
1501 1
1502 -1 -1 597 8 0 47 0 4 0 3 3 0 0 0
1503 1
1504 -1 -1 1193 8 0 12 0 0 0 0 0 0 0 0
1505 1
1506 -1 -1 2385 8 0 1 0 1 0 0 28 0 0 0
1507 1
1508 -1 -1 4769 8 0 18 0 0 0 0 6 0 0 1
1509 -1 -1 4768 8 0 21 0 0 0 0 45 0 0 2384 5 108 4567 -3565 7 1192 -4737 1731 -1819 1996 1 596 867 -620 -3683 -764 359 298 -2065 -5070 -3022 -2525 4 149 -3256 -6656 4079 -3597 310 0
1510 0
1511 0
1512 1
1513 -1 -1 1191 8 0 21 0 0 0 0 0 0 0 1
1514 -1 -1 1190 8 0 63 0 0 0 0 0 0 0 595 -262 1719 335 -2919 12 1
1515 -1 -1 594 8 0 0 4 0 0 0 0 0 0 297 4878 6435 -4928 -5397 181 1
1516 -1 -1 296 8 0 1 3 4 10 0 0 0 5 148 4664 -7531 -3919 -3399 340 74 -1099 7832 4277 -2436 250 37 -83 -4660 -1150 135 13 0
1517 0
1518 0
1519 0
1520 0
1521 1
1522 -1 -1 1183 8 0 0 0 0 14 0 45 0 0 0
1523 0
1524 1
1525 -1 -1 4731 8 0 7 0 0 6 0 130 0 0 1
1526 -1 -1 4730 8 0 0 0 0 0 0 81 0 0 2365 -1064 2127 -2343 -3628 26 1
1527 -1 -1 2364 8 0 5 0 0 1 1 14 0 0 1182 662 6132 4192 1104 24 591 4483 6744 -81 -467 75 0
1528 1
1529 -1 -1 1181 8 0 4 0 0 15 0 0 0 0 0
1530 0
1531 1
1532 -1 -1 4723 8 0 7 0 0 5 0 5 0 0 1
1533 -1 -1 4722 8 0 11 0 0 6 0 107 0 0 2361 4176 6465 4038 -347 75 0
1534 1
1535 -1 -1 4721 8 0 1 0 0 3 0 33 0 0 1
1536 -1 -1 4720 8 0 22 0 0 21 0 9 10 0 2360 2662 -1875 4613 -5673 23 1180 2412 -500 3167 -7786 42 590 -705 -2037 4551 -3349 44 295 1847 7320 -2643 -3203 38 0
1537 0
1538 1
1539 -1 -1 1179 8 0 1 0 0 7 3 2 0 0 0
1540 0
1541 1
1542 -1 -1 4715 8 0 1 0 0 2 0 0 0 0 1
1543 -1 -1 4714 8 0 1 0 0 4 0 86 0 0 2357 -4457 -650 -4917 -3187 354 1
1544 -1 -1 2356 8 0 2 0 0 2 0 0 0 0 1178 759 3029 -4589 -3268 72 589 4752 3 -882 2665 40 0
1545 0
1546 1
1547 -1 -1 2355 8 0 1 0 0 24 0 37 0 0 0
1548 1
1549 -1 -1 4709 8 0 16 0 0 12 0 52 1 0 1
1550 -1 -1 4708 8 0 17 0 0 28 3 8 8 0 2354 3865 -5746 -3286 -6829 17 1177 -738 7506 2730 2377 21 0
1551 0
1552 1
1553 -1 -1 4707 8 0 0 0 0 5 2 5 78 0 1
1554 -1 -1 4706 8 0 1 0 0 17 50 19 18 0 2353 4051 1222 -504 4496 310 0
1555 1
1556 -1 -1 4705 8 0 9 0 0 7 0 24 17 0 1
1557 -1 -1 4704 8 0 15 0 0 45 1 10 2 0 2352 -2592 4700 2356 -7402 30 1176 3599 3837 -1555 -3167 37 588 -1487 -7852 -4986 -4132 2 294 -270 2432 -2829 -6366 76 147 2159 -536 2962 -2702 11 0
1558 1
1559 -1 -1 293 8 0 7 1 3 3 2 2 3 3 0
1560 0
1561 1
1562 -1 -1 1171 8 0 5 0 0 6 0 30 0 0 1
1563 -1 -1 1170 8 0 4 0 0 45 0 12 1 0 585 2433 -1933 -1358 -6166 38 0
1564 1
1565 -1 -1 1169 8 0 5 0 0 12 0 6 4 0 0
1566 1
1567 -1 -1 2337 8 0 3 0 0 6 0 5 1 0 0
1568 1
1569 -1 -1 4673 8 0 0 0 0 1 0 1 0 1 1
1570 -1 -1 4672 8 0 1 0 0 126 0 1 0 0 2336 4848 4939 1247 1499 118 1168 -413 -7798 -4885 4734 397 584 2893 -447 4304 3971 80 292 2755 1054 -4610 -4765 75 146 328 -6165 698 -1790 5 73 -2036 -6592 -3975 5580 400 0
1571 0
1572 0
1573 0
1574 0
1575 0
1576 1
1577 -1 -1 4671 8 0 10 0 0 15 0 138 0 0 1
1578 -1 -1 4670 8 0 5 0 2 13 0 7 0 0 2335 3020 2539 -2618 -4491 41 1
1579 -1 -1 2334 8 0 2 0 0 16 0 1 0 11 1167 -3218 6593 -2776 5010 2 0
1580 0
1581 1
1582 -1 -1 4667 8 0 0 1 0 1 0 0 18 0 1
1583 -1 -1 4666 8 0 8 2 10 60 14 11 7 1 2333 -1508 1265 -4402 -7363 366 0
1584 1
1585 -1 -1 4665 8 0 20 0 0 195 8 182 17 1 1
1586 -1 -1 4664 8 0 27 1 14 320 6 48 7 1 2332 579 5588 368 856 19 1166 -168 -3700 -1444 312 4 583 -540 171 4694 -6779 400 0
1587 0
1588 0
1589 1
1590 -1 -1 4663 8 0 1 1 0 13 0 15 0 0 1
1591 -1 -1 4662 8 0 0 0 39 1 0 13 0 0 2331 3284 -4938 -2826 2597 3 0
1592 1
1593 -1 -1 4661 8 0 2 10 6 19 0 15 5 0 1
1594 -1 -1 4660 8 0 6 1 0 13 0 131 0 0 2330 -3075 5287 3501 -7281 124 1165 3518 -3372 -4898 -1975 16 0
1595 0
1596 1
1597 -1 -1 4659 8 0 40 1 2 133 4 294 33 0 1
1598 -1 -1 4658 8 0 18 0 8 24 16 38 54 0 2329 -3585 386 -2255 -1733 5 0
1599 1
1600 -1 -1 4657 8 0 29 3 67 144 101 44 169 11 1
1601 -1 -1 4656 8 0 91 7 36 212 93 212 45 11 2328 2822 -1341 1261 -6063 21 1164 -4485 4197 18 3037 7 582 -2562 -2751 4990 -1182 395 291 -988 -4552 -4940 -7995 16 0
1602 0
1603 0
1604 0
1605 1
1606 -1 -1 4655 8 0 0 0 4 6 4 0 36 16 1
1607 -1 -1 4654 8 0 2 0 21 8 44 6 8 6 2327 2733 4046 860 514 184 0
1608 1
1609 -1 -1 4653 8 0 3 3 0 16 29 11 112 0 1
1610 -1 -1 4652 8 0 33 20 0 77 30 107 47 6 2326 4019 2078 -3248 2543 10 1163 -355 7858 4496 -2250 247 0
1611 0
1612 1
1613 -1 -1 4651 8 0 0 0 0 5 9 1 0 0 1
1614 -1 -1 4650 8 0 0 2 0 7 2 2 61 0 2325 -2264 7304 -1948 88 17 0
1615 1
1616 -1 -1 4649 8 0 1 0 2 15 0 1 12 13 1
1617 -1 -1 4648 8 0 12 1 115 48 144 12 7 6 2324 3524 6478 -3059 -3497 246 1162 -368 -1631 -4107 6344 246 581 -3217 2497 2577 -5179 18 0
1618 0
1619 0
1620 1
1621 -1 -1 4647 8 0 11 2 0 42 0 1 0 0 1
1622 -1 -1 4646 8 0 5 4 3 6 9 3 21 1 2323 -761 158 2175 -6081 31 0
1623 1
1624 -1 -1 4645 8 0 1 0 0 2 0 9 11 0 1
1625 -1 -1 4644 8 0 51 2 7 127 1 137 0 7 2322 -811 -10 -4667 6049 395 1161 1268 2201 2454 -3913 28 0
1626 0
1627 1
1628 -1 -1 4643 8 0 1 0 0 35 16 5 21 4 1
1629 -1 -1 4642 8 0 13 1 42 28 14 2 9 5 2321 600 1001 -4235 1099 32 0
1630 1
1631 -1 -1 4641 8 0 3 0 9 4 5 24 2 0 1
1632 -1 -1 4640 8 0 3 23 0 14 2 7 0 0 2320 -3845 5762 1281 -422 3 1160 4533 7731 -2681 4358 0 580 -3853 1823 2055 -4799 5 290 648 4960 -424 -1302 24 145 1217 -3008 -1695 -6549 5 0
1633 0
1634 0
1635 0
1636 1
1637 -1 -1 2319 8 0 5 0 0 22 13 12 16 1 0
1638 1
1639 -1 -1 4637 8 0 1 0 0 0 0 13 0 0 1
1640 -1 -1 4636 8 0 0 0 0 1 0 3 78 0 2318 -3328 1780 -46 -6213 58 1159 -238 -3329 4474 -7753 1 0
1641 0
1642 1
1643 -1 -1 4635 8 0 1 0 0 6 6 0 0 0 1
1644 -1 -1 4634 8 0 0 0 6 0 81 0 0 1 2317 4750 -1915 3736 7047 398 1
1645 -1 -1 2316 8 0 0 2 28 4 9 8 18 0 1158 -4170 3370 -3926 -20 20 579 -4047 -708 -869 -7250 17 0
1646 0
1647 0
1648 1
1649 -1 -1 4631 8 0 2 9 0 5 5 1 18 0 1
1650 -1 -1 4630 8 0 1 0 17 38 0 4 1 0 2315 -2167 -4620 -1501 6109 357 0
1651 1
1652 -1 -1 4629 8 0 2 9 4 4 5 0 19 33 1
1653 -1 -1 4628 8 0 1 6 6 28 104 17 9 27 2314 546 1326 4544 3105 145 1157 1064 -5120 -2726 7469 309 0
1654 0
1655 1
1656 -1 -1 4627 8 0 0 62 0 1 0 1 0 0 1
1657 -1 -1 4626 8 0 0 0 5 2 2 1 0 0 2313 -3675 6922 2849 3743 5 1
1658 -1 -1 2312 8 0 0 3 6 28 11 8 4 3 1156 4208 -4028 3924 -5841 11 578 -2230 4731 -4974 7220 0 289 4220 548 2152 6589 390 0
1659 0
1660 0
1661 1
1662 -1 -1 2311 8 0 3 1 3 8 24 5 1 12 0
1663 1
1664 -1 -1 4621 8 0 0 0 1 21 1 7 36 37 1
1665 -1 -1 4620 8 0 19 0 11 260 3 30 37 22 2310 3137 2215 -383 -3561 51 1155 472 6038 -2539 -1518 49 0
1666 0
1667 1
1668 -1 -1 4619 8 0 8 0 8 19 7 1 0 0 1
1669 -1 -1 4618 8 0 0 3 7 8 5 0 0 60 2309 292 -2550 -3909 7554 256 0
1670 1
1671 -1 -1 4617 8 0 0 2 2 1 0 2 32 0 1
1672 -1 -1 4616 8 0 0 1 7 11 63 0 13 5 2308 -4881 -3345 -4011 214 255 1154 -312 2503 -3701 7447 1 577 3389 -795 4379 -7327 1 0
1673 0
1674 1
1675 -1 -1 2307 8 0 6 4 1 9 5 9 0 0 0
1676 1
1677 -1 -1 4613 8 0 0 0 0 3 6 0 1 1 1
1678 -1 -1 4612 8 0 69 1 0 68 2 3 6 0 2306 1565 4496 369 593 28 1153 3415 -7030 253 -3870 38 0
1679 0
1680 1
1681 -1 -1 4611 8 0 11 0 1 29 5 2 0 1 1
1682 -1 -1 4610 8 0 4 0 32 15 1 3 1 0 2305 1205 2149 2787 -5181 11 0
1683 1
1684 -1 -1 4609 8 0 27 1 27 49 5 33 14 17 1
1685 -1 -1 4608 8 0 18 57 13 45 18 23 57 6 2304 466 -4667 4999 -7525 6 1152 4616 -2812 2998 5946 394 576 -769 -2863 -3764 6260 8 288 -477 -3581 -4308 7602 182 144 228 3032 -191 -1671 28 72 1792 7090 -213 -4411 7 36 -1081 -3228 -4012 5312 391 18 4819 6661 -269 187 395 9 358 -237 1579 -6465 139 0
1686 0
1687 0
1688 0
1689 0
1690 0
1691 0
1692 1
1693 -1 -1 1151 8 0 1 0 0 0 0 23 0 20 0
1694 1
1695 -1 -1 2301 8 0 0 0 0 1 0 0 0 0 0
1696 1
1697 -1 -1 4601 8 0 0 0 0 0 0 0 0 13 1
1698 -1 -1 4600 8 0 0 0 0 0 0 0 0 67 2300 1527 -5469 4734 -5328 181 1150 4787 1216 -572 4272 18 575 639 312 -527 5698 397 1
1699 -1 -1 574 8 0 1 5 0 2 0 1 11 0 287 -3675 -3144 -1255 131 45 0
1700 0
1701 1
1702 -1 -1 1147 8 0 1 0 5 0 0 1 37 5 1
1703 -1 -1 1146 8 0 2 4 0 5 25 2 9 9 573 4082 -1988 3794 2156 314 0
1704 0
1705 1
1706 -1 -1 2291 8 0 1 12 3 15 0 7 2 4 1
1707 -1 -1 2290 8 0 0 21 0 0 0 0 0 5 1145 -751 -7065 3974 6806 163 1
1708 -1 -1 1144 8 0 4 1 18 9 2 15 7 0 572 -3859 3643 2132 365 3 286 -2093 449 -1402 3799 197 143 -470 1570 2439 4267 339 0
1709 0
1710 1
1711 -1 -1 571 8 0 1 13 0 0 0 0 3 23 1
1712 -1 -1 570 8 0 7 2 3 2 10 10 21 1 285 1033 1365 4785 -751 225 0
1713 0
1714 0
1715 0
1716 1
1717 -1 -1 4559 8 0 0 6 0 3 0 0 0 0 1
1718 -1 -1 4558 8 0 13 0 0 14 0 98 0 0 2279 -1284 6262 1427 4951 69 1
1719 -1 -1 2278 8 0 40 0 0 6 0 12 0 0 1139 2964 -1533 -620 7051 23 0
1720 0
1721 1
1722 -1 -1 4555 8 0 0 12 0 4 0 0 0 14 1
1723 -1 -1 4554 8 0 0 0 0 45 0 0 1 6 2277 -3059 -7076 2982 5409 390 0
1724 1
1725 -1 -1 4553 8 0 1 3 0 85 0 5 2 0 1
1726 -1 -1 4552 8 0 5 2 0 21 0 37 0 0 2276 4385 -7428 -3962 4840 190 1138 -3889 3394 -1369 -70 7 569 2924 -7930 -3688 1873 396 0
1727 1
1728 -1 -1 1137 8 0 6 4 0 14 1 12 0 0 0
1729 0
1730 1
1731 -1 -1 4547 8 0 2 0 0 0 0 95 0 0 1
1732 -1 -1 4546 8 0 3 0 0 0 0 2 1 0 2273 2293 -3255 2214 -1440 7 0
1733 1
1734 -1 -1 4545 8 0 25 0 0 3 0 35 0 0 1
1735 -1 -1 4544 8 0 7 0 0 8 0 75 0 0 2272 -259 4603 -3824 5344 1 1136 -2262 1238 -220 3692 28 568 4018 -5815 1247 6141 239 284 -2718 -5437 2165 7377 189 142 4576 4926 -971 583 41 71 -3106 1918 1716 4096 126 0
1736 0
1737 0
1738 1
1739 -1 -1 567 8 0 1 0 0 3 24 4 0 4 1
1740 -1 -1 566 8 0 17 6 7 18 0 1 0 15 283 3924 3322 216 -2311 3 0
1741 0
1742 1
1743 -1 -1 1131 8 0 7 0 3 12 0 0 0 0 0
1744 0
1745 1
1746 -1 -1 4523 8 0 4 0 0 2 0 1 0 0 1
1747 -1 -1 4522 8 0 143 0 0 0 0 0 0 0 2261 -4291 4662 -688 -4429 7 0
1748 1
1749 -1 -1 4521 8 0 40 0 0 1 0 0 0 0 1
1750 -1 -1 4520 8 0 34 0 0 22 0 0 0 0 2260 -8 507 -4780 1920 12 1130 -1841 -6438 886 -2800 6 565 3280 7385 -4457 2118 98 0
1751 1
1752 -1 -1 1129 8 0 3 0 1 12 0 38 3 0 0
1753 1
1754 -1 -1 2257 8 0 17 0 0 15 0 4 15 1 1
1755 -1 -1 2256 8 0 49 0 0 6 2 6 1 0 1128 3666 -2956 1475 -2112 7 564 -3482 -2951 4841 -4099 28 282 -1447 -2681 -1359 1071 1 141 -3157 5886 4445 -3923 24 0
1756 0
1757 0
1758 1
1759 -1 -1 1127 8 0 0 0 0 0 2 17 6 0 0
1760 1
1761 -1 -1 2253 8 0 3 0 0 19 0 0 6 0 0
1762 1
1763 -1 -1 4505 8 0 0 0 2 4 4 4 0 1 1
1764 -1 -1 4504 8 0 41 0 0 11 0 3 0 0 2252 -4592 5130 -1836 -5288 4 1126 4837 -7399 -3485 -2381 47 563 2342 -1085 537 -5960 17 0
1765 0
1766 1
1767 -1 -1 2251 8 0 10 0 0 5 6 2 2 18 0
1768 1
1769 -1 -1 4501 8 0 2 0 0 2 0 0 83 0 1
1770 -1 -1 4500 8 0 7 0 0 3 3 1 6 0 2250 -2961 4577 2760 7362 295 1125 -4240 2951 -1753 7534 355 0
1771 0
1772 1
1773 -1 -1 4499 8 0 1 0 0 16 0 1 1 0 1
1774 -1 -1 4498 8 0 0 1 0 6 51 7 2 0 2249 1671 1233 2921 7805 351 0
1775 1
1776 -1 -1 4497 8 0 3 9 39 65 69 1 99 6 1
1777 -1 -1 4496 8 0 9 1 1 86 2 0 37 5 2248 -4079 7299 -4370 3477 0 1124 261 -1662 -1055 7055 351 562 -3652 -2000 4386 6646 355 281 4793 -3027 -1646 6564 391 0
1778 0
1779 1
1780 -1 -1 1123 8 0 1 0 4 18 7 6 0 20 0
1781 1
1782 -1 -1 2245 8 0 5 15 6 2 0 0 0 0 1
1783 -1 -1 2244 8 0 9 7 3 23 6 7 0 0 1122 -793 6729 -2852 -933 12 561 -4451 6694 -1620 -3179 17 0
1784 0
1785 1
1786 -1 -1 2243 8 0 33 0 0 23 0 10 0 0 0
1787 1
1788 -1 -1 4485 8 0 7 1 2 6 0 1 46 0 1
1789 -1 -1 4484 8 0 12 0 4 2 2 1 0 0 2242 2391 -1359 -4098 6136 0 1121 3075 238 -2463 5872 11 0
1790 1
1791 -1 -1 2241 8 0 9 5 12 10 14 4 6 0 0
1792 1
1793 -1 -1 4481 8 0 4 0 42 12 0 0 0 0 1
1794 -1 -1 4480 8 0 24 0 8 5 0 2 0 0 2240 4385 -7947 268 -7474 3 1120 -472 -2791 820 6063 195 560 -2665 6808 -3792 7952 1 280 -859 5767 -3805 -1605 1 140 3379 -4381 -1155 6785 218 70 -967 -1450 741 5745 399 35 -1604 -5595 -169 458 38 0
1795 0
1796 0
1797 1
1798 -1 -1 279 8 0 4 4 2 2 9 2 23 0 0
1799 0
1800 1
1801 -1 -1 1115 8 0 0 5 0 1 0 0 0 0 0
1802 1
1803 -1 -1 2229 8 0 3 1 0 2 0 0 0 4 1
1804 -1 -1 2228 8 0 0 0 0 0 1 0 0 61 1114 -4473 -6466 -3455 -2783 1 557 -3200 4101 -1554 7411 56 0
1805 0
1806 1
1807 -1 -1 2227 8 0 7 3 12 5 0 2 1 1 1
1808 -1 -1 2226 8 0 1 1 5 8 0 1 1 44 1113 543 -654 -1267 -2361 0 0
1809 1
1810 -1 -1 2225 8 0 2 5 11 12 7 17 4 6 1
1811 -1 -1 2224 8 0 2 0 35 5 2 1 4 0 1112 -947 4206 295 -5229 7 556 -3010 -2004 2344 775 9 278 2403 -4441 4908 -1613 131 139 -1049 6124 -4413 -2591 276 0
1812 0
1813 1
1814 -1 -1 555 8 0 3 20 15 7 17 0 2 0 0
1815 1
1816 -1 -1 1109 8 0 5 14 2 7 0 34 0 0 1
1817 -1 -1 1108 8 0 6 8 7 20 3 1 0 24 554 -2060 1762 4630 -3728 20 277 3351 573 -3728 -2421 6 0
1818 1
1819 -1 -1 553 8 0 32 0 0 0 0 0 0 0 0
1820 1
1821 -1 -1 1105 8 0 26 2 0 0 0 0 0 0 0
1822 1
1823 -1 -1 2209 8 0 1 14 1 2 0 0 0 1 1
1824 -1 -1 2208 8 0 11 4 1 32 1 10 0 4 1104 4934 -1272 1168 -6968 30 552 1117 1234 -199 -1284 303 276 -2667 2246 1349 -1089 392 138 1567 5955 1858 654 21 69 -297 7020 2381 688 8 0
1825 0
1826 0
1827 0
1828 1
1829 -1 -1 1103 8 0 0 0 0 2 0 0 0 14 1
1830 -1 -1 1102 8 0 24 0 0 24 0 14 0 0 551 4017 5742 639 2496 4 0
1831 1
1832 -1 -1 1101 8 0 1 0 0 1 3 0 0 0 0
1833 1
1834 -1 -1 2201 8 0 18 0 0 0 0 12 0 0 0
1835 1
1836 -1 -1 4401 8 0 2 1 0 0 0 1 0 0 1
1837 -1 -1 4400 8 0 75 0 0 1 0 0 0 0 2200 -1581 -5644 -494 -7308 3 1100 78 -5893 -1644 138 33 550 4990 -3916 -1866 -7592 97 275 -4754 -2672 2137 4741 22 0
1838 0
1839 0
1840 1
1841 -1 -1 2199 8 0 3 3 0 0 24 0 2 0 1
1842 -1 -1 2198 8 0 19 3 0 9 0 0 7 0 1099 -4489 994 177 5936 29 1
1843 -1 -1 1098 8 0 1 4 1 4 0 1 1 41 549 -4308 2542 4611 -4382 362 0
1844 0
1845 0
1846 1
1847 -1 -1 4391 8 0 0 1 0 24 0 3 0 0 1
1848 -1 -1 4390 8 0 3 1 0 9 0 40 0 1 2195 466 -7409 1249 -2190 166 0
1849 1
1850 -1 -1 4389 8 0 8 0 0 0 1 1 0 0 1
1851 -1 -1 4388 8 0 0 0 12 40 1 9 1 3 2194 -2529 3328 4866 367 392 1097 -4851 -5996 1577 -1550 45 0
1852 1
1853 -1 -1 2193 8 0 2 6 2 0 0 0 19 0 1
1854 -1 -1 2192 8 0 11 1 8 17 3 3 0 0 1096 -2972 982 -360 3860 276 548 -442 -2568 4752 606 2 274 987 2721 4609 -4455 256 137 2962 -6854 4167 20 392 0
1855 0
1856 0
1857 0
1858 0
1859 1
1860 -1 -1 4383 8 0 162 0 0 19 1 44 0 0 1
1861 -1 -1 4382 8 0 103 0 0 26 0 140 0 0 2191 2856 -3088 3124 -3351 0 0
1862 1
1863 -1 -1 4381 8 0 24 0 1 9 0 35 0 0 1
1864 -1 -1 4380 8 0 298 1 0 23 0 9 0 0 2190 4064 -2746 -1617 7992 68 1095 -4135 57 -151 -74 8 0
1865 1
1866 -1 -1 2189 8 0 1 0 0 0 0 1 7 0 0
1867 1
1868 -1 -1 4377 8 0 0 0 6 0 0 0 0 0 1
1869 -1 -1 4376 8 0 44 0 0 47 0 0 0 0 2188 1012 -4771 148 1144 56 1094 -905 -6313 2152 -3889 375 547 1899 -1171 4331 7057 7 0
1870 0
1871 1
1872 -1 -1 2187 8 0 31 0 0 0 8 0 0 0 0
1873 1
1874 -1 -1 4373 8 0 1 1 0 2 5 6 11 0 1
1875 -1 -1 4372 8 0 10 0 0 39 0 0 1 0 2186 -1943 1320 1054 6381 209 1093 4545 1614 -2714 6231 400 0
1876 0
1877 1
1878 -1 -1 4371 8 0 76 0 0 50 0 4 2 0 1
1879 -1 -1 4370 8 0 6 0 0 4 3 6 10 0 2185 -961 -7128 3642 3958 6 0
1880 1
1881 -1 -1 4369 8 0 161 3 0 82 2 31 2 0 1
1882 -1 -1 4368 8 0 2314 0 0 186 0 64 0 2 2184 -1569 -4326 -4359 -7749 13 1092 -3360 2179 3063 7187 189 546 332 1796 -2408 5052 54 273 -3042 -7209 780 -405 28 0
1883 0
1884 0
1885 1
1886 -1 -1 2183 8 0 1 4 2 16 0 0 21 1 1
1887 -1 -1 2182 8 0 3 1 0 2 20 1 9 0 1091 2590 -812 -1001 -7289 4 1
1888 -1 -1 1090 8 0 18 0 0 6 21 0 0 2 545 3585 -2060 -4178 -5832 9 0
1889 0
1890 0
1891 1
1892 -1 -1 4359 8 0 136 0 0 46 0 34 0 0 1
1893 -1 -1 4358 8 0 25 0 1 45 1 2 0 0 2179 1835 -1284 -4875 -3345 334 0
1894 1
1895 -1 -1 4357 8 0 43 0 0 36 0 1 11 0 1
1896 -1 -1 4356 8 0 137 3 0 17 0 1 1 0 2178 3816 172 -4187 -6770 14 1089 4741 -1363 -4495 -3914 45 0
1897 0
1898 1
1899 -1 -1 4355 8 0 0 2 1 0 6 0 0 4 1
1900 -1 -1 4354 8 0 14 2 0 42 0 39 0 0 2177 -680 3620 2927 2142 20 0
1901 1
1902 -1 -1 4353 8 0 19 1 0 33 1 1 3 0 1
1903 -1 -1 4352 8 0 75 0 0 11 17 7 0 7 2176 1638 5312 -4166 6326 16 1088 -1700 4213 -4507 -4111 24 544 982 -79 2791 5108 1 272 2477 -117 1708 5335 151 136 -4408 -4368 -280 4898 1 68 -3071 -6900 4311 -295 86 34 2198 5590 -353 -932 15 17 -775 -5140 1254 6296 83 0
1904 0
1905 0
1906 0
1907 1
1908 -1 -1 271 8 0 1 0 0 13 11 0 17 0 0
1909 1
1910 -1 -1 541 8 0 0 1 0 0 8 0 2 5 0
1911 1
1912 -1 -1 1081 8 0 5 16 11 12 0 16 0 0 1
1913 -1 -1 1080 8 0 10 0 0 0 0 15 0 4 540 -689 7296 -802 3359 8 270 1554 6513 -3649 4338 175 135 1 5830 2715 -4801 35 0
1914 0
1915 0
1916 1
1917 -1 -1 1079 8 0 47 0 0 4 0 1 3 5 0
1918 1
1919 -1 -1 2157 8 0 7 0 0 6 0 18 0 0 0
1920 1
1921 -1 -1 4313 8 0 7 0 0 11 0 8 1 0 1
1922 -1 -1 4312 8 0 30 0 0 47 0 0 0 0 2156 1448 -40 -644 -4767 21 1078 -275 -4220 4654 -7984 33 539 -2311 -7786 3955 -1026 12 0
1923 1
1924 -1 -1 1077 8 0 14 0 0 4 0 1 32 0 1
1925 -1 -1 1076 8 0 32 2 0 1 0 0 3 2 538 2624 706 -4282 -6376 7 269 2198 -4214 -3963 4215 36 0
1926 0
1927 1
1928 -1 -1 1075 8 0 0 0 0 3 0 0 47 0 1
1929 -1 -1 1074 8 0 6 0 0 4 0 7 8 0 537 2491 -1580 2734 -3184 16 1
1930 -1 -1 536 8 0 11 1 6 3 1 21 0 8 268 4728 -5185 -3021 4366 321 134 1728 -3315 3354 4853 397 67 810 3335 1361 499 1 0
1931 0
1932 0
1933 0
1934 1
1935 -1 -1 1071 8 0 1 0 1 24 0 33 0 0 0
1936 1
1937 -1 -1 2141 8 0 0 0 1 3 13 1 0 1 0
1938 1
1939 -1 -1 4281 8 0 0 0 22 5 1 0 8 2 1
1940 -1 -1 4280 8 0 2 0 1 21 1 0 7 1 2140 3173 -2676 -4317 -3116 33 1070 -1595 -6849 -1761 -53 23 535 -1743 -6592 1991 7964 280 0
1941 0
1942 0
1943 1
1944 -1 -1 4279 8 0 2 0 0 6 36 0 0 0 1
1945 -1 -1 4278 8 0 0 0 29 4 25 0 2 0 2139 4000 -3120 -2433 2948 273 1
1946 -1 -1 2138 8 0 3 17 6 5 20 0 2 6 1069 4189 -5624 3238 5339 256 0
1947 1
1948 -1 -1 2137 8 0 0 0 0 0 7 4 0 10 1
1949 -1 -1 2136 8 0 0 0 57 1 2 0 0 6 1068 -2804 -6220 3076 -5777 12 534 2076 -3111 4820 2715 1 267 2929 -3880 2433 -7522 2 0
1950 0
1951 0
1952 1
1953 -1 -1 2135 8 0 1 0 2 10 8 0 21 1 0
1954 1
1955 -1 -1 4269 8 0 0 6 46 3 2 0 0 0 1
1956 -1 -1 4268 8 0 0 0 3 14 0 0 1 0 2134 1028 -4674 -2758 882 243 1067 1001 -7312 -3852 6884 290 0
1957 1
1958 -1 -1 2133 8 0 0 1 32 0 5 0 2 0 0
1959 1
1960 -1 -1 4265 8 0 2 0 4 10 0 1 78 0 1
1961 -1 -1 4264 8 0 2 3 23 16 105 0 112 0 2132 -3635 -5752 1424 -2695 15 1066 -4371 -4249 -4357 -7042 221 533 1159 -935 4904 -5879 12 0
1962 0
1963 0
1964 1
1965 -1 -1 4263 8 0 3 0 0 1 0 1 0 6 1
1966 -1 -1 4262 8 0 1 0 0 0 60 0 72 0 2131 -1778 -5541 -4926 -6015 365 0
1967 1
1968 -1 -1 4261 8 0 9 0 1 2 17 0 0 0 1
1969 -1 -1 4260 8 0 17 49 74 0 14 7 110 28 2130 595 -5943 -4699 -2554 262 1065 1690 -7807 -4596 5038 269 0
1970 1
1971 -1 -1 2129 8 0 20 7 0 0 1 14 15 3 0
1972 1
1973 -1 -1 4257 8 0 3 8 4 11 99 0 5 0 1
1974 -1 -1 4256 8 0 10 12 21 14 24 1 4 28 2128 4120 -7786 -3811 -4956 15 1064 2242 -6703 4680 3323 398 532 3528 -1456 -4023 -1050 190 266 -105 -5934 3972 7803 215 133 -3730 -2751 -3407 -5582 4 0
1975 0
1976 1
1977 -1 -1 531 8 0 5 37 0 0 1 0 3 2 1
1978 -1 -1 530 8 0 4 1 5 10 10 1 27 7 265 1699 -1039 3377 -6017 303 0
1979 0
1980 0
1981 1
1982 -1 -1 2119 8 0 1 41 0 3 0 0 1 1 1
1983 -1 -1 2118 8 0 0 12 29 8 0 0 0 3 1059 3865 -2031 -2529 759 242 0
1984 1
1985 -1 -1 2117 8 0 1 0 1 9 3 13 0 0 1
1986 -1 -1 2116 8 0 7 13 2 27 0 1 0 2 1058 -2619 -4109 3940 7611 306 529 626 -4655 -1918 2938 221 0
1987 1
1988 -1 -1 1057 8 0 2 1 24 2 1 3 0 13 0
1989 1
1990 -1 -1 2113 8 0 1 11 4 4 6 0 8 0 0
1991 1
1992 -1 -1 4225 8 0 7 0 2 28 2 4 0 0 1
1993 -1 -1 4224 8 0 7 6 56 19 68 23 1 0 2112 -2188 703 4509 4779 221 1056 3983 -2696 -174 -4287 32 528 3420 -3067 -645 923 341 264 -435 1708 4191 1818 225 132 -658 5304 1895 -6008 255 66 -3336 4626 1049 4110 0 33 -440 -2392 4047 6070 367 0
1994 0
1995 0
1996 0
1997 0
1998 1
1999 -1 -1 1055 8 0 12 1 0 2 0 3 2 0 0
2000 1
2001 -1 -1 2109 8 0 1 1 0 0 10 19 1 0 0
2002 1
2003 -1 -1 4217 8 0 1 0 0 0 76 1 0 1 1
2004 -1 -1 4216 8 0 0 0 2 2 0 2 0 0 2108 3253 7513 -1939 7491 226 1054 -4863 7385 1737 -764 2 527 3323 2527 -4217 4777 340 0
2005 1
2006 -1 -1 1053 8 0 4 0 0 1 0 4 0 35 0
2007 1
2008 -1 -1 2105 8 0 2 12 11 1 0 0 2 5 1
2009 -1 -1 2104 8 0 12 1 1 4 13 6 4 0 1052 -137 -5799 -96 -4335 3 526 1162 4520 -4827 2543 225 263 946 235 322 6208 34 0
2010 0
2011 0
2012 1
2013 -1 -1 2103 8 0 1 13 0 1 0 1 0 2 0
2014 1
2015 -1 -1 4205 8 0 18 5 0 3 5 18 0 0 1
2016 -1 -1 4204 8 0 3 0 0 3 0 38 0 0 2102 1460 -4063 -100 -4661 0 1051 -2347 4707 2808 -907 218 0
2017 1
2018 -1 -1 2101 8 0 23 1 0 11 0 23 1 0 0
2019 1
2020 -1 -1 4201 8 0 6 0 0 3 0 0 1 0 1
2021 -1 -1 4200 8 0 59 0 0 2 0 0 0 0 2100 2032 -2478 197 -7992 10 1050 1272 -4109 177 1452 24 525 3137 -6938 2539 546 37 0
2022 1
2023 -1 -1 1049 8 0 24 0 10 11 0 5 15 0 0
2024 1
2025 -1 -1 2097 8 0 3 6 0 4 0 0 1 0 0
2026 1
2027 -1 -1 4193 8 0 11 0 0 5 0 2 0 2 1
2028 -1 -1 4192 8 0 68 0 0 1 0 0 0 0 2096 249 6466 1460 -1911 19 1048 -4733 6100 1811 -3019 109 524 3130 2295 -2456 -1202 34 262 1730 -2360 1846 6728 12 131 3597 7111 443 667 23 0
2029 0
2030 0
2031 1
2032 -1 -1 1047 8 0 2 0 0 4 0 18 0 0 0
2033 1
2034 -1 -1 2093 8 0 0 7 3 1 0 5 1 0 1
2035 -1 -1 2092 8 0 1 0 3 0 0 0 0 53 1046 -4471 3154 -3096 -804 12 523 435 -1648 -3457 2478 295 0
2036 0
2037 0
2038 1
2039 -1 -1 4183 8 0 0 1 0 0 0 0 61 0 1
2040 -1 -1 4182 8 0 0 0 1 0 0 0 0 9 2091 4278 3791 438 -1377 286 1
2041 -1 -1 2090 8 0 1 0 0 5 1 2 0 13 1045 72 -5846 379 -67 12 0
2042 0
2043 1
2044 -1 -1 4179 8 0 0 1 0 35 0 1 16 2 1
2045 -1 -1 4178 8 0 6 4 30 51 46 1 9 0 2089 -3700 -7370 751 -379 43 0
2046 1
2047 -1 -1 4177 8 0 0 1 1 12 14 4 3 3 1
2048 -1 -1 4176 8 0 1 0 1 11 0 1 67 0 2088 -1244 -4115 -4817 -7269 8 1044 4356 -7147 -3285 364 2 522 4169 3591 4762 -2862 382 261 -4941 -7995 -4525 2147 336 0
2049 0
2050 1
2051 -1 -1 1043 8 0 0 0 17 0 0 3 0 4 1
2052 -1 -1 1042 8 0 6 31 1 2 0 17 0 0 521 74 -5860 -3703 6307 350 0
2053 1
2054 -1 -1 1041 8 0 9 16 1 2 0 5 1 0 0
2055 0
2056 1
2057 -1 -1 4163 8 0 1 0 78 8 33 0 17 0 1
2058 -1 -1 4162 8 0 0 6 8 19 7 4 15 3 2081 -1730 842 -3104 3935 107 0
2059 1
2060 -1 -1 4161 8 0 1 3 8 30 155 2 5 10 1
2061 -1 -1 4160 8 0 7 4 12 34 105 31 87 3 2080 101 -6482 -3870 -4572 156 1040 3824 -2708 -1129 -5744 4 520 3520 2907 -4932 -2663 399 260 -40 -7547 4443 2618 385 130 4706 5001 1299 6989 2 65 1155 -6542 -16 5251 394 0
2062 0
2063 0
2064 0
2065 1
2066 -1 -1 1039 8 0 8 6 0 3 0 1 0 2 0
2067 1
2068 -1 -1 2077 8 0 0 0 0 0 1 0 5 0 0
2069 1
2070 -1 -1 4153 8 0 34 0 0 3 0 0 0 0 1
2071 -1 -1 4152 8 0 60 0 0 0 0 2 0 0 2076 2935 -3467 3544 2637 22 1038 2146 290 3025 1159 36 519 1751 -1121 -4303 -7500 39 0
2072 1
2073 -1 -1 1037 8 0 11 0 4 0 5 0 2 2 0
2074 1
2075 -1 -1 2073 8 0 0 2 0 2 0 0 0 0 0
2076 1
2077 -1 -1 4145 8 0 7 0 0 0 0 0 0 0 1
2078 -1 -1 4144 8 0 18 0 0 0 0 48 0 0 2072 -2489 1216 4663 -1483 16 1036 3806 123 1613 -7361 59 518 297 935 3825 -7908 42 259 4112 -7572 -2879 1834 11 0
2079 0
2080 1
2081 -1 -1 1035 8 0 0 39 1 0 0 0 0 0 1
2082 -1 -1 1034 8 0 0 3 0 0 2 0 0 60 517 2291 -4404 -4127 7910 86 0
2083 0
2084 0
2085 1
2086 -1 -1 4135 8 0 0 0 0 3 3 10 13 0 1
2087 -1 -1 4134 8 0 4 0 11 3 12 3 2 25 2067 2074 -492 -4384 -6591 62 0
2088 1
2089 -1 -1 4133 8 0 0 2 2 4 2 0 0 12 1
2090 -1 -1 4132 8 0 0 0 75 3 0 1 1 7 2066 -2492 -4597 -839 -2072 5 1033 -3782 6247 2614 -4256 16 0
2091 1
2092 -1 -1 2065 8 0 19 0 0 2 4 17 21 3 0
2093 1
2094 -1 -1 4129 8 0 2 0 6 17 2 32 10 0 1
2095 -1 -1 4128 8 0 32 59 108 75 280 45 21 28 2064 2374 -758 -3929 6647 332 1032 3916 -1323 1524 3047 400 516 -2927 -5860 2992 -7202 228 258 676 -4792 -201 -80 201 129 1324 4582 -1567 -5616 397 0
2096 0
2097 0
2098 0
2099 1
2100 -1 -1 2063 8 0 2 2 10 0 0 0 0 0 0
2101 1
2102 -1 -1 4125 8 0 82 2 0 4 0 50 0 0 1
2103 -1 -1 4124 8 0 7 1 1 14 1 6 0 0 2062 -235 7473 -970 -6436 65 1031 -3448 -6829 -327 1815 301 0
2104 0
2105 1
2106 -1 -1 4123 8 0 3 21 4 5 4 5 0 0 1
2107 -1 -1 4122 8 0 0 1 12 1 55 2 0 5 2061 559 3551 -4748 1270 13 0
2108 1
2109 -1 -1 4121 8 0 7 3 111 23 27 10 1 7 1
2110 -1 -1 4120 8 0 22 0 82 93 29 66 9 1 2060 3520 5466 -705 2683 28 1030 3858 -1175 -1978 -1146 43 515 4128 6476 -4003 -1994 398 0
2111 0
2112 1
2113 -1 -1 2059 8 0 1 0 16 4 6 0 1 2 0
2114 1
2115 -1 -1 4117 8 0 1 0 0 0 0 12 0 8 1
2116 -1 -1 4116 8 0 12 7 4 85 3 19 9 5 2058 -3404 -6589 3967 4009 28 1029 -970 -1445 3001 6257 34 0
2117 0
2118 1
2119 -1 -1 4115 8 0 14 0 3 12 0 97 3 0 1
2120 -1 -1 4114 8 0 148 3 4 108 15 118 0 0 2057 3502 5690 119 7536 2 0
2121 1
2122 -1 -1 4113 8 0 33 20 69 32 4 34 0 0 1
2123 -1 -1 4112 8 0 129 8 8 139 32 69 0 2 2056 -4556 5162 3518 -5122 1 1028 -4515 4383 3443 -6506 7 514 3777 955 3064 -7433 23 257 2909 6273 -760 -1210 25 0
2124 0
2125 0
2126 1
2127 -1 -1 2055 8 0 8 0 0 6 0 0 3 0 0
2128 1
2129 -1 -1 4109 8 0 1 0 18 5 0 0 0 5 1
2130 -1 -1 4108 8 0 2 3 28 0 4 0 11 0 2054 -4796 -7064 2613 5072 116 1027 1588 2132 2095 7872 354 0
2131 0
2132 1
2133 -1 -1 4107 8 0 9 21 1 7 1 1 0 0 1
2134 -1 -1 4106 8 0 24 0 0 72 1 11 0 0 2053 2761 -6563 -1649 -5853 32 0
2135 1
2136 -1 -1 4105 8 0 14 1 5 53 3 11 6 4 1
2137 -1 -1 4104 8 0 14 30 40 31 61 7 1 2 2052 -414 -5424 4060 -6392 3 1026 3897 -6685 -3047 -6382 8 513 574 1909 1235 5544 161 0
2138 0
2139 1
2140 -1 -1 2051 8 0 4 0 0 2 1 14 17 6 0
2141 1
2142 -1 -1 4101 8 0 25 18 6 9 5 3 11 3 1
2143 -1 -1 4100 8 0 2 14 35 0 11 0 0 4 2050 -916 4590 -1508 6820 0 1025 -3039 -3483 2308 -281 310 0
2144 0
2145 1
2146 -1 -1 4099 8 0 12 2 0 30 0 83 0 0 1
2147 -1 -1 4098 8 0 14 2 19 13 7 11 0 2 2049 272 -758 464 -5 1 0
2148 1
2149 -1 -1 4097 8 0 152 30 3 113 3 25 66 21 1
2150 -1 -1 4096 8 0 917 12 31 256 29 105 21 16 2048 1912 632 -4443 7104 125 1024 -593 -7624 22 1097 52 512 569 723 3449 2572 95 256 2054 -3317 3070 7933 170 128 3495 6908 2272 1687 9 64 3341 4678 2831 772 24 32 -1417 -7400 28 4962 189 16 2740 -1235 4194 3216 173 8 -3066 1995 -392 7487 1 4 2371 2435 628 -6810 15 2 -371 -1255 3234 467 140 1 -973 -254 -2127 -6350 135 1 0
