22 serialization::archive 15 0 0 3 0 1 0
0 0 0 0
1 0
2 0
3 0
4 0
5 0
6 0
7 1 1 0
8 -1 -1 511 8 0 19 0 2 1 0 0 0 27 1
9 -1 -1 510 8 0 10 0 12 0 1 3 40 3 255 0 0 -661 7728 -1757 -22 243 1
10 -1 -1 254 8 0 3 0 0 2 24 0 0 0 127 1837 6275 -3967 -2173 300 0
11 0
12 1
13 -1 -1 507 8 0 2 0 0 3 0 0 0 0 0
14 0
15 1
16 -1 -1 2027 8 0 3 0 1 0 0 0 0 0 0
17 1
18 -1 -1 4053 8 0 2 0 6 0 0 0 0 0 0
19 1
20 -1 -1 8105 8 0 0 0 24 0 0 0 0 0 1
21 -1 -1 8104 8 0 0 0 49 0 0 0 0 0 4052 788 404 -2137 -2130 18 2026 -3418 6178 -1897 4613 34 1013 -2393 -4645 -408 -3216 250 1
22 -1 -1 1012 8 0 3 0 0 0 0 0 0 1 506 4444 6214 -3133 2072 8 253 2171 -3753 -3538 -7037 354 1
23 -1 -1 252 8 0 4 0 8 16 3 4 0 0 126 805 7865 -3342 1210 279 63 61 -601 -4485 -2206 390 0
24 0
25 1
26 -1 -1 251 8 0 12 0 8 4 0 2 0 10 1
27 -1 -1 250 8 0 9 33 4 6 0 0 0 0 125 262 4945 2275 5833 0 0
28 0
29 1
30 -1 -1 499 8 0 4 0 0 1 0 0 0 0 0
31 1
32 -1 -1 997 8 0 3 0 0 0 0 0 0 0 0
33 1
34 -1 -1 1993 8 0 2 0 0 0 0 0 0 0 0
35 1
36 -1 -1 3985 8 0 0 0 0 0 32 0 0 0 1
37 -1 -1 3984 8 0 0 0 0 0 42 0 0 0 1992 1307 -455 242 7415 30 996 3900 -4677 4535 -2712 2 498 -3694 1360 -4775 5303 309 249 -3844 1255 2863 3154 66 0
38 1
39 -1 -1 497 8 0 1 20 1 4 7 2 0 1 1
40 -1 -1 496 8 0 16 1 11 1 1 6 0 0 248 -1634 -2285 2297 -2999 16 124 4919 6435 -4942 6426 390 62 -4823 834 1343 -7923 292 31 2774 6621 -2898 1664 22 0
41 0
42 0
43 0
44 1
45 -1 -1 495 8 0 15 0 10 2 0 1 29 0 1
46 -1 -1 494 8 0 4 6 0 3 0 0 0 5 247 -303 -350 993 5221 22 0
47 0
48 1
49 -1 -1 987 8 0 33 0 0 5 0 0 3 6 1
50 -1 -1 986 8 0 12 0 19 4 21 0 1 2 493 -1502 -1023 3139 -5282 398 0
51 0
52 1
53 -1 -1 1971 8 0 6 0 27 0 0 0 0 9 1
54 -1 -1 1970 8 0 14 1 0 0 3 0 3 44 985 -4072 -2723 -1061 6656 197 0
55 0
56 0
57 1
58 -1 -1 7879 8 0 0 35 1 0 0 0 0 0 1
59 -1 -1 7878 8 0 6 25 0 0 0 0 0 15 3939 -1024 5468 -2511 3992 1 1
60 -1 -1 3938 8 0 5 0 0 0 3 0 1 7 1969 4081 -391 4921 -6358 0 0
61 1
62 -1 -1 3937 8 0 6 12 0 0 9 0 0 2 0
63 1
64 -1 -1 7873 8 0 1 0 10 0 0 0 0 0 0
65 1
66 -1 -1 15745 8 0 14 3 6 5 0 0 0 2 1
67 -1 -1 15744 8 0 21 0 0 0 3 0 0 22 7872 -4836 -3005 -1099 -5485 11 3936 3149 5803 -3248 2036 25 1968 -4199 -5193 -4334 -2166 3 984 -2389 604 -2042 5350 20 492 -2705 -114 -3086 5360 400 246 4140 -723 -3522 -7651 5 123 -2480 -5857 -4368 2470 16 0
68 0
69 1
70 -1 -1 491 8 0 2 0 15 0 8 0 0 0 0
71 0
72 1
73 -1 -1 1963 8 0 1 0 5 0 1 0 0 0 1
74 -1 -1 1962 8 0 48 5 0 9 0 0 0 0 981 3186 -186 1176 -2250 17 1
75 -1 -1 980 8 0 0 0 0 0 0 0 0 6 490 101 -418 -3952 4172 0 245 3052 5445 -672 3755 9 0
76 0
77 1
78 -1 -1 979 8 0 26 4 3 0 0 0 0 5 0
79 1
80 -1 -1 1957 8 0 8 0 0 0 0 0 0 8 0
81 0
82 0
83 1
84 -1 -1 15655 8 0 3 0 0 0 0 0 45 0 1
85 -1 -1 15654 8 0 24 0 0 0 0 0 43 0 7827 4019 -2273 338 -1183 10 1
86 -1 -1 7826 8 0 11 0 0 0 0 0 0 0 3913 3608 -3398 1179 -4044 0 1
87 -1 -1 3912 8 0 31 0 0 0 0 6 15 0 1956 852 -1040 -3844 5786 306 978 -1815 2747 -1993 -7787 398 489 -1782 6747 4538 -1729 350 1
88 -1 -1 488 8 0 30 0 1 2 6 0 0 21 244 -1672 -6711 4754 7773 0 122 1940 -6945 -4818 364 8 61 -3702 1925 -1231 -7406 1 0
89 0
90 0
91 1
92 -1 -1 487 8 0 6 14 4 0 0 0 0 0 0
93 1
94 -1 -1 973 8 0 0 24 0 0 0 0 0 0 0
95 1
96 -1 -1 1945 8 0 0 38 0 6 0 0 0 13 0
97 0
98 1
99 -1 -1 7779 8 0 0 13 0 0 0 0 0 31 1
100 -1 -1 7778 8 0 0 0 0 1 0 0 0 25 3889 -3672 6797 -2024 -5265 400 1
101 -1 -1 3888 8 0 1 6 0 0 0 0 0 0 1944 -3255 -767 -4669 -4557 0 972 -3793 6849 -3854 -553 335 486 2481 -6460 465 -2398 321 243 -3657 -4973 1489 5833 383 0
102 1
103 -1 -1 485 8 0 1 17 2 5 3 0 0 13 0
104 0
105 1
106 -1 -1 1939 8 0 1 0 0 0 0 0 0 0 0
107 1
108 -1 -1 3877 8 0 0 2 0 0 0 0 0 8 0
109 1
110 -1 -1 7753 8 0 0 0 0 0 0 0 0 12 0
111 1
112 -1 -1 15505 8 0 0 0 0 0 0 0 0 39 1
113 -1 -1 15504 8 0 0 0 0 0 0 0 0 63 7752 -1742 -1473 3511 -3111 346 3876 1934 -1753 -2790 4135 4 1938 2107 -622 -1651 -516 265 969 -1618 -5940 -474 2077 238 1
114 -1 -1 968 8 0 6 0 0 4 0 1 0 29 484 -4179 6169 3148 5699 365 242 -719 6073 -170 -1475 13 121 -4664 4002 1737 -2651 4 0
115 1
116 -1 -1 241 8 0 4 12 30 2 5 0 0 6 1
117 -1 -1 240 8 0 14 0 2 9 1 3 6 22 120 -1436 3874 2238 6182 35 60 -1227 -110 4762 5185 390 30 -738 560 -2143 5065 2 15 3804 7006 -641 -2645 9 0
118 0
119 0
120 0
121 0
122 1
123 -1 -1 479 8 0 12 0 0 18 0 1 0 0 0
124 1
125 -1 -1 957 8 0 6 0 0 15 0 4 0 0 0
126 0
127 1
128 -1 -1 3827 8 0 0 0 0 8 0 4 0 0 0
129 0
130 1
131 -1 -1 15307 8 0 1 0 0 4 0 3 0 0 1
132 -1 -1 15306 8 0 2 0 0 5 0 136 0 0 7653 -3292 818 -1333 -4235 241 0
133 1
134 -1 -1 15305 8 0 5 0 0 5 0 53 0 0 1
135 -1 -1 15304 8 0 8 0 0 5 0 4 0 0 7652 1253 6279 -1115 -2970 400 3826 4664 6893 2556 -525 6 1913 3941 6010 1154 2410 12 0
136 1
137 -1 -1 3825 8 0 1 0 0 8 0 0 0 0 0
138 1
139 -1 -1 7649 8 0 4 0 0 4 0 32 0 0 1
140 -1 -1 7648 8 0 3 0 0 21 0 17 0 0 3824 2831 3566 4810 2217 12 1912 -2243 1243 3733 -2656 132 956 -1897 6231 2338 6797 2 478 4524 7033 650 1856 23 239 3580 -6080 4104 3016 10 1
141 -1 -1 238 8 0 12 0 0 36 0 3 2 0 119 794 6128 3439 -949 5 0
142 0
143 0
144 1
145 -1 -1 951 8 0 1 0 0 0 0 33 0 0 1
146 -1 -1 950 8 0 2 1 0 25 0 22 0 0 475 3827 6341 -4000 5825 158 1
147 -1 -1 474 8 0 1 1 0 30 0 3 0 0 237 504 -1455 2745 -5321 4 0
148 0
149 1
150 -1 -1 947 8 0 5 0 0 9 8 2 0 1 1
151 -1 -1 946 8 0 1 0 4 11 0 0 0 45 473 -1358 7106 521 -6046 8 0
152 1
153 -1 -1 945 8 0 17 1 1 27 11 0 0 1 1
154 -1 -1 944 8 0 7 12 0 8 0 16 0 0 472 1461 3057 -893 -6101 180 236 4653 5800 -4951 2021 328 118 -1868 6272 679 4111 13 59 3880 4156 -3556 -1840 394 0
155 0
156 0
157 0
158 1
159 -1 -1 943 8 0 2 0 0 1 0 0 0 14 0
160 1
161 -1 -1 1885 8 0 1 0 0 4 1 0 0 4 1
162 -1 -1 1884 8 0 0 58 3 0 0 0 0 1 942 -3355 7414 390 -1058 24 471 3667 641 -4112 2113 245 0
163 1
164 -1 -1 941 8 0 7 0 0 1 1 2 0 1 0
165 0
166 1
167 -1 -1 3763 8 0 2 0 0 1 0 0 0 0 0
168 1
169 -1 -1 7525 8 0 1 0 0 0 0 0 1 0 0
170 1
171 -1 -1 15049 8 0 2 0 0 0 0 0 0 5 1
172 -1 -1 15048 8 0 0 0 0 0 0 0 0 90 7524 151 60 3538 7808 340 3762 157 -3649 4781 7251 296 1881 4252 -7917 -1494 -5402 385 1
173 -1 -1 1880 8 0 2 3 0 4 0 0 0 0 940 3439 -4055 -3750 -1956 0 470 3990 -3335 3060 -7282 395 235 -3912 7107 4852 -7295 292 0
174 0
175 1
176 -1 -1 939 8 0 0 62 0 3 0 0 0 0 1
177 -1 -1 938 8 0 1 6 1 9 0 5 0 3 469 762 6300 3552 2216 8 0
178 1
179 -1 -1 937 8 0 7 0 17 11 0 1 0 29 0
180 1
181 -1 -1 1873 8 0 4 3 17 1 2 0 0 0 0
182 1
183 -1 -1 3745 8 0 12 25 1 9 5 6 0 0 1
184 -1 -1 3744 8 0 22 2 0 29 0 0 0 0 1872 1155 6652 -4107 -4 10 936 1172 4906 -2687 3482 24 468 -4354 3828 -764 1786 4 234 3632 2414 -1201 549 21 117 2124 2380 -3515 4369 141 0
185 0
186 1
187 -1 -1 467 8 0 3 4 0 5 38 2 0 2 0
188 1
189 -1 -1 933 8 0 2 12 30 4 5 0 0 8 0
190 1
191 -1 -1 1865 8 0 9 20 0 7 0 0 0 4 1
192 -1 -1 1864 8 0 3 1 2 29 0 7 0 0 932 -4342 -4332 4899 7698 0 466 1123 4904 -3206 4628 28 233 4520 470 -927 5829 8 0
193 0
194 0
195 1
196 -1 -1 1863 8 0 7 0 0 0 0 0 0 0 0
197 1
198 -1 -1 3725 8 0 4 0 0 24 0 5 0 1 1
199 -1 -1 3724 8 0 2 0 0 8 0 27 0 0 1862 2398 3237 272 2409 2 931 -4980 6538 1745 2931 52 1
200 -1 -1 930 8 0 17 0 0 12 2 0 0 0 465 953 5557 1993 1453 2 0
201 1
202 -1 -1 929 8 0 5 4 14 6 0 1 0 0 0
203 1
204 -1 -1 1857 8 0 7 0 0 8 15 1 0 0 1
205 -1 -1 1856 8 0 9 2 0 36 0 2 0 0 928 4561 7297 4694 3428 28 464 4498 1628 -2941 5754 20 232 4359 6293 -3732 -1662 102 116 30 3740 3242 -7633 253 58 970 -587 2204 -5136 383 29 -97 3600 1696 3295 2 0
206 0
207 0
208 0
209 0
210 1
211 -1 -1 927 8 0 8 2 0 4 46 0 0 0 1
212 -1 -1 926 8 0 16 2 0 1 0 0 11 0 463 4004 -7679 1602 -3407 3 0
213 1
214 -1 -1 925 8 0 13 0 0 0 9 0 0 0 0
215 1
216 -1 -1 1849 8 0 7 1 0 0 0 0 0 0 0
217 0
218 1
219 -1 -1 7395 8 0 1 0 0 0 0 0 0 0 1
220 -1 -1 7394 8 0 0 0 0 0 0 0 69 0 3697 331 1226 3660 2967 22 1
221 -1 -1 3696 8 0 2 0 0 0 0 0 0 0 1848 -1210 857 39 7654 366 924 -207 -2604 4628 -1468 175 462 4104 -894 -2110 -409 10 231 516 -2270 -2688 -2640 6 0
222 0
223 1
224 -1 -1 923 8 0 1 0 0 0 1 0 0 0 0
225 1
226 -1 -1 1845 8 0 2 0 0 0 0 0 0 0 0
227 1
228 -1 -1 3689 8 0 3 0 0 0 0 0 0 0 0
229 1
230 -1 -1 7377 8 0 23 0 0 0 0 0 0 0 1
231 -1 -1 7376 8 0 61 0 0 0 0 0 0 0 3688 4742 -2422 -3455 2742 170 1844 -4498 -2131 4903 3293 72 922 -3418 -3771 4677 5238 180 461 2968 6256 4330 5020 33 1
232 -1 -1 460 8 0 40 4 5 6 3 3 5 0 230 4998 6040 405 -5371 160 115 4002 4128 -665 -1042 5 0
233 0
234 0
235 1
236 -1 -1 919 8 0 15 0 2 6 0 0 2 0 1
237 -1 -1 918 8 0 3 0 47 2 0 0 1 0 459 -501 -253 4825 3751 5 1
238 -1 -1 458 8 0 17 0 0 2 30 1 17 0 229 2661 -4568 4174 3940 8 0
239 0
240 1
241 -1 -1 915 8 0 9 7 43 4 0 0 2 0 0
242 1
243 -1 -1 1829 8 0 17 0 6 0 0 0 0 0 1
244 -1 -1 1828 8 0 6 39 0 9 0 0 1 2 914 -3198 5113 832 -2700 364 457 -2714 -2944 -2569 -7498 399 0
245 0
246 0
247 0
248 1
249 -1 -1 7311 8 0 5 0 0 0 0 0 0 0 1
250 -1 -1 7310 8 0 2 0 0 0 0 0 0 67 3655 -1610 3410 -4538 -1684 6 1
251 -1 -1 3654 8 0 2 0 0 1 0 1 0 0 1827 2999 917 -2484 5462 111 1
252 -1 -1 1826 8 0 9 0 1 1 0 4 0 0 913 613 -6223 -4254 -2365 0 0
253 1
254 -1 -1 1825 8 0 1 10 7 3 0 0 0 0 0
255 1
256 -1 -1 3649 8 0 2 0 7 0 5 0 0 0 1
257 -1 -1 3648 8 0 44 0 0 0 2 0 2 9 1824 2322 -4954 -2718 -7144 132 912 -1290 5409 110 -5315 39 456 2714 2289 -353 1909 7 228 -4454 6672 947 -7276 7 114 4294 -6078 -2117 -7691 354 57 3470 -7992 -4771 -1527 10 0
258 0
259 1
260 -1 -1 227 8 0 4 0 14 0 0 4 45 0 0
261 0
262 0
263 1
264 -1 -1 1815 8 0 4 0 55 3 0 0 0 2 1
265 -1 -1 1814 8 0 8 0 1 7 1 0 0 4 907 2482 3129 4699 -1544 85 0
266 1
267 -1 -1 1813 8 0 0 10 5 1 0 1 0 0 1
268 -1 -1 1812 8 0 52 0 0 3 0 1 0 0 906 -539 5388 4303 4513 2 453 2920 4133 346 5126 4 0
269 1
270 -1 -1 905 8 0 8 7 0 22 0 11 0 1 0
271 0
272 0
273 1
274 -1 -1 7239 8 0 1 0 1 0 0 17 0 0 1
275 -1 -1 7238 8 0 0 0 49 0 0 1 1 0 3619 -1229 184 -3581 3101 9 1
276 -1 -1 3618 8 0 2 0 0 4 2 6 1 0 1809 736 -934 -4518 1438 7 0
277 1
278 -1 -1 3617 8 0 0 0 6 1 1 0 0 0 0
279 1
280 -1 -1 7233 8 0 0 0 0 4 0 0 0 0 0
281 1
282 -1 -1 14465 8 0 3 0 0 0 0 55 0 0 1
283 -1 -1 14464 8 0 2 0 0 3 0 9 0 0 7232 -2102 7071 -2450 1190 4 3616 -1345 -1836 309 7279 16 1808 -1854 6648 -3970 455 37 904 -2435 2619 -3865 -4488 10 452 4821 -2616 2205 -7476 6 226 4127 7002 -3263 -1594 322 113 383 -4523 -4423 7479 174 0
284 0
285 0
286 1
287 -1 -1 903 8 0 2 0 0 9 0 30 0 0 0
288 0
289 1
290 -1 -1 3611 8 0 11 0 0 4 0 5 0 4 0
291 1
292 -1 -1 7221 8 0 43 0 0 4 0 1 0 0 1
293 -1 -1 7220 8 0 44 0 0 0 0 0 0 0 3610 1242 -4426 -2920 2468 349 1805 2051 2392 -546 -3352 10 0
294 1
295 -1 -1 3609 8 0 16 0 0 4 0 37 0 0 1
296 -1 -1 3608 8 0 23 0 0 1 0 0 0 0 1804 4625 -6107 -4026 6155 57 902 -374 -755 4547 5958 10 451 2804 -5993 1106 4406 68 0
297 1
298 -1 -1 901 8 0 6 2 2 14 0 0 0 0 0
299 1
300 -1 -1 1801 8 0 21 0 0 0 0 3 2 0 0
301 1
302 -1 -1 3601 8 0 20 0 0 0 0 0 0 0 0
303 1
304 -1 -1 7201 8 0 11 0 0 0 0 0 0 0 1
305 -1 -1 7200 8 0 42 0 0 22 0 0 0 0 3600 2582 578 2921 6847 37 1800 3842 -1095 -2612 913 26 900 146 6592 -1799 4850 4 450 -1352 7909 4483 2665 6 225 3577 -2915 -3730 -3655 140 0
306 0
307 1
308 -1 -1 899 8 0 33 0 0 6 0 0 2 20 0
309 0
310 1
311 -1 -1 3595 8 0 0 0 0 12 0 3 1 0 0
312 1
313 -1 -1 7189 8 0 3 0 2 0 0 0 0 0 0
314 1
315 -1 -1 14377 8 0 0 0 0 3 0 0 0 2 1
316 -1 -1 14376 8 0 1 68 0 4 0 0 0 0 7188 -250 5065 -4096 6310 32 3594 4228 3120 -2198 2432 34 1797 -4538 2087 -682 813 8 0
317 1
318 -1 -1 3593 8 0 29 26 0 3 0 0 0 2 0
319 1
320 -1 -1 7185 8 0 2 0 30 5 1 0 0 0 1
321 -1 -1 7184 8 0 24 17 7 9 2 2 2 1 3592 4610 -4058 4339 -7962 17 1796 -4256 7912 4059 -4938 384 898 -836 6302 569 652 5 449 4034 -386 1132 -2433 27 0
322 0
323 1
324 -1 -1 1795 8 0 1 5 0 1 0 0 0 20 0
325 1
326 -1 -1 3589 8 0 7 14 0 16 0 1 0 0 1
327 -1 -1 3588 8 0 11 4 18 13 0 0 0 0 1794 1719 -336 -969 -2626 20 897 -119 6485 -1033 2775 371 0
328 0
329 0
330 0
331 1
332 -1 -1 14351 8 0 3 0 0 15 0 0 0 0 1
333 -1 -1 14350 8 0 204 0 0 35 0 1 0 0 7175 -4617 297 -206 1292 35 1
334 -1 -1 7174 8 0 12 2 0 28 0 0 0 0 3587 1768 7839 -2195 -7167 396 0
335 0
336 1
337 -1 -1 14347 8 0 10 0 0 0 0 3 0 0 1
338 -1 -1 14346 8 0 34 0 0 50 0 1 0 0 7173 1335 404 -4051 1480 73 0
339 1
340 -1 -1 14345 8 0 43 61 2 10 0 1 0 0 1
341 -1 -1 14344 8 0 18 2 0 20 3 1 0 0 7172 2916 94 4517 7201 4 3586 3768 1255 608 1223 4 1793 -1042 540 4586 7595 14 0
342 1
343 -1 -1 3585 8 0 12 1 2 15 0 24 0 0 0
344 0
345 1
346 -1 -1 14339 8 0 10 1 0 56 0 0 0 0 1
347 -1 -1 14338 8 0 7 0 0 0 0 0 0 0 7169 -4616 6727 -4792 -7912 134 1
348 -1 -1 7168 8 0 15 0 0 5 0 4 0 0 3584 1846 2982 1915 -6890 154 1792 4021 7973 -1329 4985 7 896 635 2784 2109 7630 3 448 -3566 5630 -3347 3168 7 224 653 514 4696 7585 294 112 2683 -4729 -3938 3280 22 56 4690 7298 592 -85 9 28 3041 3264 -1109 6167 39 14 3243 7364 4114 2895 3 7 -829 -183 2835 3069 131 0
349 0
350 0
351 0
352 0
353 1
354 -1 -1 223 8 0 45 0 0 1 0 0 0 0 0
355 1
356 -1 -1 445 8 0 26 2 4 0 0 4 1 2 1
357 -1 -1 444 8 0 2 0 4 0 0 3 12 29 222 -3519 3869 684 -6894 365 111 2165 -712 -4088 2474 4 0
358 0
359 0
360 1
361 -1 -1 887 8 0 1 0 0 0 0 0 4 37 1
362 -1 -1 886 8 0 6 18 2 6 5 4 7 14 443 -2056 7759 -2465 1955 19 1
363 -1 -1 442 8 0 27 3 7 6 7 0 15 1 221 -4156 -606 1463 -766 6 1
364 -1 -1 220 8 0 10 1 0 10 34 4 0 6 110 897 -5600 1187 4451 0 55 -4205 -5783 -4176 5851 4 0
365 0
366 1
367 -1 -1 219 8 0 12 3 7 4 3 0 0 0 1
368 -1 -1 218 8 0 44 0 3 0 1 1 14 3 109 3248 -4610 -3961 2069 224 0
369 0
370 0
371 0
372 1
373 -1 -1 1743 8 0 0 3 0 0 2 0 0 0 0
374 1
375 -1 -1 3485 8 0 0 0 2 0 0 0 0 0 0
376 1
377 -1 -1 6969 8 0 0 0 0 0 0 0 0 4 0
378 1
379 -1 -1 13937 8 0 0 0 0 0 0 0 0 8 1
380 -1 -1 13936 8 0 0 0 0 0 0 0 0 63 6968 4457 -7017 4623 5963 0 3484 -2206 -391 4647 878 200 1742 743 5637 -2714 2368 363 871 3253 1970 1249 -529 29 0
381 1
382 -1 -1 1741 8 0 0 53 0 0 0 0 0 0 0
383 1
384 -1 -1 3481 8 0 1 0 43 1 15 0 0 0 0
385 1
386 -1 -1 6961 8 0 1 11 28 0 2 0 0 0 1
387 -1 -1 6960 8 0 0 12 5 1 0 0 0 36 3480 2822 -2007 -3086 879 310 1740 -1146 6235 4512 -6252 27 870 2329 2334 346 -7032 359 435 2278 1581 3047 7304 11 0
388 0
389 0
390 0
391 1
392 -1 -1 6959 8 0 0 0 12 0 57 0 0 0 1
393 -1 -1 6958 8 0 0 0 27 0 2 0 0 0 3479 -943 -845 1064 -3022 252 0
394 1
395 -1 -1 6957 8 0 0 1 16 0 0 0 0 0 0
396 1
397 -1 -1 13913 8 0 0 8 0 0 36 0 26 0 1
398 -1 -1 13912 8 0 0 1 4 0 1 0 1 9 6956 4766 3022 -661 3966 82 3478 -2135 421 1968 -5517 298 1739 -901 7460 2925 -2998 260 0
399 0
400 1
401 -1 -1 6955 8 0 0 0 3 0 1 0 39 0 0
402 1
403 -1 -1 13909 8 0 0 0 0 0 53 0 8 0 1
404 -1 -1 13908 8 0 1 0 5 0 0 0 9 3 6954 565 -469 -1988 -2862 307 3477 -1210 -771 -4893 -5541 320 0
405 0
406 1
407 -1 -1 13907 8 0 0 146 13 4 12 0 7 1 1
408 -1 -1 13906 8 0 0 34 4 2 3 0 67 2 6953 190 -66 2957 5182 261 0
409 1
410 -1 -1 13905 8 0 0 0 0 0 0 0 33 0 1
411 -1 -1 13904 8 0 2 87 94 9 43 1 46 5 6952 1270 6833 -3497 -5177 393 3476 3776 -6864 -3319 2317 238 1738 3801 -2516 1360 4451 318 869 4706 3702 2585 -5058 256 0
412 0
413 0
414 0
415 1
416 -1 -1 13903 8 0 0 7 12 0 2 0 0 0 1
417 -1 -1 13902 8 0 0 1 19 5 144 0 3 0 6951 508 -3485 4664 3742 239 1
418 -1 -1 6950 8 0 0 14 1 4 7 0 2 1 3475 335 3797 -4313 2810 219 1
419 -1 -1 3474 8 0 0 13 8 1 11 0 8 25 1737 413 2528 -1799 609 8 0
420 0
421 0
422 1
423 -1 -1 13895 8 0 0 7 113 1 2 0 4 1 1
424 -1 -1 13894 8 0 1 26 23 1 20 0 4 51 6947 1706 238 1498 -3251 191 0
425 1
426 -1 -1 13893 8 0 1 0 24 7 0 0 83 2 1
427 -1 -1 13892 8 0 0 35 32 4 21 0 14 3 6946 281 -100 -4082 7591 249 3473 3676 -7085 -2447 5423 283 0
428 0
429 1
430 -1 -1 13891 8 0 0 0 26 0 36 0 2 1 1
431 -1 -1 13890 8 0 1 4 2 21 70 0 399 27 6945 2709 -650 945 -5071 380 0
432 1
433 -1 -1 13889 8 0 1 123 40 18 51 2 161 199 1
434 -1 -1 13888 8 0 1 25 54 24 117 2 379 92 6944 3214 1229 678 -5808 228 3472 3560 862 -277 88 12 1736 2621 -5845 -2231 -1235 26 868 -385 3465 -2168 1091 6 434 285 1221 4186 -417 231 217 4051 6374 4866 -3482 334 0
435 0
436 0
437 0
438 1
439 -1 -1 3471 8 0 0 29 0 0 0 0 0 16 1
440 -1 -1 3470 8 0 0 0 34 3 1 0 0 0 1735 -3533 -5388 1624 6959 325 0
441 1
442 -1 -1 3469 8 0 0 2 0 4 0 0 0 4 0
443 1
444 -1 -1 6937 8 0 0 0 1 0 0 4 0 0 0
445 1
446 -1 -1 13873 8 0 0 0 0 0 90 0 0 0 1
447 -1 -1 13872 8 0 0 0 0 2 0 0 0 0 6936 1949 2110 4704 412 0 3468 -4676 3087 2717 -945 291 1734 -4769 220 1944 7472 293 867 -2657 -1699 3520 -3025 248 0
448 0
449 0
450 1
451 -1 -1 6935 8 0 0 0 2 4 12 0 1 0 0
452 1
453 -1 -1 13869 8 0 0 0 0 1 2 0 0 5 1
454 -1 -1 13868 8 0 0 1 0 1 0 0 60 0 6934 1065 -706 -3682 4010 47 3467 -418 -2849 4877 5552 157 1
455 -1 -1 3466 8 0 0 26 0 4 1 0 0 4 1733 4560 -7382 766 -5160 35 0
456 0
457 0
458 1
459 -1 -1 13863 8 0 0 0 0 0 0 0 0 60 1
460 -1 -1 13862 8 0 0 0 0 0 12 0 0 4 6931 2413 -6952 -663 24 21 0
461 1
462 -1 -1 13861 8 0 0 1 0 22 0 1 1 3 1
463 -1 -1 13860 8 0 0 5 5 5 0 0 1 48 6930 -3077 -2132 -3659 3171 9 3465 262 -3608 -495 3184 265 0
464 1
465 -1 -1 6929 8 0 0 0 8 1 4 0 3 6 1
466 -1 -1 6928 8 0 1 31 1 4 0 0 0 11 3464 -4550 -1713 3933 6432 1 1732 -3570 3040 3895 3753 212 866 3174 6558 -1781 -1862 11 433 -4648 -5411 2714 4276 310 0
467 0
468 1
469 -1 -1 1731 8 0 0 10 5 1 0 7 1 23 0
470 1
471 -1 -1 3461 8 0 0 3 11 6 3 0 0 1 0
472 0
473 1
474 -1 -1 13843 8 0 0 0 0 1 0 2 11 9 1
475 -1 -1 13842 8 0 0 0 0 2 0 0 103 0 6921 -1635 4454 -153 -1287 11 1
476 -1 -1 6920 8 0 0 0 3 5 0 0 1 0 3460 341 624 -3135 -3691 7 1730 3893 -6589 1506 3335 4 865 -1348 3891 2100 -6003 399 0
477 0
478 1
479 -1 -1 3459 8 0 2 1 57 4 3 0 0 0 0
480 1
481 -1 -1 6917 8 0 0 7 0 9 0 0 21 2 0
482 1
483 -1 -1 13833 8 0 0 1 6 2 32 0 3 0 1
484 -1 -1 13832 8 0 0 16 27 23 13 7 7 8 6916 2186 648 1067 -1242 13 3458 2112 -3810 -2079 1754 48 1729 -2916 -4346 -1055 4812 11 0
485 0
486 0
487 1
488 -1 -1 13831 8 0 0 4 23 0 0 0 13 18 1
489 -1 -1 13830 8 0 1 75 0 0 0 0 34 11 6915 -1834 5209 4687 2529 318 0
490 1
491 -1 -1 13829 8 0 1 5 30 7 0 0 0 1 1
492 -1 -1 13828 8 0 0 50 31 33 2 0 66 1 6914 -2709 2674 -4042 7817 17 3457 -2168 2438 -3304 -2704 252 0
493 1
494 -1 -1 6913 8 0 6 17 0 10 2 0 7 12 0
495 1
496 -1 -1 13825 8 0 0 23 80 25 1 0 2 14 1
497 -1 -1 13824 8 0 0 166 74 23 0 0 3 8 6912 -4990 6498 -777 -1367 4 3456 1907 -971 412 4595 324 1728 -4114 4551 1656 -2842 122 864 4278 -13 -4594 2415 19 432 -906 5422 4359 757 379 216 2015 -7673 -1128 2571 32 108 -62 185 -3058 3466 180 54 -314 547 -2636 903 396 27 -1992 631 -358 -6798 400 0
498 0
499 1
500 -1 -1 107 8 0 6 10 2 3 0 2 23 15 0
501 1
502 -1 -1 213 8 0 3 0 2 4 21 0 0 27 0
503 1
504 -1 -1 425 8 0 2 7 0 0 0 0 0 2 0
505 0
506 0
507 0
508 1
509 -1 -1 6799 8 0 0 0 0 0 0 0 0 1 0
510 1
511 -1 -1 13597 8 0 0 0 0 0 0 0 0 3 1
512 -1 -1 13596 8 0 0 0 0 0 0 0 0 111 6798 -3936 1499 -3492 2071 266 3399 -3114 424 2276 -6102 25 0
513 1
514 -1 -1 6797 8 0 0 0 0 0 0 0 0 25 0
515 1
516 -1 -1 13593 8 0 0 0 0 0 0 0 0 6 1
517 -1 -1 13592 8 0 0 0 0 0 0 0 0 69 6796 -4981 4996 471 -3631 388 3398 -2699 -923 2287 -6642 283 1699 2052 -7040 -2224 -4627 120 1
518 -1 -1 1698 8 0 1 0 0 0 0 0 0 0 849 2381 6148 2692 4988 0 1
519 -1 -1 848 8 0 0 1 0 11 0 0 0 51 424 -4053 2813 -273 -843 11 212 419 2647 -345 7846 398 106 -4850 -4480 -1695 4798 32 53 -833 565 -2561 2562 2 0
520 0
521 0
522 1
523 -1 -1 423 8 0 3 2 0 3 0 0 0 6 0
524 1
525 -1 -1 845 8 0 3 0 0 1 0 0 0 0 0
526 1
527 -1 -1 1689 8 0 0 0 0 0 0 0 67 0 1
528 -1 -1 1688 8 0 0 0 0 1 1 0 1 0 844 -3536 4270 1915 243 1 422 -2083 -3703 3158 -7159 350 211 4263 -6913 -898 -7903 54 0
529 0
530 0
531 0
532 1
533 -1 -1 3375 8 0 0 26 0 2 12 0 0 0 0
534 1
535 -1 -1 6749 8 0 2 0 0 1 7 0 0 0 0
536 1
537 -1 -1 13497 8 0 0 1 0 1 0 0 5 2 1
538 -1 -1 13496 8 0 0 0 1 1 0 0 1 66 6748 -4359 -131 -2268 -1901 8 3374 -533 36 -3254 3455 5 1687 2662 7378 4709 1138 9 0
539 1
540 -1 -1 3373 8 0 2 0 21 0 1 0 9 0 0
541 0
542 1
543 -1 -1 13491 8 0 1 0 2 0 0 0 0 0 1
544 -1 -1 13490 8 0 0 84 0 0 0 0 0 0 6745 3946 -2909 1988 7116 111 1
545 -1 -1 6744 8 0 3 1 0 1 0 0 0 5 3372 -1857 2881 -1594 -2290 0 1686 3228 6679 1796 763 213 843 -2281 6735 -3270 -2754 5 0
546 1
547 -1 -1 1685 8 0 2 2 11 3 3 0 0 4 1
548 -1 -1 1684 8 0 0 0 1 0 45 0 0 0 842 -3093 -823 -2257 -3828 0 421 -4395 5471 -2225 -7337 335 0
549 1
550 -1 -1 841 8 0 1 0 9 0 21 1 2 12 0
551 0
552 0
553 1
554 -1 -1 6727 8 0 0 0 0 2 0 0 0 4 0
555 1
556 -1 -1 13453 8 0 0 0 0 0 0 0 0 25 1
557 -1 -1 13452 8 0 0 0 0 0 0 0 0 55 6726 -4049 3938 1126 -1404 101 3363 961 -1066 -1481 7414 316 1
558 -1 -1 3362 8 0 1 0 0 11 3 0 2 18 1681 4683 -6352 -1989 7657 105 1
559 -1 -1 1680 8 0 0 4 0 23 0 0 6 17 840 -4146 3549 4942 3564 293 420 -3992 6395 465 -1876 154 210 -831 290 3653 -7110 305 105 2197 -1158 467 -5895 373 0
560 0
561 0
562 1
563 -1 -1 839 8 0 0 4 40 0 0 0 0 3 0
564 0
565 1
566 -1 -1 3355 8 0 0 0 1 0 0 0 8 0 0
567 1
568 -1 -1 6709 8 0 0 0 0 0 0 0 0 43 1
569 -1 -1 6708 8 0 0 0 0 0 0 0 0 38 3354 117 4972 2650 -4726 43 1677 1880 697 -310 -7030 375 1
570 -1 -1 1676 8 0 0 10 10 2 1 0 0 1 838 27 -685 2206 -6891 305 419 239 2779 -3662 5834 344 0
571 1
572 -1 -1 837 8 0 3 1 51 0 0 0 0 2 0
573 0
574 0
575 1
576 -1 -1 6695 8 0 0 2 0 2 0 0 1 1 0
577 1
578 -1 -1 13389 8 0 0 19 0 1 0 0 0 2 1
579 -1 -1 13388 8 0 0 271 1 0 0 0 0 0 6694 1630 1443 2169 5042 301 3347 662 -4793 2136 -1284 136 1
580 -1 -1 3346 8 0 1 29 12 1 0 0 5 4 1673 -4525 6648 -2774 3421 8 0
581 0
582 1
583 -1 -1 6691 8 0 0 8 0 4 0 0 0 7 0
584 1
585 -1 -1 13381 8 0 0 0 4 0 14 0 1 0 1
586 -1 -1 13380 8 0 0 1 49 0 2 0 0 0 6690 1068 5485 3975 -2697 296 3345 3270 -1609 -4981 -6911 180 0
587 1
588 -1 -1 6689 8 0 0 7 0 2 0 0 0 29 0
589 1
590 -1 -1 13377 8 0 0 1 2 0 0 0 16 0 1
591 -1 -1 13376 8 0 0 128 16 2 13 0 4 15 6688 4553 1494 2151 -1379 80 3344 3233 2005 -1894 -4506 166 1672 4103 7340 -2391 -3955 263 836 -4808 4965 -1299 -6179 195 418 433 -514 4258 -1285 381 209 1765 2468 4342 4530 305 0
592 1
593 -1 -1 417 8 0 22 2 6 0 0 2 0 7 0
594 0
595 1
596 -1 -1 1667 8 0 2 10 3 1 4 1 9 1 1
597 -1 -1 1666 8 0 2 1 51 7 0 0 0 1 833 -2493 227 3419 -3999 12 0
598 1
599 -1 -1 1665 8 0 0 16 4 2 4 3 26 0 0
600 1
601 -1 -1 3329 8 0 3 40 8 4 0 0 0 0 0
602 0
603 1
604 -1 -1 13315 8 0 1 10 0 4 0 0 0 0 1
605 -1 -1 13314 8 0 2 3 8 1 72 1 1 0 6657 -1270 6698 1995 -6161 272 0
606 1
607 -1 -1 13313 8 0 2 0 0 3 15 0 2 6 1
608 -1 -1 13312 8 0 3 33 12 6 9 0 1 16 6656 -2168 7355 -669 -7408 387 3328 205 -88 -3694 3510 189 1664 1870 -3106 3882 3227 363 832 -2979 -1093 443 -2707 224 416 -3627 -7580 -3603 6420 219 208 -384 -513 4649 6878 398 104 -409 1329 -3024 -6732 229 52 -4685 3338 -1676 -6289 303 26 4702 -5142 2413 7260 376 13 158 1774 -1473 2330 0 0
609 0
610 0
611 0
612 0
613 0
614 1
615 -1 -1 831 8 0 33 0 0 1 0 4 0 2 0
616 1
617 -1 -1 1661 8 0 1 6 0 1 0 0 48 0 1
618 -1 -1 1660 8 0 8 0 0 3 0 0 0 3 830 2763 5064 209 3269 8 415 4816 -3909 -4989 -2313 396 0
619 0
620 1
621 -1 -1 1659 8 0 0 1 0 0 31 0 0 0 0
622 1
623 -1 -1 3317 8 0 15 3 4 0 2 0 0 0 0
624 1
625 -1 -1 6633 8 0 1 0 0 0 5 0 0 0 0
626 1
627 -1 -1 13265 8 0 0 0 0 1 0 0 0 3 1
628 -1 -1 13264 8 0 0 130 0 2 1 0 0 0 6632 -2984 -3576 -938 -823 3 3316 1651 3089 2602 7619 11 1658 715 2058 473 -7388 397 829 -2532 -2629 832 6759 0 0
629 1
630 -1 -1 1657 8 0 0 1 0 3 5 24 15 3 1
631 -1 -1 1656 8 0 2 23 0 1 2 0 0 19 828 -3906 3716 2218 -7147 299 414 -1656 5188 -4324 203 10 207 4971 -1906 736 -7647 373 0
632 1
633 -1 -1 413 8 0 7 5 3 32 3 13 1 2 0
634 0
635 0
636 1
637 -1 -1 3303 8 0 0 17 2 0 7 0 0 0 0
638 1
639 -1 -1 6605 8 0 0 14 2 0 0 0 0 0 0
640 1
641 -1 -1 13209 8 0 0 0 63 2 0 0 0 0 1
642 -1 -1 13208 8 0 0 9 0 1 0 0 0 0 6604 4924 7138 1627 3737 18 3302 677 6863 -1720 -623 332 1651 -4185 -910 -3035 -5293 9 1
643 -1 -1 1650 8 0 2 36 0 0 0 0 0 0 825 2577 5589 -1514 3528 13 0
644 0
645 0
646 1
647 -1 -1 6599 8 0 0 0 0 0 1 0 2 4 0
648 1
649 -1 -1 13197 8 0 0 0 199 0 0 0 0 0 1
650 -1 -1 13196 8 0 0 2 107 0 9 0 0 0 6598 2881 3574 -4524 751 347 3299 581 688 1901 -7425 350 1
651 -1 -1 3298 8 0 0 1 22 0 27 0 6 0 1649 2604 6484 -4662 -4274 339 1
652 -1 -1 1648 8 0 2 7 9 1 38 2 2 8 824 -487 450 370 -6254 271 412 -4466 1419 -3296 -2066 11 206 528 811 -881 -2278 334 103 4796 2525 -756 -5924 382 0
653 0
654 0
655 1
656 -1 -1 823 8 0 2 0 41 3 11 0 0 4 1
657 -1 -1 822 8 0 2 3 1 10 27 5 8 2 411 4441 -4653 -531 -3763 373 0
658 0
659 1
660 -1 -1 1643 8 0 0 0 12 5 0 1 0 0 0
661 1
662 -1 -1 3285 8 0 0 0 0 2 5 0 0 13 0
663 1
664 -1 -1 6569 8 0 0 0 0 1 0 0 1 1 0
665 1
666 -1 -1 13137 8 0 0 0 0 1 0 0 0 0 1
667 -1 -1 13136 8 0 0 0 0 0 0 0 0 154 6568 4888 -1705 549 -133 397 3284 4363 2458 -377 6681 358 1642 -650 7662 -4693 4341 251 821 -4120 -1038 2793 1120 398 0
668 1
669 -1 -1 1641 8 0 3 2 33 0 7 1 3 1 1
670 -1 -1 1640 8 0 0 0 0 9 9 0 4 8 820 3527 -7859 2735 6100 0 410 2581 6783 -3172 3812 150 205 -2781 2713 -4281 -4567 67 0
671 0
672 0
673 1
674 -1 -1 1639 8 0 0 0 22 0 4 1 0 17 0
675 0
676 1
677 -1 -1 6555 8 0 1 22 5 6 33 0 0 1 0
678 1
679 -1 -1 13109 8 0 0 4 0 1 0 0 0 2 1
680 -1 -1 13108 8 0 0 1 0 2 91 1 0 0 6554 -4253 3946 -983 -1317 393 3277 3149 6157 -2650 -4795 337 0
681 1
682 -1 -1 6553 8 0 0 41 3 1 4 13 0 0 1
683 -1 -1 6552 8 0 1 0 0 6 6 0 0 0 3276 -582 1941 -4014 -7347 309 1638 -4328 7853 -549 1745 6 819 3541 -4110 -3405 -1622 18 0
684 0
685 1
686 -1 -1 3275 8 0 0 41 0 5 0 0 0 0 1
687 -1 -1 3274 8 0 0 9 12 4 9 0 4 2 1637 1160 7700 4642 -2302 94 0
688 0
689 0
690 1
691 -1 -1 13095 8 0 0 4 1 12 76 3 0 0 1
692 -1 -1 13094 8 0 0 3 6 5 10 0 7 5 6547 476 4824 -530 -1720 17 0
693 1
694 -1 -1 13093 8 0 1 0 64 9 21 0 0 0 1
695 -1 -1 13092 8 0 1 0 8 21 4 3 4 0 6546 3927 2634 4864 -857 7 3273 4844 2013 -3524 7362 57 0
696 0
697 1
698 -1 -1 13091 8 0 0 3 2 3 59 0 0 0 1
699 -1 -1 13090 8 0 0 16 317 7 46 0 1 1 6545 -3107 6469 80 7960 8 0
700 1
701 -1 -1 13089 8 0 0 1 47 6 1 0 6 1 1
702 -1 -1 13088 8 0 0 1 0 1 0 0 5 16 6544 3039 1478 4669 -6978 0 3272 2755 5641 -4647 -5787 233 1636 3424 678 -2338 4294 1 818 898 7362 3386 -6916 323 409 -2745 6835 283 -4297 311 0
703 0
704 0
705 1
706 -1 -1 3271 8 0 0 16 13 4 0 0 0 0 0
707 1
708 -1 -1 6541 8 0 0 0 0 0 2 0 0 62 1
709 -1 -1 6540 8 0 0 18 0 0 4 0 1 9 3270 1392 4035 -4952 4858 298 1635 -983 1974 -2243 7266 375 0
710 1
711 -1 -1 3269 8 0 0 5 0 1 1 0 0 40 0
712 1
713 -1 -1 6537 8 0 0 1 18 0 1 0 1 4 0
714 1
715 -1 -1 13073 8 0 0 0 0 10 16 0 29 0 1
716 -1 -1 13072 8 0 1 0 17 12 348 3 23 17 6536 -2080 1206 -1559 6562 261 3268 -4358 2250 2242 -6591 272 1634 3712 -4493 -727 78 54 817 -656 1325 4406 -5133 294 0
717 0
718 1
719 -1 -1 3267 8 0 1 0 0 0 0 0 2 21 0
720 1
721 -1 -1 6533 8 0 0 22 0 0 3 0 0 0 0
722 1
723 -1 -1 13065 8 0 0 1 26 4 30 0 0 2 1
724 -1 -1 13064 8 0 1 8 4 7 111 0 0 0 6532 -308 7275 -4035 -126 257 3266 3996 424 4398 3442 8 1633 -2126 6195 1223 -2054 397 0
725 0
726 1
727 -1 -1 6531 8 0 1 0 0 9 13 1 0 0 1
728 -1 -1 6530 8 0 2 7 18 4 11 0 4 20 3265 3701 -525 3953 -1108 1 0
729 1
730 -1 -1 6529 8 0 0 1 25 5 0 0 0 7 0
731 1
732 -1 -1 13057 8 0 1 176 6 10 1 0 4 2 1
733 -1 -1 13056 8 0 3 27 6 14 10 0 11 6 6528 3941 -629 -559 4734 6 3264 -191 -3070 1859 -6181 211 1632 4584 6424 -4128 1012 250 816 637 6160 2490 -6389 221 408 3679 2016 -1754 -4921 257 204 -2144 4280 -1252 -6468 221 102 4898 -5360 2041 -7374 333 51 3437 6389 -3122 -2113 342 0
734 0
735 0
736 0
737 1
738 -1 -1 815 8 0 9 2 5 30 20 0 0 1 0
739 1
740 -1 -1 1629 8 0 3 16 0 3 2 0 2 0 1
741 -1 -1 1628 8 0 2 4 1 28 0 22 2 0 814 2891 7097 2481 -7915 399 407 -2262 4611 1128 1099 4 0
742 0
743 1
744 -1 -1 1627 8 0 4 24 0 2 5 0 0 0 1
745 -1 -1 1626 8 0 0 1 9 2 39 0 2 5 813 4293 4220 4554 -6054 148 1
746 -1 -1 812 8 0 5 5 0 7 1 0 0 47 406 -4500 3295 -4184 -2369 18 203 -490 2074 -2353 -7070 325 0
747 0
748 1
749 -1 -1 811 8 0 0 2 2 0 2 0 29 14 0
750 0
751 1
752 -1 -1 3243 8 0 2 34 0 1 1 2 0 0 0
753 1
754 -1 -1 6485 8 0 0 11 4 5 19 0 7 1 1
755 -1 -1 6484 8 0 1 3 33 12 1 0 0 1 3242 4322 6005 -4791 7428 104 1621 -3869 1191 4060 3611 254 0
756 1
757 -1 -1 3241 8 0 0 6 0 1 0 0 1 12 0
758 1
759 -1 -1 6481 8 0 0 54 0 0 0 0 4 0 0
760 1
761 -1 -1 12961 8 0 1 8 3 13 0 0 15 0 1
762 -1 -1 12960 8 0 3 24 1 10 2 0 0 2 6480 4346 6019 -137 2519 4 3240 4502 6145 -3437 -2118 80 1620 -4729 5396 2543 -5118 336 810 -1479 1200 -1308 -2317 243 405 580 5003 1695 7763 268 0
763 0
764 0
765 0
766 1
767 -1 -1 6479 8 0 0 9 0 2 2 1 1 4 0
768 1
769 -1 -1 12957 8 0 0 5 43 2 0 0 0 1 1
770 -1 -1 12956 8 0 0 2 15 22 0 0 0 0 6478 -536 5283 -132 911 19 3239 -2179 6089 4479 1857 334 0
771 1
772 -1 -1 6477 8 0 0 3 12 6 6 0 5 4 0
773 1
774 -1 -1 12953 8 0 0 0 0 2 0 0 9 0 1
775 -1 -1 12952 8 0 0 18 1 58 1 3 0 0 6476 -1005 6553 -196 289 27 3238 4916 4528 1714 7645 261 1619 -3017 3697 4761 1356 10 0
776 1
777 -1 -1 3237 8 0 2 3 5 8 10 3 2 12 0
778 1
779 -1 -1 6473 8 0 0 1 4 15 1 0 2 5 0
780 1
781 -1 -1 12945 8 0 0 13 220 5 10 0 1 1 1
782 -1 -1 12944 8 0 0 0 21 4 16 0 6 4 6472 1836 4804 -4427 -2817 70 3236 -556 73 1846 -7204 354 1618 -4839 -1570 1742 3186 1 809 -2054 -32 -3237 625 1 0
783 0
784 0
785 1
786 -1 -1 6471 8 0 0 0 0 0 11 0 1 7 0
787 1
788 -1 -1 12941 8 0 0 8 4 5 2 0 0 1 1
789 -1 -1 12940 8 0 0 1 0 38 0 7 3 3 6470 -3991 -430 -4622 816 0 3235 4406 -6895 -145 4308 285 1
790 -1 -1 3234 8 0 0 1 29 6 11 0 5 0 1617 1519 5723 2054 -4652 35 0
791 1
792 -1 -1 3233 8 0 1 3 0 20 3 0 1 32 1
793 -1 -1 3232 8 0 2 29 3 10 0 2 8 6 1616 -1561 7035 -4442 -5809 2 808 -579 4060 -2232 -1400 17 404 -600 2619 -4961 -7268 165 202 -869 -518 3123 1112 243 101 -2356 7508 1769 -2868 333 0
794 0
795 0
796 1
797 -1 -1 807 8 0 0 23 0 1 0 1 0 0 0
798 1
799 -1 -1 1613 8 0 1 1 22 1 0 1 0 4 1
800 -1 -1 1612 8 0 0 5 0 1 0 0 9 51 806 2792 1285 4672 -6614 328 403 -4637 5577 -1486 -3968 227 0
801 1
802 -1 -1 805 8 0 0 40 0 0 2 0 22 4 0
803 0
804 1
805 -1 -1 3219 8 0 0 3 0 0 1 0 0 0 0
806 1
807 -1 -1 6437 8 0 0 0 0 0 0 0 1 2 0
808 1
809 -1 -1 12873 8 0 0 0 0 0 0 0 6 0 1
810 -1 -1 12872 8 0 0 0 0 0 0 0 89 0 6436 -1169 -4665 136 112 2 3218 -1946 3219 -808 -3096 273 1609 2871 4194 -1380 -204 348 1
811 -1 -1 1608 8 0 1 4 2 2 2 0 10 15 804 1775 1311 -2588 2924 288 402 3444 4356 777 -2311 349 201 -224 5862 -1438 -5060 90 0
812 0
813 0
814 1
815 -1 -1 1607 8 0 0 0 0 0 6 0 14 43 1
816 -1 -1 1606 8 0 1 9 0 0 0 0 0 0 803 1432 5105 -4116 -6138 33 1
817 -1 -1 802 8 0 10 0 0 5 1 9 7 0 401 -3995 6718 -4579 -6606 14 0
818 0
819 1
820 -1 -1 1603 8 0 0 0 0 0 0 0 0 11 0
821 1
822 -1 -1 3205 8 0 0 2 1 1 18 0 2 0 0
823 1
824 -1 -1 6409 8 0 0 25 0 2 0 0 0 0 1
825 -1 -1 6408 8 0 1 9 9 1 1 0 31 0 3204 -3211 -1865 2633 7601 192 1602 4969 3316 2407 -4765 263 801 -964 -3742 -4929 -6052 289 0
826 0
827 1
828 -1 -1 3203 8 0 1 1 30 0 1 6 0 2 0
829 0
830 1
831 -1 -1 12811 8 0 0 45 8 0 0 0 0 0 1
832 -1 -1 12810 8 0 0 6 38 4 4 0 4 0 6405 -4952 3571 1215 -4443 258 0
833 1
834 -1 -1 12809 8 0 0 10 0 1 4 0 0 6 1
835 -1 -1 12808 8 0 3 98 0 8 1 1 14 0 6404 2404 -3485 3937 1847 28 3202 1148 7938 -2748 -2122 218 1601 -4977 1416 -1957 -3982 328 0
836 1
837 -1 -1 3201 8 0 6 19 10 6 10 0 13 2 0
838 1
839 -1 -1 6401 8 0 0 0 4 1 5 3 7 9 0
840 1
841 -1 -1 12801 8 0 0 37 85 1 1 0 2 1 1
842 -1 -1 12800 8 0 0 1 104 4 2 1 0 7 6400 -3998 4206 -2420 -7249 249 3200 3036 -3404 -2936 5029 2 1600 3149 5394 2445 2142 32 800 4682 29 4904 5835 0 400 3444 4896 -1317 7578 264 200 418 2235 397 -5453 345 100 1516 1792 -3444 5524 271 50 -3362 1434 -2545 -7648 10 25 4705 2290 -4832 -622 45 0
843 0
844 0
845 0
846 0
847 1
848 -1 -1 799 8 0 0 7 0 3 0 0 0 9 0
849 1
850 -1 -1 1597 8 0 4 0 0 0 0 0 0 2 0
851 1
852 -1 -1 3193 8 0 0 5 6 2 0 0 0 2 1
853 -1 -1 3192 8 0 0 0 63 0 0 0 0 0 1596 -3508 -1660 -2876 1997 29 798 3118 6708 -2056 -709 347 399 2820 -5366 4116 4027 357 0
854 1
855 -1 -1 797 8 0 2 23 10 8 0 2 7 5 0
856 1
857 -1 -1 1593 8 0 3 0 9 2 0 0 3 0 1
858 -1 -1 1592 8 0 6 1 1 21 0 28 0 4 796 3769 -5825 1464 -1087 11 398 2520 1160 -3966 -5982 381 199 -3330 6352 1448 758 21 0
859 0
860 0
861 1
862 -1 -1 1591 8 0 2 0 0 5 0 0 0 0 0
863 0
864 1
865 -1 -1 6363 8 0 0 0 0 1 0 0 0 0 0
866 1
867 -1 -1 12725 8 0 0 0 0 0 0 1 0 0 1
868 -1 -1 12724 8 0 0 101 0 0 0 0 0 0 6362 4435 890 -469 1874 28 3181 -3779 2254 -4580 7508 240 1
869 -1 -1 3180 8 0 1 5 0 5 0 1 0 0 1590 -2867 7361 -3431 -5452 377 795 -4100 2225 -4013 3301 1 1
870 -1 -1 794 8 0 5 0 0 19 1 4 0 1 397 1667 3494 -1008 4132 0 0
871 1
872 -1 -1 793 8 0 1 4 1 10 0 6 9 29 0
873 1
874 -1 -1 1585 8 0 3 0 0 27 2 8 0 0 0
875 1
876 -1 -1 3169 8 0 0 0 0 6 0 63 0 0 1
877 -1 -1 3168 8 0 0 0 0 12 0 11 1 0 1584 -4671 2999 188 2010 3 792 -3059 6178 614 -5857 64 396 2263 -4672 3923 6778 0 198 3659 4834 -2929 -7625 389 99 824 -2451 -2905 1926 8 0
878 0
879 1
880 -1 -1 395 8 0 12 1 23 4 1 9 0 10 0
881 0
882 0
883 0
884 1
885 -1 -1 6319 8 0 0 0 0 8 0 0 0 2 0
886 1
887 -1 -1 12637 8 0 0 0 0 1 0 0 0 0 1
888 -1 -1 12636 8 0 0 0 0 1 0 0 0 124 6318 -674 6115 -2448 -4356 365 3159 3283 -6176 -2695 -1170 340 1
889 -1 -1 3158 8 0 0 0 0 7 0 4 1 13 1579 -440 -2387 -2907 4676 50 1
890 -1 -1 1578 8 0 3 0 0 7 0 0 0 1 789 -3002 7108 -4358 -6649 0 0
891 1
892 -1 -1 1577 8 0 1 0 0 2 0 0 19 7 1
893 -1 -1 1576 8 0 14 0 0 15 0 7 1 15 788 1777 4571 2843 -1334 158 394 2796 -311 -2072 -573 8 197 3850 -3138 -4127 7196 392 0
894 0
895 1
896 -1 -1 787 8 0 6 0 0 9 1 1 0 21 0
897 1
898 -1 -1 1573 8 0 0 0 0 0 0 0 3 5 0
899 1
900 -1 -1 3145 8 0 6 0 0 4 0 0 0 0 0
901 1
902 -1 -1 6289 8 0 0 0 0 5 0 0 0 1 0
903 1
904 -1 -1 12577 8 0 0 0 0 2 0 1 0 1 1
905 -1 -1 12576 8 0 4 0 0 2 0 74 0 0 6288 376 -7770 -4959 2571 206 3144 -248 5244 3811 6050 83 1572 2821 2427 -3024 -4705 399 786 4087 4438 -367 203 81 393 3398 -6258 -330 5279 288 0
906 0
907 1
908 -1 -1 1571 8 0 0 9 0 0 0 0 0 0 1
909 -1 -1 1570 8 0 5 0 10 21 4 13 0 8 785 1106 5928 27 1989 268 0
910 1
911 -1 -1 1569 8 0 1 0 0 1 0 12 0 0 0
912 1
913 -1 -1 3137 8 0 37 2 0 0 0 2 3 0 0
914 1
915 -1 -1 6273 8 0 9 0 0 42 0 0 0 1 1
916 -1 -1 6272 8 0 44 0 0 19 3 1 0 0 3136 2320 1943 -4908 -3895 13 1568 571 -509 -2005 7190 33 784 1787 -6930 -4308 -1386 358 392 4137 5966 -2937 -1023 17 196 3728 -5461 -3927 1409 43 98 1888 -570 -4872 7496 79 49 -1319 7196 -975 -693 1 0
917 0
918 0
919 0
920 0
921 1
922 -1 -1 1567 8 0 0 0 0 3 5 0 0 0 0
923 1
924 -1 -1 3133 8 0 0 0 0 6 0 0 0 0 0
925 1
926 -1 -1 6265 8 0 0 0 0 5 0 0 4 0 0
927 1
928 -1 -1 12529 8 0 0 0 0 0 1 0 96 0 1
929 -1 -1 12528 8 0 0 0 0 0 2 0 0 0 6264 246 -6052 -4198 7682 0 3132 -4189 -1816 -4820 6681 277 1566 -2457 -2051 -4218 -6542 345 783 4790 1351 1920 -5660 41 1
930 -1 -1 782 8 0 0 2 0 10 0 0 0 0 391 2205 2220 -4406 -6655 284 1
931 -1 -1 390 8 0 4 4 0 29 6 0 5 11 195 4008 4079 1913 -702 13 0
932 0
933 0
934 1
935 -1 -1 1559 8 0 0 0 2 0 0 0 0 60 1
936 -1 -1 1558 8 0 0 1 21 2 0 0 5 3 779 2733 1753 -4655 6129 35 0
937 1
938 -1 -1 1557 8 0 0 0 0 1 0 3 60 0 1
939 -1 -1 1556 8 0 3 0 0 16 0 0 0 9 778 4188 7718 3801 -455 251 389 2406 -5816 -1781 -357 330 0
940 0
941 0
942 1
943 -1 -1 3111 8 0 0 4 6 7 0 0 8 2 0
944 1
945 -1 -1 6221 8 0 0 0 0 6 0 35 0 0 1
946 -1 -1 6220 8 0 4 0 0 30 0 4 0 2 3110 3493 -1779 -4544 -1485 301 1555 4208 -5977 -2504 6005 165 0
947 1
948 -1 -1 3109 8 0 1 0 0 22 3 0 0 36 0
949 1
950 -1 -1 6217 8 0 0 3 3 6 9 1 5 0 0
951 1
952 -1 -1 12433 8 0 1 2 0 6 0 1 0 8 1
953 -1 -1 12432 8 0 0 2 0 106 9 1 0 0 6216 -4811 -2406 1989 -7364 289 3108 2789 -20 -1015 -614 17 1554 2157 -7624 -4893 -1180 301 777 3788 -2564 540 4079 22 0
954 1
955 -1 -1 1553 8 0 0 1 0 4 0 0 5 47 0
956 1
957 -1 -1 3105 8 0 1 34 1 8 0 1 4 0 0
958 1
959 -1 -1 6209 8 0 0 20 4 4 0 0 1 0 0
960 1
961 -1 -1 12417 8 0 1 1 13 23 2 4 0 19 1
962 -1 -1 12416 8 0 2 6 66 27 0 0 8 0 6208 -3816 -3024 539 -3921 2 3104 2369 -758 808 147 11 1552 951 4116 -3057 2300 22 776 -423 6825 -3578 -2890 259 388 1170 -787 -2594 -7227 250 194 4896 -5234 -4610 -1630 400 97 466 448 -4640 6778 276 0
963 0
964 0
965 1
966 -1 -1 775 8 0 4 2 0 22 0 33 0 1 0
967 1
968 -1 -1 1549 8 0 0 9 0 0 1 0 0 12 0
969 1
970 -1 -1 3097 8 0 1 14 0 3 0 0 8 0 1
971 -1 -1 3096 8 0 2 9 0 28 1 8 0 1 1548 -4208 -6076 -2681 6362 251 774 119 7801 3671 756 67 387 294 -730 -1091 -7661 306 0
972 0
973 1
974 -1 -1 1547 8 0 3 0 0 2 1 17 0 0 1
975 -1 -1 1546 8 0 31 0 2 23 0 5 0 1 773 4435 -7719 -651 2058 94 0
976 1
977 -1 -1 1545 8 0 7 3 1 11 2 4 20 0 1
978 -1 -1 1544 8 0 2 0 22 19 0 0 0 1 772 -1515 4787 3607 -5503 206 386 1271 2858 -1035 -7422 306 193 -3207 -6400 -594 5844 72 0
979 0
980 0
981 1
982 -1 -1 1543 8 0 0 5 0 13 0 0 0 22 0
983 0
984 1
985 -1 -1 6171 8 0 0 6 0 6 39 0 0 1 1
986 -1 -1 6170 8 0 8 8 0 27 1 0 0 0 3085 897 4944 2976 -112 8 0
987 1
988 -1 -1 6169 8 0 0 1 21 0 6 0 0 1 0
989 1
990 -1 -1 12337 8 0 1 0 5 1 0 0 4 1 1
991 -1 -1 12336 8 0 1 1 5 6 71 0 0 0 6168 4893 -3216 1455 -4756 291 3084 202 -2069 3181 -2438 244 1542 1860 -2708 -3318 2949 1 771 1241 -4190 -933 -7252 293 0
992 0
993 0
994 1
995 -1 -1 6167 8 0 0 32 0 1 0 0 3 0 0
996 1
997 -1 -1 12333 8 0 0 8 11 23 3 0 0 0 1
998 -1 -1 12332 8 0 0 6 3 4 71 0 0 0 6166 -272 1479 -3455 -1185 5 3083 953 -1508 4658 -4169 229 0
999 0
1000 1
1001 -1 -1 12331 8 0 0 1 1 29 4 0 0 0 1
1002 -1 -1 12330 8 0 5 14 0 18 0 0 1 0 6165 -2852 5305 -3672 -7246 219 0
1003 1
1004 -1 -1 12329 8 0 0 17 0 2 4 0 28 1 1
1005 -1 -1 12328 8 0 0 234 0 32 14 0 0 1 6164 3251 5845 -4834 195 258 3082 -3325 6427 -854 -7336 7 1541 2883 1044 3088 7891 196 0
1006 0
1007 0
1008 1
1009 -1 -1 12327 8 0 0 1 0 1 42 1 20 2 1
1010 -1 -1 12326 8 0 0 3 14 7 6 3 0 0 6163 4534 -896 -4593 3404 77 0
1011 1
1012 -1 -1 12325 8 0 1 0 2 7 2 0 42 0 1
1013 -1 -1 12324 8 0 1 0 2 23 0 0 1 0 6162 3964 -321 -4339 1782 57 3081 3908 -519 2103 5424 46 0
1014 1
1015 -1 -1 6161 8 0 5 2 2 22 0 23 0 1 0
1016 1
1017 -1 -1 12321 8 0 0 4 1 0 0 0 1 0 1
1018 -1 -1 12320 8 0 1 0 10 50 4 0 2 1 6160 -4726 3282 2880 4312 51 3080 1814 4002 -1044 -7388 322 1540 3694 -461 276 7447 32 770 -56 -952 -3782 -5066 140 385 -548 7892 -4710 -4946 246 0
1019 0
1020 0
1021 0
1022 1
1023 -1 -1 6159 8 0 0 0 37 1 0 0 4 1 0
1024 1
1025 -1 -1 12317 8 0 0 0 14 2 0 0 1 6 1
1026 -1 -1 12316 8 0 0 167 27 12 2 3 1 0 6158 658 2670 4447 6474 303 3079 -965 -2279 -4887 2395 232 0
1027 1
1028 -1 -1 6157 8 0 0 48 5 3 5 0 0 0 1
1029 -1 -1 6156 8 0 0 7 8 1 38 0 0 0 3078 -1489 1621 959 -2787 245 1539 -1883 5762 -2007 -2214 3 0
1030 0
1031 1
1032 -1 -1 6155 8 0 0 35 1 1 0 0 0 0 0
1033 1
1034 -1 -1 12309 8 0 0 0 0 2 0 0 120 4 1
1035 -1 -1 12308 8 0 0 2 7 0 1 0 4 1 6154 983 -150 -3504 -7426 265 3077 3975 3362 1724 -7078 362 0
1036 1
1037 -1 -1 6153 8 0 0 0 8 0 0 2 0 23 0
1038 1
1039 -1 -1 12305 8 0 0 15 73 4 5 0 27 10 1
1040 -1 -1 12304 8 0 7 73 11 14 38 0 31 12 6152 1491 1043 -4055 3531 15 3076 2024 3495 -2528 2904 276 1538 4970 5485 2107 -4180 284 769 1996 7332 999 -6786 288 0
1041 0
1042 1
1043 -1 -1 3075 8 0 11 0 0 5 1 9 0 2 0
1044 1
1045 -1 -1 6149 8 0 1 1 0 3 0 8 0 0 1
1046 -1 -1 6148 8 0 0 1 3 49 0 4 0 2 3074 -3793 771 -1545 -7785 366 1537 -144 4425 -4939 -7545 97 0
1047 0
1048 0
1049 1
1050 -1 -1 12295 8 0 0 25 0 1 0 0 0 0 1
1051 -1 -1 12294 8 0 0 0 0 5 2 0 37 11 6147 3048 4131 -3585 -4212 360 0
1052 1
1053 -1 -1 12293 8 0 0 0 0 0 0 0 0 24 1
1054 -1 -1 12292 8 0 0 16 37 6 13 0 3 12 6146 -1114 6871 3115 -3785 398 3073 4047 2701 -3539 -7534 305 0
1055 0
1056 1
1057 -1 -1 12291 8 0 0 80 23 12 4 1 0 0 1
1058 -1 -1 12290 8 0 0 4 7 16 0 5 3 20 6145 3756 6217 -4701 -4326 315 0
1059 1
1060 -1 -1 12289 8 0 2 61 232 19 101 0 1 11 1
1061 -1 -1 12288 8 0 4 44 172 116 20 8 2 10 6144 1158 4412 -4905 -3197 254 3072 -2505 4980 1843 -6863 329 1536 1982 884 1323 4108 23 768 -3411 -7618 2848 -7201 1 384 -509 47 3645 -62 129 192 4921 -1694 -2425 1824 4 96 -2640 -7255 4247 1452 3 48 4973 -7828 -3258 -6660 260 24 -93 -2239 -1810 -7205 358 12 3046 4338 340 -2294 35 6 -271 -657 2864 4201 178 3 692 852 -2850 -7291 397 0
1062 0
1063 0
1064 0
1065 0
1066 0
1067 1
1068 -1 -1 191 8 0 2 0 0 16 0 3 1 15 0
1069 1
1070 -1 -1 381 8 0 0 0 0 0 6 0 0 0 0
1071 0
1072 0
1073 0
1074 1
1075 -1 -1 6095 8 0 15 0 0 0 0 37 0 0 1
1076 -1 -1 6094 8 0 1 0 0 5 0 13 0 0 3047 506 -2416 1400 -6902 15 1
1077 -1 -1 3046 8 0 1 0 0 0 0 56 0 0 1523 4326 -2020 -2522 -7508 8 0
1078 0
1079 1
1080 -1 -1 6091 8 0 5 0 0 1 0 44 0 0 1
1081 -1 -1 6090 8 0 12 0 0 17 0 40 0 0 3045 3671 -7132 -1207 -3842 18 1
1082 -1 -1 3044 8 0 3 0 0 18 0 8 0 0 1522 1643 -3900 -3981 -4047 2 761 1509 1154 3781 -3412 22 1
1083 -1 -1 760 8 0 22 0 0 29 0 14 1 3 380 3432 3653 2697 -1298 10 190 -4552 6949 -316 -1274 50 95 -3351 -416 4628 -2841 79 0
1084 0
1085 0
1086 1
1087 -1 -1 759 8 0 24 0 0 5 0 12 0 0 1
1088 -1 -1 758 8 0 67 0 0 0 0 2 0 0 379 -699 -1712 1928 -4561 9 0
1089 1
1090 -1 -1 757 8 0 18 0 4 16 15 9 0 0 0
1091 1
1092 -1 -1 1513 8 0 27 0 0 0 3 1 0 0 0
1093 1
1094 -1 -1 3025 8 0 0 0 0 9 0 1 0 0 0
1095 1
1096 -1 -1 6049 8 0 12 0 0 0 0 1 0 0 0
1097 1
1098 -1 -1 12097 8 0 32 0 0 28 0 0 0 0 1
1099 -1 -1 12096 8 0 17 0 0 1 0 0 0 0 6048 -1882 -4215 -4497 46 1 3024 2357 -7132 -1031 -1638 34 1512 -4529 -1630 -1562 -116 234 756 -540 -6226 4706 1992 16 378 -1407 -872 -3437 -5552 8 189 34 -4873 4145 -1848 12 0
1100 1
1101 -1 -1 377 8 0 16 0 0 2 0 0 0 2 0
1102 1
1103 -1 -1 753 8 0 10 0 1 1 0 5 0 0 1
1104 -1 -1 752 8 0 2 0 0 0 0 60 0 0 376 4739 3942 -1907 5768 382 188 4004 -7527 4145 234 284 94 4659 -1015 -3754 5810 392 47 4669 3096 4314 -3571 7 0
1105 0
1106 0
1107 0
1108 1
1109 -1 -1 751 8 0 0 0 3 1 44 0 0 0 1
1110 -1 -1 750 8 0 5 0 0 1 17 0 6 0 375 -373 -2353 4892 -5281 10 1
1111 -1 -1 374 8 0 3 0 22 4 0 0 0 0 187 1219 -1094 4355 -3460 1 0
1112 1
1113 -1 -1 373 8 0 10 0 0 7 0 23 0 0 1
1114 -1 -1 372 8 0 3 0 33 2 1 0 3 0 186 -3564 -4872 1405 -6102 9 93 3876 -3595 -2257 -6721 0 0
1115 0
1116 0
1117 1
1118 -1 -1 743 8 0 1 0 4 2 0 0 0 0 0
1119 0
1120 0
1121 1
1122 -1 -1 5943 8 0 1 0 0 4 0 2 0 0 0
1123 1
1124 -1 -1 11885 8 0 6 0 0 0 0 37 0 0 1
1125 -1 -1 11884 8 0 0 0 0 0 0 32 0 0 5942 3422 19 3736 4212 395 2971 -4155 -172 1100 -7055 66 1
1126 -1 -1 2970 8 0 1 0 0 0 0 0 2 0 1485 -3489 -7686 -4863 5874 335 1
1127 -1 -1 1484 8 0 3 0 0 0 0 0 0 2 742 -625 -2631 -4838 2176 60 371 -3721 -2454 3863 -3647 54 1
1128 -1 -1 370 8 0 5 17 0 0 0 0 4 0 185 -3562 -7506 -1259 5002 277 0
1129 0
1130 0
1131 0
1132 0
1133 1
1134 -1 -1 5919 8 0 17 0 0 4 0 28 0 0 1
1135 -1 -1 5918 8 0 5 0 1 20 0 3 0 0 2959 3454 -2004 -4537 1155 32 1
1136 -1 -1 2958 8 0 0 3 5 0 0 0 0 0 1479 1639 -4631 -4337 6656 2 1
1137 -1 -1 1478 8 0 2 2 0 0 25 0 0 0 739 -2143 -6628 2 6094 125 0
1138 0
1139 1
1140 -1 -1 2955 8 0 0 0 0 1 4 0 1 0 0
1141 0
1142 1
1143 -1 -1 11819 8 0 1 0 0 0 0 0 0 0 1
1144 -1 -1 11818 8 0 0 0 0 1 0 0 84 0 5909 -3533 2137 -3614 -7731 31 1
1145 -1 -1 5908 8 0 1 0 0 0 0 0 0 0 2954 -3106 -5645 -2977 3154 146 1477 -544 -3020 3934 -3597 15 1
1146 -1 -1 1476 8 0 6 0 1 15 21 0 15 0 738 772 -862 -4432 -4065 14 369 1929 -7954 -4306 -7712 6 0
1147 0
1148 1
1149 -1 -1 1475 8 0 14 0 1 1 0 4 4 21 0
1150 1
1151 -1 -1 2949 8 0 0 0 0 4 0 0 7 0 0
1152 1
1153 -1 -1 5897 8 0 3 0 1 2 0 6 2 0 0
1154 1
1155 -1 -1 11793 8 0 74 0 0 5 0 3 0 0 1
1156 -1 -1 11792 8 0 40 0 0 20 0 0 0 0 5896 1681 -3955 2194 1431 6 2948 349 3080 -3878 -7323 7 1474 -1864 440 -3001 -3227 395 737 -4736 -6812 1685 379 119 0
1157 1
1158 -1 -1 1473 8 0 16 0 0 0 0 4 0 4 0
1159 1
1160 -1 -1 2945 8 0 10 0 0 2 0 0 0 0 1
1161 -1 -1 2944 8 0 6 0 0 2 0 0 54 0 1472 2742 -1741 -2291 -6225 1 736 1931 -7249 3057 -449 12 368 -2934 -2147 1743 5966 23 184 -1744 -2337 -3683 -7953 8 92 -334 438 3160 -6362 47 46 -4795 2117 2441 -7292 8 23 3054 3823 -3747 7103 3 0
1162 0
1163 0
1164 0
1165 1
1166 -1 -1 367 8 0 12 5 12 0 0 1 0 0 0
1167 1
1168 -1 -1 733 8 0 1 1 0 8 0 2 0 28 0
1169 1
1170 -1 -1 1465 8 0 4 0 0 2 0 11 0 10 0
1171 0
1172 1
1173 -1 -1 5859 8 0 0 0 1 0 0 0 0 0 0
1174 1
1175 -1 -1 11717 8 0 0 0 0 0 0 90 0 0 1
1176 -1 -1 11716 8 0 0 0 0 0 0 3 0 0 5858 -450 -5719 4976 1962 5 2929 1557 337 518 3044 364 1
1177 -1 -1 2928 8 0 2 0 0 2 0 0 0 0 1464 -4675 -3800 1376 3357 58 732 -4726 4106 -1657 2178 2 366 537 5411 4237 3527 199 183 -3941 6746 4898 7043 245 0
1178 0
1179 1
1180 -1 -1 731 8 0 0 0 0 3 0 0 0 0 0
1181 1
1182 -1 -1 1461 8 0 0 1 0 1 0 0 0 0 0
1183 1
1184 -1 -1 2921 8 0 0 21 0 0 0 0 0 0 1
1185 -1 -1 2920 8 0 0 67 0 0 0 0 0 0 1460 551 -1963 3869 -4286 269 730 3690 7284 267 -4102 388 365 4565 1452 4817 7159 61 1
1186 -1 -1 364 8 0 1 0 0 1 0 1 0 0 182 423 -7698 455 -671 178 91 -3699 -7952 1039 5479 376 0
1187 0
1188 0
1189 1
1190 -1 -1 727 8 0 6 0 0 0 0 18 0 12 0
1191 1
1192 -1 -1 1453 8 0 0 5 2 0 0 0 0 1 0
1193 0
1194 1
1195 -1 -1 5811 8 0 0 0 0 1 0 0 0 3 0
1196 1
1197 -1 -1 11621 8 0 0 0 0 0 0 1 0 3 1
1198 -1 -1 11620 8 0 0 0 0 0 0 0 0 283 5810 4681 -7224 4961 -7021 8 2905 105 -6814 -297 -6487 12 1
1199 -1 -1 2904 8 0 2 7 0 2 0 3 0 49 1452 3983 6283 -3360 4410 242 726 652 -2114 4242 -7510 373 363 -1246 -117 4145 5126 363 0
1200 1
1201 -1 -1 725 8 0 3 33 0 1 0 0 0 18 0
1202 0
1203 1
1204 -1 -1 2899 8 0 0 0 0 0 0 3 0 0 1
1205 -1 -1 2898 8 0 1 0 0 2 0 0 0 66 1449 4921 -1585 -2176 -3602 38 0
1206 1
1207 -1 -1 2897 8 0 2 0 0 7 0 0 0 41 0
1208 1
1209 -1 -1 5793 8 0 0 0 0 0 0 0 4 4 1
1210 -1 -1 5792 8 0 11 5 0 33 1 11 0 2 2896 -2195 2272 -4202 -7756 307 1448 -3783 203 -347 -3569 12 724 779 -5546 -950 615 56 362 92 -5863 -4108 -4859 101 181 3388 -3980 -2677 -602 110 0
1211 0
1212 1
1213 -1 -1 723 8 0 3 0 0 1 0 0 0 64 1
1214 -1 -1 722 8 0 17 0 4 13 0 2 0 6 361 -1341 -7764 -1861 -1148 25 0
1215 0
1216 1
1217 -1 -1 1443 8 0 0 6 0 1 0 34 0 0 1
1218 -1 -1 1442 8 0 9 3 0 0 0 0 1 36 721 -560 411 -1444 5800 23 0
1219 0
1220 1
1221 -1 -1 2883 8 0 0 0 0 0 0 0 0 2 0
1222 1
1223 -1 -1 5765 8 0 0 16 0 0 0 0 0 0 0
1224 1
1225 -1 -1 11529 8 0 0 69 0 0 0 0 0 0 1
1226 -1 -1 11528 8 0 0 23 0 0 0 0 0 0 5764 1604 -7475 -2441 1970 378 2882 601 4595 -3813 2939 400 1441 -4822 7640 -2830 -897 198 0
1227 1
1228 -1 -1 2881 8 0 0 49 0 6 0 2 12 0 1
1229 -1 -1 2880 8 0 2 7 0 13 0 1 0 14 1440 -3208 -2654 482 174 17 720 4692 4364 -3458 7337 183 360 4443 -7272 -652 283 394 180 -3369 -891 -536 7835 361 90 -4460 4241 -2829 -267 0 45 445 6021 4372 6977 5 0
1230 0
1231 0
1232 1
1233 -1 -1 359 8 0 13 0 0 2 8 0 1 0 0
1234 1
1235 -1 -1 717 8 0 0 2 1 3 0 0 0 3 0
1236 1
1237 -1 -1 1433 8 0 3 0 0 3 3 25 10 0 1
1238 -1 -1 1432 8 0 13 0 0 10 1 12 0 0 716 1083 -5154 4692 4815 27 358 875 -6510 4163 -6407 53 179 -4556 4900 513 7078 304 0
1239 0
1240 0
1241 0
1242 1
1243 -1 -1 2863 8 0 0 0 0 1 2 0 0 0 0
1244 1
1245 -1 -1 5725 8 0 1 0 0 0 0 2 0 1 0
1246 1
1247 -1 -1 11449 8 0 3 0 0 0 0 0 0 20 1
1248 -1 -1 11448 8 0 0 0 0 0 0 0 0 66 5724 3538 -1801 -163 47 366 2862 2562 2151 4110 4068 7 1431 -3857 -385 2702 -6563 2 1
1249 -1 -1 1430 8 0 2 0 0 0 0 11 0 9 715 2765 4496 1790 5356 0 0
1250 1
1251 -1 -1 1429 8 0 2 12 1 3 2 0 0 15 1
1252 -1 -1 1428 8 0 4 0 0 13 0 12 2 6 714 1833 -7704 -2657 -7975 5 357 4199 -3287 -30 547 20 0
1253 1
1254 -1 -1 713 8 0 1 0 0 0 31 0 0 0 1
1255 -1 -1 712 8 0 8 17 0 5 3 0 0 9 356 3950 -1090 -2446 5429 341 178 -937 -7953 -3638 4302 399 89 2726 -203 -1690 5413 378 0
1256 0
1257 0
1258 1
1259 -1 -1 711 8 0 0 0 14 1 0 6 0 8 0
1260 1
1261 -1 -1 1421 8 0 31 0 0 0 0 7 0 2 0
1262 1
1263 -1 -1 2841 8 0 3 0 0 4 0 0 0 5 1
1264 -1 -1 2840 8 0 4 0 0 4 0 51 0 0 1420 4202 5885 -407 3658 0 710 306 -1029 2190 -427 13 355 2988 -4887 -3865 -7460 1 0
1265 1
1266 -1 -1 709 8 0 11 0 0 11 0 5 2 3 0
1267 1
1268 -1 -1 1417 8 0 0 0 0 0 0 5 0 0 0
1269 0
1270 1
1271 -1 -1 5667 8 0 0 0 0 1 0 0 0 0 0
1272 1
1273 -1 -1 11333 8 0 0 0 0 0 0 0 0 1 1
1274 -1 -1 11332 8 0 157 0 0 0 0 0 0 0 5666 108 7663 -731 3639 87 2833 -2363 3618 1455 1198 168 1
1275 -1 -1 2832 8 0 0 1 0 2 0 0 0 1 1416 505 -6024 -1859 2968 269 708 -4773 112 112 1232 44 354 384 -51 1829 3584 20 177 -2415 -927 1249 1170 17 0
1276 0
1277 1
1278 -1 -1 707 8 0 1 0 0 7 0 32 1 0 0
1279 1
1280 -1 -1 1413 8 0 6 0 0 0 3 6 2 0 1
1281 -1 -1 1412 8 0 29 0 0 23 1 1 0 0 706 3413 7752 -4476 7430 287 353 -2387 -7094 1329 250 176 0
1282 0
1283 1
1284 -1 -1 1411 8 0 0 0 0 3 0 11 0 0 0
1285 1
1286 -1 -1 2821 8 0 0 0 0 1 0 0 1 39 1
1287 -1 -1 2820 8 0 1 8 4 28 4 0 5 17 1410 4637 7777 -33 3369 275 705 4134 7885 1676 -4704 23 0
1288 1
1289 -1 -1 1409 8 0 3 0 0 1 5 1 10 0 1
1290 -1 -1 1408 8 0 9 6 4 31 1 14 2 0 704 3078 -414 -78 3008 89 352 92 -4878 1509 651 51 176 4226 1867 -562 6378 400 88 -2007 -6775 -631 224 396 44 211 -484 -3001 3863 170 22 -1419 -260 4984 -485 139 11 -510 -239 -4133 4752 377 0
1291 0
1292 0
1293 0
1294 0
1295 0
1296 1
1297 -1 -1 703 8 0 11 0 0 0 0 0 0 0 0
1298 1
1299 -1 -1 1405 8 0 2 2 0 1 0 0 0 4 0
1300 1
1301 -1 -1 2809 8 0 0 0 0 41 0 0 0 0 1
1302 -1 -1 2808 8 0 4 0 0 47 0 9 0 0 1404 2967 -1908 1903 -5294 17 702 23 -4268 4694 -5644 336 351 4634 -4838 1250 -6902 378 0
1303 1
1304 -1 -1 701 8 0 2 0 0 10 0 50 0 0 0
1305 1
1306 -1 -1 1401 8 0 0 0 4 28 0 19 7 0 0
1307 1
1308 -1 -1 2801 8 0 23 0 0 7 0 18 0 0 0
1309 0
1310 1
1311 -1 -1 11203 8 0 4 0 0 13 0 14 0 0 1
1312 -1 -1 11202 8 0 2 0 0 42 0 3 0 0 5601 -2315 -1633 -3324 7575 377 1
1313 -1 -1 5600 8 0 10 0 0 4 0 0 0 0 2800 -2420 -7839 -3325 6555 317 1400 -610 -1136 3789 -3778 20 700 4396 -3331 209 -6613 15 350 4306 4583 1259 -6050 123 175 3515 7807 3973 -7992 0 1
1314 -1 -1 174 8 0 4 0 24 4 5 14 0 16 87 3643 -1165 -3017 6402 108 0
1315 0
1316 0
1317 1
1318 -1 -1 695 8 0 0 0 0 1 23 8 0 0 0
1319 1
1320 -1 -1 1389 8 0 0 0 0 4 0 7 0 0 0
1321 0
1322 1
1323 -1 -1 5555 8 0 0 0 0 0 1 1 0 0 0
1324 1
1325 -1 -1 11109 8 0 0 0 0 0 0 0 150 0 1
1326 -1 -1 11108 8 0 0 0 0 0 1 1 5 0 5554 4266 -7709 -1433 7402 350 2777 1934 -3425 4334 -6950 124 1
1327 -1 -1 2776 8 0 0 0 0 3 3 2 9 3 1388 4567 -6640 2882 7906 364 694 -2562 -6375 -2792 1407 364 347 -3221 2201 3434 -7907 65 0
1328 1
1329 -1 -1 693 8 0 3 0 1 5 5 0 11 17 0
1330 1
1331 -1 -1 1385 8 0 5 0 0 31 0 26 6 0 1
1332 -1 -1 1384 8 0 12 0 0 1 0 5 3 0 692 4317 216 4153 -7529 8 346 486 -5369 4523 -227 75 173 -511 1672 -3098 -4500 20 0
1333 0
1334 0
1335 0
1336 1
1337 -1 -1 2767 8 0 4 0 0 8 0 29 0 0 0
1338 0
1339 1
1340 -1 -1 11067 8 0 0 0 0 1 0 18 0 0 1
1341 -1 -1 11066 8 0 0 0 0 0 0 107 0 0 5533 -203 1425 -3801 4755 367 1
1342 -1 -1 5532 8 0 0 0 0 1 0 0 0 0 2766 202 -4273 -3715 6015 293 1383 -3430 -6767 2637 5761 325 1
1343 -1 -1 1382 8 0 0 0 0 3 0 3 4 0 691 -1077 -4243 -2508 3926 2 1
1344 -1 -1 690 8 0 3 0 0 3 0 2 0 5 345 3119 -5659 4698 7212 29 0
1345 1
1346 -1 -1 689 8 0 6 0 0 7 1 5 19 1 0
1347 1
1348 -1 -1 1377 8 0 0 0 0 4 0 30 0 0 0
1349 1
1350 -1 -1 2753 8 0 0 0 0 0 0 4 4 0 0
1351 1
1352 -1 -1 5505 8 0 5 0 0 6 0 2 2 0 0
1353 1
1354 -1 -1 11009 8 0 2 0 0 4 0 5 0 0 1
1355 -1 -1 11008 8 0 0 0 0 58 0 13 0 0 5504 -1216 -4559 -1474 -2186 4 2752 -3501 443 -4309 3384 378 1376 -2577 -783 3844 1647 116 688 250 2568 -1620 -1185 44 344 -234 392 -3247 -7223 86 172 -2985 -7172 3390 2006 53 86 -4389 -6118 4837 7220 347 43 4780 4797 709 5759 14 0
1356 0
1357 0
1358 0
1359 1
1360 -1 -1 687 8 0 0 22 0 1 0 0 0 0 0
1361 1
1362 -1 -1 1373 8 0 0 0 0 0 0 0 0 62 1
1363 -1 -1 1372 8 0 0 0 0 0 0 0 0 9 686 -4506 -4250 -4693 -7797 2 343 3366 -3889 2627 -7877 185 1
1364 -1 -1 342 8 0 0 4 27 14 2 1 0 0 171 -4309 -3572 3013 -2831 23 0
1365 0
1366 0
1367 1
1368 -1 -1 1367 8 0 0 0 0 3 1 37 0 0 1
1369 -1 -1 1366 8 0 1 0 1 20 16 5 0 0 683 -2647 -2868 2937 223 36 0
1370 1
1371 -1 -1 1365 8 0 1 0 26 11 2 1 0 1 1
1372 -1 -1 1364 8 0 1 0 4 4 47 3 0 7 682 3911 -3031 -2361 1186 4 341 -3886 -6556 -827 -7130 1 0
1373 1
1374 -1 -1 681 8 0 2 18 2 3 1 0 5 10 0
1375 0
1376 1
1377 -1 -1 2723 8 0 0 0 0 1 0 0 0 4 0
1378 1
1379 -1 -1 5445 8 0 0 0 0 1 0 0 0 0 0
1380 1
1381 -1 -1 10889 8 0 0 0 0 9 0 0 0 0 1
1382 -1 -1 10888 8 0 0 0 0 77 0 0 0 0 5444 1845 7113 2661 -2544 77 2722 3469 -4645 -1442 -2174 55 1361 -1212 3210 4269 -7225 365 0
1383 1
1384 -1 -1 2721 8 0 3 0 10 31 0 13 0 1 1
1385 -1 -1 2720 8 0 0 1 0 21 10 0 5 0 1360 12 -283 -4416 3953 306 680 -700 1525 -593 -486 4 340 -4240 7379 2100 2770 7 170 -4439 -6936 -1349 6085 339 85 -4627 -617 -357 -1866 58 0
1386 0
1387 0
1388 0
1389 1
1390 -1 -1 1359 8 0 0 0 2 1 0 0 0 47 1
1391 -1 -1 1358 8 0 1 0 0 8 4 7 0 3 679 -4531 6197 -2454 3410 6 0
1392 1
1393 -1 -1 1357 8 0 1 0 2 5 5 0 0 10 0
1394 0
1395 1
1396 -1 -1 5427 8 0 0 0 0 0 7 0 0 0 1
1397 -1 -1 5426 8 0 0 0 0 0 67 0 0 0 2713 -1876 1734 -2443 -7653 51 1
1398 -1 -1 2712 8 0 0 0 0 0 1 0 0 0 1356 4998 -4730 -4288 -3934 3 678 -4832 -990 -3980 -1122 0 339 -234 -4325 -4419 2256 4 0
1399 0
1400 1
1401 -1 -1 1355 8 0 0 0 0 1 0 0 0 13 1
1402 -1 -1 1354 8 0 7 0 0 0 0 0 50 0 677 -597 -6760 2300 -1984 30 1
1403 -1 -1 676 8 0 16 0 5 7 13 7 4 0 338 -695 -7143 -778 -490 198 169 2457 -6687 -1943 7499 262 0
1404 0
1405 0
1406 1
1407 -1 -1 1351 8 0 0 0 0 12 2 0 9 0 0
1408 1
1409 -1 -1 2701 8 0 0 0 0 3 0 0 1 3 0
1410 1
1411 -1 -1 5401 8 0 0 0 2 1 0 2 4 0 0
1412 1
1413 -1 -1 10801 8 0 0 0 0 0 0 0 9 0 1
1414 -1 -1 10800 8 0 0 0 0 0 0 0 157 0 5400 -4617 -6948 -533 -7554 2 2700 1293 -5161 4609 -2379 2 1350 1478 3300 -2209 -6496 3 675 -3203 -4434 -773 1698 51 0
1415 1
1416 -1 -1 1349 8 0 1 38 0 15 7 0 1 2 0
1417 1
1418 -1 -1 2697 8 0 0 0 4 0 0 1 43 0 1
1419 -1 -1 2696 8 0 2 2 0 5 15 0 2 0 1348 1393 -2030 -3670 2115 107 674 -245 -6951 -2005 7958 240 337 5 -84 -1617 3555 263 0
1420 0
1421 1
1422 -1 -1 1347 8 0 1 1 0 59 0 0 7 0 1
1423 -1 -1 1346 8 0 1 2 4 3 4 0 0 0 673 1225 -951 -1803 7761 213 0
1424 1
1425 -1 -1 1345 8 0 0 8 0 3 6 0 5 4 1
1426 -1 -1 1344 8 0 4 7 6 11 0 17 4 0 672 3367 4822 4149 -2905 210 336 4403 -699 -1082 -2344 1 168 3401 -1960 -718 322 22 84 -76 -6170 585 5422 348 42 -3333 -3753 -3147 7376 282 21 389 282 -3778 4605 339 0
1427 0
1428 0
1429 0
1430 1
1431 -1 -1 335 8 0 0 7 0 0 1 0 5 0 0
1432 1
1433 -1 -1 669 8 0 17 0 0 1 0 3 0 0 1
1434 -1 -1 668 8 0 7 0 0 22 0 24 10 0 334 -2206 6170 -4737 1115 23 167 -258 -7163 728 695 349 0
1435 0
1436 0
1437 0
1438 1
1439 -1 -1 2671 8 0 0 3 14 8 0 0 0 0 0
1440 1
1441 -1 -1 5341 8 0 0 0 0 5 0 0 3 0 0
1442 1
1443 -1 -1 10681 8 0 0 0 0 2 0 0 4 0 1
1444 -1 -1 10680 8 0 0 0 0 0 0 0 103 0 5340 2332 -7673 -4560 1368 283 2670 3445 3315 4184 -3364 26 1335 -457 -5663 4781 6867 282 1
1445 -1 -1 1334 8 0 0 1 11 10 12 17 9 8 667 -1057 -7120 1543 7253 260 0
1446 0
1447 0
1448 0
1449 1
1450 -1 -1 10671 8 0 1 3 0 1 13 0 0 3 1
1451 -1 -1 10670 8 0 0 0 114 1 3 1 0 0 5335 1860 -4951 -1855 7939 266 0
1452 1
1453 -1 -1 10669 8 0 0 2 3 0 82 0 1 0 1
1454 -1 -1 10668 8 0 0 0 7 0 3 0 2 0 5334 1227 5032 -809 3063 0 2667 1366 -5130 957 3261 257 0
1455 0
1456 1
1457 -1 -1 10667 8 0 0 0 0 3 3 0 0 8 1
1458 -1 -1 10666 8 0 0 0 107 0 0 0 2 0 5333 3514 -7401 -4042 412 307 1
1459 -1 -1 5332 8 0 0 10 17 22 2 1 13 0 2666 1401 -6875 -1257 -3569 25 1333 -4797 -6485 800 5581 237 0
1460 1
1461 -1 -1 2665 8 0 3 0 6 4 0 2 0 7 0
1462 1
1463 -1 -1 5329 8 0 0 8 7 4 35 0 13 0 0
1464 1
1465 -1 -1 10657 8 0 0 2 1 2 0 0 0 0 1
1466 -1 -1 10656 8 0 0 0 0 2 2 1 61 0 5328 4932 -3731 -2453 14 250 2664 1953 -432 275 5572 223 1332 531 -907 -2355 2584 283 666 4082 -7257 -4933 -6525 15 333 -2272 -301 4959 -6772 3 0
1467 0
1468 0
1469 0
1470 1
1471 -1 -1 5327 8 0 0 1 0 5 0 0 0 13 0
1472 1
1473 -1 -1 10653 8 0 0 3 0 0 0 0 3 0 1
1474 -1 -1 10652 8 0 0 4 0 1 81 0 0 0 5326 4602 -2875 311 -3086 25 2663 4828 486 1902 -3671 16 0
1475 1
1476 -1 -1 5325 8 0 0 0 5 2 7 0 10 1 0
1477 1
1478 -1 -1 10649 8 0 1 0 10 0 0 0 0 0 1
1479 -1 -1 10648 8 0 0 79 3 0 0 0 0 1 5324 -1252 -3934 -4324 -261 255 2662 -537 -2114 -502 5153 247 1331 -3386 -2856 -3740 5205 245 0
1480 0
1481 1
1482 -1 -1 5323 8 0 0 0 7 1 11 0 0 0 0
1483 1
1484 -1 -1 10645 8 0 0 0 1 9 3 0 0 0 1
1485 -1 -1 10644 8 0 0 0 2 6 8 0 151 1 5322 -2921 -843 4756 1730 97 2661 4730 -6465 -4667 -3717 275 0
1486 1
1487 -1 -1 5321 8 0 0 5 9 0 0 0 31 0 0
1488 1
1489 -1 -1 10641 8 0 0 0 0 13 0 0 0 30 1
1490 -1 -1 10640 8 0 0 0 27 5 16 0 1 2 5320 4939 2883 2281 7084 254 2660 985 -7836 4364 2224 219 1330 3666 -2476 601 7003 250 665 -394 -6620 4803 3255 238 0
1491 0
1492 0
1493 1
1494 -1 -1 5319 8 0 0 0 0 0 63 0 0 0 1
1495 -1 -1 5318 8 0 2 2 0 13 8 0 16 0 2659 -2953 -4797 4441 5833 232 0
1496 0
1497 1
1498 -1 -1 10635 8 0 0 0 7 0 1 0 21 0 1
1499 -1 -1 10634 8 0 0 0 1 2 33 0 6 0 5317 -854 -7872 2488 260 16 0
1500 1
1501 -1 -1 10633 8 0 0 0 0 0 7 0 0 0 1
1502 -1 -1 10632 8 0 1 0 0 3 2 0 150 6 5316 4164 1264 4055 7441 228 2658 4508 -7724 -4632 326 215 1329 2517 -1592 2088 2590 215 0
1503 1
1504 -1 -1 2657 8 0 0 0 14 8 0 0 10 1 0
1505 0
1506 1
1507 -1 -1 10627 8 0 0 0 1 2 26 0 1 0 1
1508 -1 -1 10626 8 0 0 0 26 11 0 0 4 0 5313 402 -5367 -2347 -98 6 0
1509 1
1510 -1 -1 10625 8 0 0 0 12 2 26 0 15 0 1
1511 -1 -1 10624 8 0 0 1 5 5 279 0 2 2 5312 -2535 -5204 -792 -5449 4 2656 3062 -2755 2172 -5881 8 1328 1910 -5757 351 6332 245 664 -2205 -4595 2327 5599 213 332 3448 -1446 4113 7060 238 166 -1329 -6267 -4525 7368 248 83 546 -2382 -1906 4575 306 0
1512 0
1513 0
1514 0
1515 1
1516 -1 -1 1327 8 0 6 1 0 0 14 1 0 1 0
1517 1
1518 -1 -1 2653 8 0 2 0 1 0 3 0 22 0 1
1519 -1 -1 2652 8 0 3 0 0 0 0 0 7 33 1326 158 -4371 -3258 -4777 349 663 -1866 -3217 1442 -2124 360 0
1520 0
1521 1
1522 -1 -1 2651 8 0 3 1 0 0 5 0 2 11 1
1523 -1 -1 2650 8 0 0 0 52 0 5 0 2 0 1325 3510 -4328 -17 114 4 1
1524 -1 -1 1324 8 0 10 0 5 0 0 14 12 1 662 -819 -7672 2402 2204 328 331 -1555 -6125 4047 -7650 246 1
1525 -1 -1 330 8 0 3 0 0 1 46 3 0 0 165 -1113 -5559 -4908 330 0 0
1526 0
1527 0
1528 0
1529 1
1530 -1 -1 2639 8 0 0 0 22 3 0 0 40 0 0
1531 1
1532 -1 -1 5277 8 0 0 0 0 0 6 0 0 9 0
1533 1
1534 -1 -1 10553 8 0 0 0 0 0 0 1 9 0 1
1535 -1 -1 10552 8 0 2 1 128 0 3 0 2 3 5276 3654 -2784 -142 80 29 2638 -4802 4879 -1105 5316 183 1319 -1137 -6158 2358 -6039 292 0
1536 0
1537 1
1538 -1 -1 5275 8 0 1 1 1 4 0 0 0 0 0
1539 1
1540 -1 -1 10549 8 0 0 0 3 0 0 0 0 0 1
1541 -1 -1 10548 8 0 0 3 0 2 0 0 152 1 5274 -3388 2210 14 4697 21 2637 4335 522 1418 4950 86 0
1542 0
1543 1
1544 -1 -1 10547 8 0 1 10 9 0 0 0 39 1 1
1545 -1 -1 10546 8 0 0 9 26 1 9 0 1 0 5273 1263 -3395 -2889 4811 256 0
1546 1
1547 -1 -1 10545 8 0 0 0 0 1 2 0 0 4 1
1548 -1 -1 10544 8 0 0 0 3 1 0 0 66 0 5272 337 7239 -1937 -4151 9 2636 -141 -5447 4495 5918 237 1318 3764 -4960 -3594 768 248 659 1137 -5912 -4936 -2476 277 0
1549 0
1550 0
1551 1
1552 -1 -1 5271 8 0 0 0 0 1 0 1 0 0 0
1553 1
1554 -1 -1 10541 8 0 0 4 0 0 0 0 0 0 1
1555 -1 -1 10540 8 0 0 75 0 0 0 0 0 0 5270 2634 -6826 935 -1616 68 2635 278 -366 819 -2627 9 1
1556 -1 -1 2634 8 0 0 14 8 1 3 0 15 0 1317 1876 -1207 4999 183 268 0
1557 1
1558 -1 -1 2633 8 0 0 3 13 1 0 0 18 10 1
1559 -1 -1 2632 8 0 0 1 0 4 13 4 2 1 1316 2360 -7496 -1122 -4735 0 658 -1850 -4575 2430 6375 261 329 4114 7494 -3937 -2743 0 0
1560 0
1561 0
1562 0
1563 1
1564 -1 -1 5263 8 0 0 39 0 4 1 0 13 0 0
1565 1
1566 -1 -1 10525 8 0 0 0 16 0 4 0 0 3 1
1567 -1 -1 10524 8 0 0 5 5 5 0 0 0 55 5262 -1404 245 -843 4357 295 2631 -3402 -6529 -1428 5682 254 0
1568 1
1569 -1 -1 5261 8 0 0 6 7 8 0 0 0 1 0
1570 1
1571 -1 -1 10521 8 0 0 121 2 1 1 0 3 0 1
1572 -1 -1 10520 8 0 0 3 0 1 3 0 5 0 5260 2052 -6165 851 6932 68 2630 2715 -6256 944 1511 267 1315 -1075 -6495 4524 -447 273 0
1573 1
1574 -1 -1 2629 8 0 2 0 6 4 9 0 5 34 0
1575 1
1576 -1 -1 5257 8 0 0 0 29 0 0 0 34 0 0
1577 1
1578 -1 -1 10513 8 0 1 26 31 0 2 0 6 0 1
1579 -1 -1 10512 8 0 3 0 30 3 0 0 0 4 5256 -1782 -5365 -4471 655 164 2628 -2217 406 -4128 -3320 249 1314 -2351 7752 -3387 -7896 2 657 1734 -6188 -1372 7406 241 0
1580 0
1581 0
1582 0
1583 1
1584 -1 -1 10511 8 0 0 0 79 0 0 0 0 0 1
1585 -1 -1 10510 8 0 0 0 0 2 0 0 0 0 5255 660 -2157 -1051 6402 50 0
1586 1
1587 -1 -1 10509 8 0 0 4 3 5 0 1 24 0 1
1588 -1 -1 10508 8 0 0 20 44 5 32 1 3 3 5254 -2576 105 -4903 3162 257 2627 -3508 -6607 -2006 -6239 13 0
1589 1
1590 -1 -1 5253 8 0 1 1 5 3 0 0 16 1 0
1591 1
1592 -1 -1 10505 8 0 0 3 1 2 0 0 7 0 1
1593 -1 -1 10504 8 0 1 0 2 2 111 4 4 9 5252 -2356 -270 344 4648 276 2626 3420 4479 -489 -1438 4 1313 677 -5465 -3497 7414 227 0
1594 0
1595 1
1596 -1 -1 5251 8 0 0 8 0 1 0 0 0 5 0
1597 1
1598 -1 -1 10501 8 0 0 19 54 1 0 0 0 0 1
1599 -1 -1 10500 8 0 1 0 92 3 4 0 0 0 5250 828 -128 -2760 -5393 35 2625 -65 -6975 -2128 4691 270 0
1600 1
1601 -1 -1 5249 8 0 2 1 17 3 6 0 4 30 0
1602 1
1603 -1 -1 10497 8 0 0 59 23 1 3 0 0 0 1
1604 -1 -1 10496 8 0 4 3 8 5 17 9 1 0 5248 -1260 -2909 475 5017 83 2624 1609 -6066 -457 4325 207 1312 4950 -5417 4166 3164 25 656 -999 -7450 1568 5387 204 328 -297 -5501 3599 -275 242 164 1008 -1806 -3432 288 249 82 -1059 -1139 1319 4398 333 41 3621 -1372 -3234 4003 202 0
1605 0
1606 0
1607 1
1608 -1 -1 327 8 0 11 11 23 9 0 0 0 0 0
1609 0
1610 0
1611 1
1612 -1 -1 2615 8 0 0 0 1 66 0 0 0 0 1
1613 -1 -1 2614 8 0 0 3 0 10 0 1 0 3 1307 556 -7261 824 4237 261 1
1614 -1 -1 1306 8 0 0 0 0 3 2 6 0 0 653 4782 -7636 -2334 6711 165 0
1615 1
1616 -1 -1 1305 8 0 1 4 0 4 0 21 0 7 1
1617 -1 -1 1304 8 0 0 0 12 17 0 5 3 1 652 453 -4882 2663 -2467 13 326 -3512 -7362 785 2283 187 163 3023 6372 -642 4876 31 0
1618 0
1619 1
1620 -1 -1 651 8 0 0 2 3 5 0 0 0 23 0
1621 1
1622 -1 -1 1301 8 0 0 1 0 3 13 5 0 0 0
1623 0
1624 1
1625 -1 -1 5203 8 0 0 17 0 9 0 0 1 3 0
1626 1
1627 -1 -1 10405 8 0 0 229 3 0 0 0 0 0 1
1628 -1 -1 10404 8 0 0 44 0 7 0 0 0 0 5202 2922 6430 1147 517 16 2601 4347 -1748 -3899 -2838 222 1
1629 -1 -1 2600 8 0 1 34 14 1 0 1 3 3 1300 4902 -7375 2799 3717 215 650 90 6547 -1174 -7455 13 325 -4895 1087 -3949 -4511 286 0
1630 0
1631 0
1632 0
1633 1
1634 -1 -1 5199 8 0 0 0 12 0 0 0 0 0 0
1635 1
1636 -1 -1 10397 8 0 0 0 0 0 71 0 0 0 1
1637 -1 -1 10396 8 0 0 0 2 0 0 0 0 0 5198 527 7120 -763 1400 47 2599 2306 -7375 3978 3931 372 1
1638 -1 -1 2598 8 0 0 0 5 1 9 0 22 3 1299 -3029 -5423 2809 4420 304 0
1639 1
1640 -1 -1 2597 8 0 0 14 0 0 18 0 0 0 0
1641 1
1642 -1 -1 5193 8 0 0 0 0 0 0 1 0 33 0
1643 1
1644 -1 -1 10385 8 0 0 0 4 16 2 0 2 24 1
1645 -1 -1 10384 8 0 2 16 10 15 5 0 2 0 5192 -1375 -66 -3437 -5472 52 2596 1147 -659 4649 7882 331 1298 -4475 7354 1295 267 287 649 3019 6134 -1971 1438 54 0
1646 0
1647 1
1648 -1 -1 2595 8 0 1 4 0 1 0 0 0 53 1
1649 -1 -1 2594 8 0 1 1 0 6 0 3 0 2 1297 -1484 -5871 2307 2020 282 0
1650 0
1651 1
1652 -1 -1 5187 8 0 0 0 0 5 2 0 0 0 0
1653 1
1654 -1 -1 10373 8 0 0 0 0 0 0 0 0 1 1
1655 -1 -1 10372 8 0 0 70 0 0 0 0 0 0 5186 2671 1568 4102 -4191 212 2593 3602 -767 4908 -3905 4 0
1656 1
1657 -1 -1 5185 8 0 3 0 0 1 0 11 0 9 0
1658 1
1659 -1 -1 10369 8 0 0 17 0 10 0 0 0 0 1
1660 -1 -1 10368 8 0 6 24 29 6 0 3 18 1 5184 -733 2737 -434 -2102 7 2592 -627 311 -4957 7204 346 1296 -1369 4933 -555 -1599 3 648 -4944 4105 -998 2466 9 324 620 -7060 4477 4840 303 162 -2451 6427 3958 10 235 81 3118 618 1042 7703 3 0
1661 0
1662 0
1663 0
1664 1
1665 -1 -1 1295 8 0 0 9 25 6 10 1 8 10 1
1666 -1 -1 1294 8 0 1 2 2 4 2 0 47 0 647 1638 -6182 -3681 6798 233 0
1667 1
1668 -1 -1 1293 8 0 0 0 0 2 2 0 3 9 0
1669 1
1670 -1 -1 2585 8 0 1 2 2 3 14 0 1 0 0
1671 1
1672 -1 -1 5169 8 0 2 2 0 2 0 0 0 0 0
1673 1
1674 -1 -1 10337 8 0 0 6 122 1 0 0 2 0 1
1675 -1 -1 10336 8 0 0 11 6 2 0 0 1 0 5168 -980 -7126 2341 5018 7 2584 154 -2069 -2358 3150 206 1292 -2773 -4365 3149 -5762 2 646 452 -6239 -311 2261 269 323 2774 -7976 1481 5988 221 0
1676 0
1677 1
1678 -1 -1 1291 8 0 4 3 22 3 15 0 1 7 0
1679 1
1680 -1 -1 2581 8 0 0 47 1 1 0 0 19 0 0
1681 1
1682 -1 -1 5161 8 0 0 13 3 2 0 0 0 0 0
1683 1
1684 -1 -1 10321 8 0 0 4 6 0 17 0 16 0 1
1685 -1 -1 10320 8 0 1 0 0 1 59 0 1 0 5160 4565 -6888 -3845 2117 91 2580 -112 2402 3857 3401 221 1290 1033 -2713 4009 -1449 228 645 1793 -4180 -1494 2389 286 0
1686 0
1687 0
1688 1
1689 -1 -1 5159 8 0 0 3 0 3 0 0 1 42 1
1690 -1 -1 5158 8 0 0 0 1 1 20 0 0 1 2579 -451 992 4905 878 254 0
1691 0
1692 1
1693 -1 -1 10315 8 0 1 0 0 0 0 0 2 22 1
1694 -1 -1 10314 8 0 2 2 0 23 3 11 0 24 5157 -2767 873 1798 -2266 349 1
1695 -1 -1 5156 8 0 10 5 11 14 10 7 8 3 2578 -1884 1921 4801 995 246 1289 -3905 -256 -1680 -3622 24 0
1696 0
1697 1
1698 -1 -1 5155 8 0 1 27 0 3 0 3 0 15 0
1699 1
1700 -1 -1 10309 8 0 1 0 20 3 0 0 0 0 1
1701 -1 -1 10308 8 0 8 8 9 46 9 0 2 28 5154 -4162 -710 3082 -6100 263 2577 -2623 1331 -4841 2136 246 0
1702 0
1703 1
1704 -1 -1 10307 8 0 2 12 52 10 17 1 11 0 1
1705 -1 -1 10306 8 0 5 61 3 16 0 3 5 1 5153 -3083 1646 405 76 0 0
1706 1
1707 -1 -1 10305 8 0 2 0 1 6 7 0 31 0 1
1708 -1 -1 10304 8 0 23 4 26 17 49 24 7 0 5152 1109 -804 -4261 6131 227 2576 -4186 654 -1062 7185 201 1288 915 -6461 -4657 7674 238 644 1609 -6807 4963 6125 285 322 1147 734 -837 1796 160 161 1338 2224 -4974 1775 24 0
1709 0
1710 0
1711 0
1712 0
1713 1
1714 -1 -1 5151 8 0 0 3 5 0 0 2 0 0 1
1715 -1 -1 5150 8 0 0 0 1 4 16 0 45 1 2575 -3015 1189 3780 -6997 290 1
1716 -1 -1 2574 8 0 0 2 22 4 6 3 0 3 1287 -2653 -5479 -4316 4769 2 0
1717 0
1718 1
1719 -1 -1 5147 8 0 0 3 0 1 0 3 0 24 1
1720 -1 -1 5146 8 0 3 7 7 8 16 1 1 0 2573 -790 734 3056 5809 277 0
1721 0
1722 1
1723 -1 -1 10291 8 0 2 0 0 56 0 6 0 0 1
1724 -1 -1 10290 8 0 1 1 8 18 6 9 0 1 5145 -4626 7495 -1133 6284 1 1
1725 -1 -1 5144 8 0 1 7 34 8 1 10 3 1 2572 -4964 -4046 -4871 954 0 1286 4750 -6174 1005 4122 292 643 2927 4180 141 1135 19 0
1726 0
1727 0
1728 1
1729 -1 -1 5143 8 0 0 4 0 0 0 3 28 4 0
1730 1
1731 -1 -1 10285 8 0 0 0 0 5 0 0 0 25 1
1732 -1 -1 10284 8 0 0 22 4 11 0 3 4 12 5142 4720 -4654 220 4165 243 2571 104 -3192 -2702 2560 68 0
1733 1
1734 -1 -1 5141 8 0 3 0 0 10 0 28 0 2 0
1735 1
1736 -1 -1 10281 8 0 0 1 0 3 5 2 0 52 1
1737 -1 -1 10280 8 0 1 0 3 21 10 10 2 8 5140 -1318 -5817 -3815 -5288 32 2570 -4395 -3123 2793 -70 324 1285 4105 -7293 -3400 -2745 174 0
1738 0
1739 1
1740 -1 -1 5139 8 0 2 2 4 17 0 0 0 0 0
1741 1
1742 -1 -1 10277 8 0 2 0 0 34 3 4 0 3 1
1743 -1 -1 10276 8 0 13 1 2 39 4 149 0 2 5138 -4938 -5328 2378 4647 199 2569 2509 -3389 -2774 -1448 228 0
1744 1
1745 -1 -1 5137 8 0 0 0 1 3 0 0 1 15 1
1746 -1 -1 5136 8 0 1 3 12 20 4 9 0 3 2568 -3332 1331 -2483 -3445 222 1284 -2741 670 -961 2774 1 642 2841 4386 712 559 1 321 -3191 -3072 4176 3397 195 0
1747 0
1748 0
1749 1
1750 -1 -1 2567 8 0 0 0 0 0 8 0 11 0 0
1751 1
1752 -1 -1 5133 8 0 2 0 2 0 0 0 0 0 0
1753 1
1754 -1 -1 10265 8 0 0 0 0 0 0 0 0 2 1
1755 -1 -1 10264 8 0 0 0 0 7 0 0 91 0 5132 413 2311 2130 1711 239 2566 3284 -4974 -4182 -4436 42 1283 1496 5257 939 -291 345 0
1756 1
1757 -1 -1 2565 8 0 1 3 0 1 0 2 4 6 0
1758 1
1759 -1 -1 5129 8 0 0 0 0 4 1 6 0 0 1
1760 -1 -1 5128 8 0 0 3 3 25 10 0 25 0 2564 -1200 -1835 3962 5707 25 1282 -2257 -5822 3261 -6833 220 641 2667 1101 -1984 5148 294 0
1761 0
1762 0
1763 1
1764 -1 -1 5127 8 0 0 1 0 16 0 8 1 22 1
1765 -1 -1 5126 8 0 3 7 2 26 3 2 8 0 2563 1678 2979 815 -6366 18 0
1766 1
1767 -1 -1 5125 8 0 1 0 0 0 0 0 57 1 0
1768 1
1769 -1 -1 10249 8 0 0 1 7 13 29 0 28 0 1
1770 -1 -1 10248 8 0 0 5 20 5 1 7 4 0 5124 1920 -1572 96 6916 215 2562 -3342 4460 -4233 -4408 284 1281 1956 2435 -760 -3678 4 0
1771 1
1772 -1 -1 2561 8 0 7 2 1 5 1 3 4 42 0
1773 0
1774 1
1775 -1 -1 10243 8 0 0 0 1 13 0 23 0 5 1
1776 -1 -1 10242 8 0 10 0 0 27 0 7 0 0 5121 -3151 6725 -2972 987 11 0
1777 1
1778 -1 -1 10241 8 0 0 14 1 2 24 0 0 1 1
1779 -1 -1 10240 8 0 26 11 9 45 13 6 2 6 5120 540 2802 3474 -1276 23 2560 -558 76 -1482 -4165 7 1280 4135 6807 2734 -7262 346 640 4787 -4911 597 7646 150 320 2837 5310 -984 -4679 208 160 -1659 -7655 3185 1830 57 80 563 -1248 3395 4880 140 40 -2046 -6441 -4950 1201 250 20 -447 -179 -3628 2052 171 10 3159 -2149 -960 6334 296 5 1072 -7263 -1717 7395 400 0
1780 0
1781 0
1782 0
1783 0
1784 0
1785 0
1786 1
1787 -1 -1 639 8 0 3 5 8 6 0 0 0 2 0
1788 1
1789 -1 -1 1277 8 0 10 0 3 1 0 1 0 5 0
1790 0
1791 1
1792 -1 -1 5107 8 0 0 0 0 1 0 0 0 1 0
1793 1
1794 -1 -1 10213 8 0 0 0 0 0 0 0 0 3 1
1795 -1 -1 10212 8 0 0 0 0 0 0 0 0 172 5106 -1941 -5813 630 -6781 107 2553 1987 -1668 910 -5288 381 1
1796 -1 -1 2552 8 0 0 0 0 3 0 0 0 3 1276 3939 4421 -2550 27 205 638 1031 7770 23 -7159 334 319 -1173 777 2526 -1214 342 1
1797 -1 -1 318 8 0 2 1 0 4 0 0 19 0 159 -605 6991 -4522 -2338 81 0
1798 0
1799 1
1800 -1 -1 635 8 0 6 0 37 2 5 3 0 0 0
1801 0
1802 1
1803 -1 -1 2539 8 0 12 0 0 2 0 0 0 0 1
1804 -1 -1 2538 8 0 24 0 0 0 0 37 0 0 1269 325 388 -4781 -2805 23 1
1805 -1 -1 1268 8 0 26 0 4 1 0 0 0 1 634 37 -3055 535 -7294 2 317 2973 -5591 2549 2355 130 0
1806 1
1807 -1 -1 633 8 0 0 0 1 8 1 0 48 10 0
1808 1
1809 -1 -1 1265 8 0 0 0 0 0 2 1 2 20 0
1810 1
1811 -1 -1 2529 8 0 2 51 0 1 1 0 0 0 1
1812 -1 -1 2528 8 0 9 0 7 0 3 2 0 0 1264 -2997 -7772 -2252 3321 3 632 1765 6380 4204 7275 6 316 87 5695 3391 -7169 313 158 1495 7976 4251 -7630 393 79 -4010 -2035 -4544 -7901 38 0
1813 0
1814 0
1815 1
1816 -1 -1 631 8 0 0 2 3 0 25 1 0 27 1
1817 -1 -1 630 8 0 1 34 1 7 2 0 0 0 315 -4508 5988 2930 4643 22 0
1818 1
1819 -1 -1 629 8 0 0 0 16 8 18 14 3 3 0
1820 1
1821 -1 -1 1257 8 0 2 0 0 3 0 3 3 1 0
1822 1
1823 -1 -1 2513 8 0 0 0 2 3 0 0 0 5 0
1824 1
1825 -1 -1 5025 8 0 0 0 0 1 0 0 0 2 0
1826 1
1827 -1 -1 10049 8 0 0 0 0 2 0 0 0 0 1
1828 -1 -1 10048 8 0 0 0 83 1 0 0 0 0 5024 4429 -5590 3357 -3430 278 2512 3018 784 4126 3212 264 1256 -375 -7774 4197 -6191 1 628 4017 -634 -2366 6366 11 314 4520 3575 3732 1804 4 157 3079 -6580 -2898 -5677 64 0
1829 0
1830 1
1831 -1 -1 627 8 0 2 0 6 47 2 0 1 1 0
1832 0
1833 1
1834 -1 -1 2507 8 0 0 0 0 1 1 10 0 0 0
1835 0
1836 1
1837 -1 -1 10027 8 0 1 0 0 0 0 0 0 0 1
1838 -1 -1 10026 8 0 0 0 0 0 0 0 73 0 5013 -1467 -7753 3425 3246 346 1
1839 -1 -1 5012 8 0 0 0 0 13 1 4 33 0 2506 -600 6078 3905 -920 374 1253 -2728 -5206 619 -6131 271 0
1840 1
1841 -1 -1 2505 8 0 0 0 0 11 0 1 0 25 1
1842 -1 -1 2504 8 0 0 0 0 19 3 0 39 3 1252 -434 -1314 -460 -6769 35 626 3712 7869 1038 6360 6 313 2120 3683 4663 7511 5 0
1843 0
1844 1
1845 -1 -1 1251 8 0 0 1 1 29 0 26 1 1 1
1846 -1 -1 1250 8 0 0 0 18 14 5 5 3 0 625 -842 325 -97 -7467 16 0
1847 0
1848 1
1849 -1 -1 2499 8 0 1 0 8 0 0 0 0 0 0
1850 1
1851 -1 -1 4997 8 0 0 0 4 0 0 0 2 0 1
1852 -1 -1 4996 8 0 0 0 0 4 56 5 1 0 2498 -95 -6225 4197 -1028 218 1249 2374 2142 4016 -5328 236 1
1853 -1 -1 1248 8 0 2 2 0 9 11 23 1 1 624 3297 6997 -4727 -4088 170 312 -4401 5428 2471 -7092 35 156 3931 5171 25 -4179 206 78 4401 -5751 -4521 -1504 26 39 2286 6407 -3265 -4508 319 0
1854 0
1855 0
1856 0
1857 0
1858 1
1859 -1 -1 1247 8 0 0 0 0 2 0 9 0 0 0
1860 1
1861 -1 -1 2493 8 0 0 0 0 0 0 39 0 0 0
1862 1
1863 -1 -1 4985 8 0 0 0 0 0 0 5 0 0 0
1864 1
1865 -1 -1 9969 8 0 0 0 0 0 0 8 0 0 1
1866 -1 -1 9968 8 0 0 0 0 0 0 72 0 0 4984 659 -4239 -3423 -144 9 2492 -252 5114 4116 -1190 63 1246 -2539 -3248 -3745 4572 143 623 -2420 3446 -4820 -7927 388 0
1867 1
1868 -1 -1 1245 8 0 11 0 0 4 0 54 0 0 1
1869 -1 -1 1244 8 0 0 0 0 5 0 0 0 0 622 -2847 1604 -2835 -4357 7 311 230 -852 -125 -5111 31 0
1870 0
1871 1
1872 -1 -1 1243 8 0 0 13 4 11 0 5 19 9 0
1873 1
1874 -1 -1 2485 8 0 0 0 34 23 0 10 0 0 1
1875 -1 -1 2484 8 0 1 0 0 38 0 24 1 0 1242 -1002 7655 3362 -4187 180 621 1610 4081 476 -5664 243 0
1876 0
1877 0
1878 0
1879 1
1880 -1 -1 9935 8 0 2 0 0 12 0 1 0 0 1
1881 -1 -1 9934 8 0 9 1 0 22 0 170 0 0 4967 -569 4900 -4121 7615 9 1
1882 -1 -1 4966 8 0 4 3 0 15 0 4 2 1 2483 -4736 -2133 -3764 -6343 4 1
1883 -1 -1 2482 8 0 2 5 29 17 2 6 2 0 1241 -77 7999 4241 -6132 21 0
1884 0
1885 1
1886 -1 -1 4963 8 0 0 1 1 6 0 10 0 16 0
1887 1
1888 -1 -1 9925 8 0 5 0 0 29 0 147 0 0 1
1889 -1 -1 9924 8 0 2 0 0 53 3 47 1 1 4962 -1055 7172 828 2570 31 2481 -1985 -2929 2833 -4696 80 0
1890 1
1891 -1 -1 4961 8 0 1 0 0 8 6 37 0 0 0
1892 1
1893 -1 -1 9921 8 0 4 0 2 49 6 41 0 1 1
1894 -1 -1 9920 8 0 4 0 0 165 0 18 0 3 4960 -4009 4810 -2028 -962 27 2480 -1346 -4369 -3343 2267 257 1240 -3183 2213 -487 -1867 23 620 -4327 -5848 4077 -7901 339 310 2937 3424 -2226 -6058 163 155 -4390 -7375 -4996 7509 372 0
1895 0
1896 1
1897 -1 -1 619 8 0 2 0 1 5 0 0 0 1 1
1898 -1 -1 618 8 0 3 0 0 3 0 54 0 2 309 -2871 -7304 4695 5380 0 0
1899 0
1900 1
1901 -1 -1 1235 8 0 1 0 3 8 8 29 0 4 0
1902 1
1903 -1 -1 2469 8 0 3 0 6 8 0 4 0 11 0
1904 1
1905 -1 -1 4937 8 0 0 9 8 6 0 0 0 0 0
1906 1
1907 -1 -1 9873 8 0 0 0 79 0 0 0 0 3 1
1908 -1 -1 9872 8 0 1 0 36 4 0 3 0 0 4936 238 -3044 4898 -4573 47 2468 1549 -1453 -458 -7252 14 1234 -4544 3206 -1385 -4733 17 617 -2201 5806 -2206 -6397 55 0
1909 1
1910 -1 -1 1233 8 0 0 0 0 1 0 0 21 0 0
1911 0
1912 1
1913 -1 -1 4931 8 0 0 3 17 7 4 2 1 0 1
1914 -1 -1 4930 8 0 2 3 4 11 2 1 4 41 2465 -3333 6844 -2200 3169 2 1
1915 -1 -1 2464 8 0 9 9 3 17 4 16 0 0 1232 -3151 4252 -2295 -3607 15 616 4475 -573 3010 622 22 308 -1211 7088 -1021 2484 15 154 4178 7175 -3320 7660 384 77 -1488 -792 -1881 -7255 9 0
1916 0
1917 0
1918 0
1919 1
1920 -1 -1 1231 8 0 2 0 3 5 1 8 3 6 0
1921 1
1922 -1 -1 2461 8 0 0 0 1 6 0 0 0 2 0
1923 1
1924 -1 -1 4921 8 0 0 0 2 8 0 1 0 0 0
1925 1
1926 -1 -1 9841 8 0 0 0 0 27 0 88 0 0 1
1927 -1 -1 9840 8 0 0 0 1 1 0 52 0 0 4920 -2531 4399 3934 -6000 11 2460 2437 -7478 546 -1062 1 1230 -2444 6278 -4277 -6211 277 615 987 7554 1733 -6852 230 0
1928 1
1929 -1 -1 1229 8 0 2 0 30 9 0 7 0 8 1
1930 -1 -1 1228 8 0 2 8 3 16 0 23 2 0 614 -4829 729 -4913 -2043 6 307 -1709 3407 -2319 1737 4 0
1931 0
1932 0
1933 0
1934 0
1935 1
1936 -1 -1 9823 8 0 2 0 0 9 0 8 1 0 1
1937 -1 -1 9822 8 0 4 0 0 2 0 72 1 0 4911 3055 -2758 -3813 7883 70 1
1938 -1 -1 4910 8 0 13 3 0 14 2 7 5 0 2455 2493 6478 1532 3483 15 0
1939 0
1940 1
1941 -1 -1 9819 8 0 6 0 0 20 0 9 167 0 1
1942 -1 -1 9818 8 0 0 0 0 5 5 11 6 0 4909 3897 -144 4572 -2042 5 1
1943 -1 -1 4908 8 0 3 0 0 21 0 29 4 0 2454 -3629 1757 -560 -4011 22 1227 -1148 4287 2495 458 17 0
1944 0
1945 0
1946 1
1947 -1 -1 9815 8 0 1 0 0 6 0 1 7 0 1
1948 -1 -1 9814 8 0 1 0 16 4 51 2 0 0 4907 1474 6365 3923 -4994 41 1
1949 -1 -1 4906 8 0 5 0 2 32 0 9 0 0 2453 2548 532 -1631 -1819 15 0
1950 1
1951 -1 -1 4905 8 0 0 0 0 11 0 1 38 0 0
1952 1
1953 -1 -1 9809 8 0 1 3 1 19 3 17 24 0 1
1954 -1 -1 9808 8 0 9 2 0 119 12 28 11 0 4904 -4248 3333 4740 5969 367 2452 2422 -5392 -4491 3125 295 1226 -74 5336 2066 5833 0 613 -4789 -2608 -2041 -3720 6 0
1955 0
1956 1
1957 -1 -1 2451 8 0 3 6 33 9 2 8 0 7 0
1958 1
1959 -1 -1 4901 8 0 7 0 0 12 5 0 11 0 1
1960 -1 -1 4900 8 0 16 0 1 17 1 26 0 0 2450 2384 1915 -1149 -7481 36 1225 -4512 6387 642 -5376 31 0
1961 1
1962 -1 -1 2449 8 0 16 0 0 13 7 3 12 0 0
1963 1
1964 -1 -1 4897 8 0 1 5 2 9 0 17 0 1 0
1965 1
1966 -1 -1 9793 8 0 21 0 0 65 1 18 0 1 1
1967 -1 -1 9792 8 0 54 0 0 106 3 189 5 2 4896 -893 7826 -1595 391 29 2448 -1563 4748 111 13 38 1224 3362 4282 -2986 -7470 295 612 -184 2748 654 -3719 22 306 2898 1088 4895 -6771 18 153 -3745 4316 4936 -3753 84 0
1968 0
1969 0
1970 1
1971 -1 -1 1223 8 0 0 0 6 8 8 30 2 3 0
1972 0
1973 1
1974 -1 -1 4891 8 0 0 0 0 2 64 2 0 0 1
1975 -1 -1 4890 8 0 0 0 0 12 5 2 3 2 2445 -2852 -1109 -4628 -5285 11 0
1976 1
1977 -1 -1 4889 8 0 1 0 0 11 13 1 0 0 1
1978 -1 -1 4888 8 0 6 0 1 12 1 6 19 2 2444 3533 4334 4423 2790 8 1222 -647 5892 -536 3231 16 611 547 7314 3359 409 87 0
1979 1
1980 -1 -1 1221 8 0 0 0 0 19 0 8 14 2 1
1981 -1 -1 1220 8 0 6 22 3 3 1 1 0 4 610 1765 1528 -4516 3693 25 305 -3685 5291 -3957 -4033 4 0
1982 1
1983 -1 -1 609 8 0 15 3 0 10 0 1 21 0 0
1984 0
1985 1
1986 -1 -1 2435 8 0 8 0 0 2 0 4 2 3 1
1987 -1 -1 2434 8 0 1 0 0 2 0 1 0 56 1217 4625 7655 -730 -1511 38 0
1988 1
1989 -1 -1 2433 8 0 5 21 0 8 0 0 0 17 0
1990 1
1991 -1 -1 4865 8 0 0 0 1 8 10 3 0 2 1
1992 -1 -1 4864 8 0 19 0 2 38 0 8 0 0 2432 -1512 6129 3598 -933 20 1216 4540 -7732 -4893 4954 232 608 -3432 3490 -1245 7371 4 304 1245 3202 -4035 -7740 304 152 -1727 4936 3513 -6788 15 76 2063 -1233 773 -7366 5 38 -1683 2818 4280 -7952 59 19 1972 5325 1218 -635 182 0
1993 0
1994 0
1995 0
1996 1
1997 -1 -1 303 8 0 34 3 0 0 0 0 0 3 0
1998 1
1999 -1 -1 605 8 0 13 1 3 0 3 1 0 0 1
2000 -1 -1 604 8 0 5 0 56 0 0 0 0 0 302 -2955 -7824 4715 -7206 19 151 4689 -6378 -4752 1594 328 0
2001 0
2002 1
2003 -1 -1 603 8 0 1 4 6 1 5 0 0 2 0
2004 0
2005 1
2006 -1 -1 2411 8 0 11 1 2 1 0 1 0 1 0
2007 0
2008 1
2009 -1 -1 9643 8 0 5 0 0 0 0 0 0 0 1
2010 -1 -1 9642 8 0 183 0 0 0 0 0 0 0 4821 2852 -5816 1467 576 95 1
2011 -1 -1 4820 8 0 25 0 0 0 0 4 0 0 2410 -242 -6251 -4350 272 6 1205 -3961 5507 -3679 7665 2 0
2012 1
2013 -1 -1 2409 8 0 4 2 1 13 0 0 0 1 1
2014 -1 -1 2408 8 0 39 0 1 0 0 6 3 6 1204 -3182 6810 -1649 5016 1 602 2823 -6362 -1118 -2627 3 301 -275 -3178 518 1904 74 0
2015 1
2016 -1 -1 601 8 0 36 0 0 0 0 0 0 0 0
2017 0
2018 0
2019 1
2020 -1 -1 4807 8 0 12 0 0 0 0 2 0 0 0
2021 1
2022 -1 -1 9613 8 0 0 0 0 0 0 29 0 0 1
2023 -1 -1 9612 8 0 17 0 0 1 0 48 0 0 4806 4821 -2314 4353 1877 8 2403 -2573 -5753 1882 -4577 12 1
2024 -1 -1 2402 8 0 12 0 0 0 0 0 0 0 1201 -3946 -375 2625 -2341 2 0
2025 1
2026 -1 -1 2401 8 0 22 0 0 0 0 0 0 0 1
2027 -1 -1 2400 8 0 39 0 0 0 0 15 0 0 1200 -1349 -4764 4652 1106 8 600 1362 -7141 760 222 9 300 -673 -2677 3728 1510 19 150 1893 -6004 -3344 -3448 0 75 -3414 -7221 -4825 1935 123 0
2028 0
2029 0
2030 1
2031 -1 -1 599 8 0 3 1 1 6 8 5 0 25 1
2032 -1 -1 598 8 0 1 0 0 0 0 0 0 65 299 -3002 6480 -3042 -6356 61 0
2033 1
2034 -1 -1 597 8 0 0 0 2 3 0 1 39 0 1
2035 -1 -1 596 8 0 3 6 9 3 0 0 1 8 298 -3393 5743 -4726 -7989 138 149 -2515 5999 -3649 -367 33 0
2036 0
2037 1
2038 -1 -1 595 8 0 4 20 0 10 1 2 21 6 0
2039 0
2040 1
2041 -1 -1 2379 8 0 0 0 0 0 0 21 1 0 1
2042 -1 -1 2378 8 0 11 0 0 27 0 30 0 0 1189 1074 4980 3679 1126 46 1
2043 -1 -1 1188 8 0 0 6 0 4 4 2 2 0 594 1373 -522 -3374 -1891 351 297 31 2000 3128 -6294 286 0
2044 1
2045 -1 -1 593 8 0 4 3 6 1 3 3 0 7 0
2046 0
2047 1
2048 -1 -1 2371 8 0 7 0 0 5 0 0 0 0 0
2049 1
2050 -1 -1 4741 8 0 39 0 0 0 0 0 0 0 1
2051 -1 -1 4740 8 0 35 0 0 0 0 0 0 0 2370 1547 -6390 -1700 -7677 199 1185 2106 7062 2983 6462 2 1
2052 -1 -1 1184 8 0 8 0 3 7 0 2 2 0 592 4284 -5552 -2666 7656 16 296 2853 3919 2674 -2844 18 148 1782 3088 4074 -4916 3 74 -4245 7160 2325 -5066 11 37 -4622 6420 -229 -4306 398 0
2053 0
2054 1
2055 -1 -1 147 8 0 0 45 0 4 0 4 11 0 0
2056 1
2057 -1 -1 293 8 0 18 8 1 8 0 10 1 0 0
2058 0
2059 1
2060 -1 -1 1171 8 0 2 0 0 7 0 57 0 0 1
2061 -1 -1 1170 8 0 4 1 0 9 0 4 3 0 585 -1323 -2252 3442 -5037 5 1
2062 -1 -1 584 8 0 0 0 0 14 0 8 36 2 292 -188 6848 1275 6616 0 146 -1533 -5199 -2118 2750 9 73 1027 -6082 -448 866 168 0
2063 0
2064 0
2065 0
2066 0
2067 1
2068 -1 -1 2335 8 0 0 0 1 0 0 0 0 1 0
2069 1
2070 -1 -1 4669 8 0 0 0 0 0 1 0 0 0 0
2071 1
2072 -1 -1 9337 8 0 0 0 0 0 0 0 17 0 1
2073 -1 -1 9336 8 0 0 0 0 0 0 0 69 0 4668 992 -7005 637 -3715 32 2334 505 7787 -2104 -7472 386 1167 -80 -1486 4213 -2462 251 0
2074 1
2075 -1 -1 2333 8 0 2 4 0 0 0 1 0 5 0
2076 1
2077 -1 -1 4665 8 0 0 1 0 2 30 0 2 0 1
2078 -1 -1 4664 8 0 0 0 2 13 0 0 27 0 2332 -1192 -1758 4800 -1333 236 1166 -4848 2936 1389 5511 8 583 1713 6206 -4782 -1724 298 0
2079 0
2080 1
2081 -1 -1 2331 8 0 1 0 12 4 3 1 0 29 1
2082 -1 -1 2330 8 0 6 0 3 7 0 11 8 0 1165 -2152 7823 -1233 -6800 21 0
2083 0
2084 1
2085 -1 -1 4659 8 0 0 0 20 2 4 1 2 1 0
2086 1
2087 -1 -1 9317 8 0 0 0 0 16 9 0 1 0 1
2088 -1 -1 9316 8 0 0 0 5 6 54 2 4 3 4658 4844 4854 -2009 7458 2 2329 -4578 -1539 613 4916 12 1
2089 -1 -1 2328 8 0 1 1 0 5 0 0 14 0 1164 -2793 -3704 3488 -394 0 582 -4298 1517 1429 -6879 254 291 3470 3984 -1415 7250 18 0
2090 0
2091 1
2092 -1 -1 1163 8 0 3 25 0 5 1 0 25 1 1
2093 -1 -1 1162 8 0 0 4 2 2 0 3 0 18 581 -96 4569 -1781 -4321 347 0
2094 0
2095 1
2096 -1 -1 2323 8 0 3 1 5 1 0 3 0 19 1
2097 -1 -1 2322 8 0 1 3 0 2 32 0 0 0 1161 -268 -134 -891 -5656 34 0
2098 0
2099 1
2100 -1 -1 4643 8 0 0 24 5 3 0 1 0 21 0
2101 1
2102 -1 -1 9285 8 0 0 46 51 1 0 0 3 0 1
2103 -1 -1 9284 8 0 0 16 188 23 18 2 18 18 4642 -4126 1992 -979 -540 254 2321 -2328 7807 3819 7504 309 0
2104 1
2105 -1 -1 4641 8 0 1 11 0 15 2 14 3 0 0
2106 1
2107 -1 -1 9281 8 0 1 25 26 7 19 3 23 4 1
2108 -1 -1 9280 8 0 1 8 61 8 53 3 1 0 4640 4330 -3907 4868 4036 0 2320 4032 837 -4808 -224 302 1160 -632 7491 1075 410 15 580 -1770 7073 1633 525 326 290 4438 2517 958 -5365 377 145 -3473 -7305 244 -4400 2 0
2109 0
2110 0
2111 1
2112 -1 -1 1159 8 0 2 22 3 26 0 16 0 0 0
2113 1
2114 -1 -1 2317 8 0 0 1 0 2 0 4 1 0 0
2115 1
2116 -1 -1 4633 8 0 0 0 65 1 0 0 0 0 1
2117 -1 -1 4632 8 0 1 2 0 2 0 0 0 0 2316 -4457 7758 -4400 -4540 3 1158 -3432 1964 -158 -4689 11 579 -3120 6970 4730 2285 13 0
2118 0
2119 0
2120 0
2121 1
2122 -1 -1 9263 8 0 0 1 3 8 16 0 0 1 1
2123 -1 -1 9262 8 0 0 1 6 65 0 37 0 0 4631 528 -5038 267 -401 12 0
2124 1
2125 -1 -1 9261 8 0 0 11 4 2 0 8 0 0 1
2126 -1 -1 9260 8 0 0 5 9 21 3 0 2 30 4630 1405 -6031 -4648 7059 222 2315 -4688 7426 -4059 2886 0 0
2127 0
2128 1
2129 -1 -1 9259 8 0 0 7 1 17 3 3 19 0 1
2130 -1 -1 9258 8 0 9 15 0 24 7 52 0 1 4629 4276 4161 -924 5646 3 0
2131 1
2132 -1 -1 9257 8 0 2 18 3 4 116 5 3 2 1
2133 -1 -1 9256 8 0 1 19 4 19 4 5 7 6 4628 -617 7375 1105 -3167 33 2314 285 -525 4245 -5710 5 1157 1078 6809 4683 -3976 95 0
2134 0
2135 0
2136 1
2137 -1 -1 9255 8 0 2 1 0 1 0 0 4 23 1
2138 -1 -1 9254 8 0 0 18 4 21 74 2 35 18 4627 4356 -7927 -3067 5766 303 0
2139 1
2140 -1 -1 9253 8 0 1 16 28 20 19 17 3 17 1
2141 -1 -1 9252 8 0 5 37 81 66 350 1 16 9 4626 -1908 -3229 -846 -6277 4 2313 4131 -1946 -1113 7004 10 0
2142 1
2143 -1 -1 4625 8 0 1 0 0 2 8 1 0 23 0
2144 1
2145 -1 -1 9249 8 0 1 6 41 10 21 0 7 2 1
2146 -1 -1 9248 8 0 19 8 28 42 3 26 0 5 4624 899 5183 -1244 -2368 29 2312 1715 -4123 1388 -177 257 1156 2152 5871 -566 -6435 29 578 -2876 852 4774 -2249 4 289 -3965 -5076 4962 -7607 392 0
2147 0
2148 1
2149 -1 -1 1155 8 0 3 4 4 3 1 1 0 14 0
2150 1
2151 -1 -1 2309 8 0 1 15 2 18 0 0 0 0 0
2152 1
2153 -1 -1 4617 8 0 1 5 0 12 1 0 0 0 0
2154 1
2155 -1 -1 9233 8 0 33 0 0 11 0 2 0 0 1
2156 -1 -1 9232 8 0 7 0 0 17 0 14 0 0 4616 762 149 -848 6299 9 2308 -1776 1578 -2678 -3247 22 1154 4374 -4501 -2407 -6143 40 577 123 -894 4222 2263 219 0
2157 0
2158 0
2159 1
2160 -1 -1 4615 8 0 1 3 0 6 11 4 8 2 1
2161 -1 -1 4614 8 0 0 2 0 12 0 1 0 33 2307 2361 -841 276 -7951 250 1
2162 -1 -1 2306 8 0 0 1 4 1 13 0 25 7 1153 4071 1144 -4712 7647 125 0
2163 0
2164 0
2165 1
2166 -1 -1 9223 8 0 4 52 4 9 1 0 0 0 1
2167 -1 -1 9222 8 0 2 17 12 23 4 11 0 2 4611 -229 1674 -1140 1883 3 0
2168 1
2169 -1 -1 9221 8 0 9 5 4 22 2 18 2 6 1
2170 -1 -1 9220 8 0 0 6 8 2 7 0 12 3 4610 -867 3909 -1314 -4211 7 2305 951 -1234 3123 6290 10 0
2171 1
2172 -1 -1 4609 8 0 2 0 7 9 1 3 0 24 0
2173 1
2174 -1 -1 9217 8 0 4 5 0 2 4 0 0 27 1
2175 -1 -1 9216 8 0 18 38 2 14 11 4 3 6 4608 1471 362 282 3821 14 2304 -3595 -82 583 917 3 1152 183 2748 3255 -7486 2 576 4600 6094 -4383 7521 236 288 -1399 -5448 -3648 4611 8 144 2055 5823 877 -340 16 72 -243 6095 1324 -6341 251 36 -627 -5934 -4026 7803 353 18 2972 5650 -3282 -3209 400 9 -2216 -1200 -3523 -5150 2 0
2176 0
2177 0
2178 0
2179 0
2180 1
2181 -1 -1 287 8 0 5 0 0 1 21 0 0 0 0
2182 1
2183 -1 -1 573 8 0 42 0 0 2 0 0 0 0 1
2184 -1 -1 572 8 0 21 0 0 0 3 10 1 8 286 -1417 -7656 -3501 3386 1 143 -1216 7800 3800 5549 141 0
2185 1
2186 -1 -1 285 8 0 14 8 0 2 0 0 0 0 1
2187 -1 -1 284 8 0 56 0 0 3 1 2 0 0 142 -351 6482 -3750 -6976 212 71 1502 2011 -4526 1037 22 0
2188 1
2189 -1 -1 141 8 0 13 0 8 8 0 24 0 0 0
2190 1
2191 -1 -1 281 8 0 16 5 0 15 6 7 0 15 0
2192 1
2193 -1 -1 561 8 0 16 6 3 0 0 0 5 8 1
2194 -1 -1 560 8 0 41 0 6 14 0 0 3 0 280 950 575 -2332 -7379 131 140 -1902 1122 2507 -572 3 70 2095 5966 3673 4488 2 35 1660 3512 3415 7127 4 0
2195 0
2196 0
2197 1
2198 -1 -1 279 8 0 25 0 1 3 0 12 0 10 0
2199 1
2200 -1 -1 557 8 0 28 8 0 9 0 2 0 0 1
2201 -1 -1 556 8 0 46 0 0 2 5 0 14 1 278 -4673 -7562 2580 4887 382 139 3893 6585 1515 -7009 10 0
2202 0
2203 1
2204 -1 -1 555 8 0 0 0 0 7 0 37 0 0 1
2205 -1 -1 554 8 0 2 1 0 21 0 11 0 0 277 -1402 5862 -3136 4194 15 1
2206 -1 -1 276 8 0 8 0 0 0 1 4 1 2 138 -3880 7754 -4581 -5902 18 69 277 -7210 269 -4305 0 0
2207 0
2208 0
2209 0
2210 1
2211 -1 -1 1103 8 0 1 0 0 6 1 37 0 1 1
2212 -1 -1 1102 8 0 5 0 4 14 20 4 0 3 551 -4893 -1265 2712 3440 101 1
2213 -1 -1 550 8 0 17 17 8 7 4 0 0 14 275 540 1305 4521 -4278 0 0
2214 0
2215 0
2216 1
2217 -1 -1 2199 8 0 0 9 0 0 0 0 1 0 0
2218 0
2219 1
2220 -1 -1 8795 8 0 0 0 0 0 0 0 0 106 1
2221 -1 -1 8794 8 0 0 0 0 5 0 0 0 10 4397 -4022 1429 -1397 -4439 27 1
2222 -1 -1 4396 8 0 2 3 0 2 0 2 0 1 2198 -4661 -6709 4403 2219 154 1099 -724 -123 -4086 -3988 224 1
2223 -1 -1 1098 8 0 5 8 1 9 1 14 0 3 549 1232 1794 2225 -7164 197 0
2224 1
2225 -1 -1 1097 8 0 9 7 26 14 0 2 1 0 0
2226 1
2227 -1 -1 2193 8 0 2 0 23 1 3 0 0 5 0
2228 1
2229 -1 -1 4385 8 0 0 16 14 0 0 0 0 8 0
2230 1
2231 -1 -1 8769 8 0 0 17 0 0 0 0 15 10 1
2232 -1 -1 8768 8 0 4 6 0 2 0 0 2 45 4384 3434 2034 4888 -898 261 2192 787 3051 -4667 5982 132 1096 -1635 7804 3156 -5483 308 548 2885 -3713 -2069 375 1 274 -4548 -1471 3385 1852 10 137 1798 -5642 4224 -1649 2 0
2233 0
2234 0
2235 1
2236 -1 -1 1095 8 0 2 3 0 8 0 36 0 0 1
2237 -1 -1 1094 8 0 4 0 0 11 19 8 1 0 547 -204 -7026 3327 2911 370 0
2238 0
2239 1
2240 -1 -1 2187 8 0 1 5 3 9 8 5 8 0 0
2241 1
2242 -1 -1 4373 8 0 0 3 0 4 2 4 0 12 1
2243 -1 -1 4372 8 0 0 4 36 5 3 2 0 5 2186 37 -937 1563 -4741 20 1093 -72 2040 -3745 3580 8 0
2244 1
2245 -1 -1 2185 8 0 1 2 0 0 0 2 0 16 0
2246 1
2247 -1 -1 4369 8 0 5 1 3 28 6 14 2 0 0
2248 1
2249 -1 -1 8737 8 0 0 0 0 23 0 3 0 1 1
2250 -1 -1 8736 8 0 14 0 0 24 0 0 12 4 4368 -972 6462 -4104 -2847 30 2184 -630 -3679 -4582 -3266 3 1092 -4313 3013 -82 -2281 290 546 1870 -4607 -1553 -861 0 273 -1841 2911 2508 5388 398 0
2251 0
2252 1
2253 -1 -1 1091 8 0 4 0 35 1 1 8 0 0 0
2254 1
2255 -1 -1 2181 8 0 0 0 0 6 0 15 0 3 0
2256 0
2257 1
2258 -1 -1 8723 8 0 0 40 9 4 0 0 1 0 1
2259 -1 -1 8722 8 0 0 3 2 8 0 0 6 8 4361 473 651 -1434 4136 10 0
2260 1
2261 -1 -1 8721 8 0 0 4 1 23 9 1 7 0 1
2262 -1 -1 8720 8 0 1 4 31 12 3 2 9 1 4360 -3511 -2769 -4733 3322 3 2180 -3037 -1177 488 7078 249 1090 2060 5891 520 -4179 297 545 -2729 3492 1059 -4367 394 0
2263 0
2264 1
2265 -1 -1 2179 8 0 1 2 0 1 0 0 0 39 0
2266 0
2267 1
2268 -1 -1 8715 8 0 0 0 0 0 68 0 0 0 1
2269 -1 -1 8714 8 0 0 1 1 0 0 0 0 3 4357 440 952 3100 2535 309 1
2270 -1 -1 4356 8 0 0 2 2 2 6 0 0 27 2178 178 1025 962 -4716 272 1089 -3331 -6464 -729 6648 378 0
2271 0
2272 0
2273 1
2274 -1 -1 8711 8 0 0 0 0 8 4 2 0 24 1
2275 -1 -1 8710 8 0 3 10 23 44 1 6 77 5 4355 -2958 4096 860 1527 25 0
2276 1
2277 -1 -1 8709 8 0 5 4 26 16 101 3 9 6 1
2278 -1 -1 8708 8 0 8 20 17 28 15 3 55 7 4354 -4523 4971 3738 -6113 3 2177 -3719 380 2028 -7719 26 0
2279 0
2280 1
2281 -1 -1 8707 8 0 0 0 11 1 15 0 2 15 1
2282 -1 -1 8706 8 0 2 45 12 5 53 2 146 15 4353 1272 7940 -4142 -7318 112 0
2283 1
2284 -1 -1 8705 8 0 3 80 67 10 27 4 16 77 1
2285 -1 -1 8704 8 0 6 130 29 23 44 4 119 22 4352 4510 1059 -630 -6635 202 2176 2331 -172 1498 3385 255 1088 -2072 337 -3369 -4299 5 544 252 -7621 -704 4452 348 272 -1530 -3346 -1711 -314 5 136 303 -4127 3496 -6713 5 68 4806 7025 -582 -4465 340 34 243 -570 1546 2558 400 17 1071 2398 200 -3855 396 0
2286 0
2287 0
2288 0
2289 0
2290 1
2291 -1 -1 543 8 0 4 3 0 5 0 2 3 19 1
2292 -1 -1 542 8 0 13 1 11 20 4 4 0 0 271 -2338 -2090 3486 -2089 48 0
2293 0
2294 1
2295 -1 -1 1083 8 0 4 0 0 3 0 52 0 2 1
2296 -1 -1 1082 8 0 21 0 0 6 0 18 0 0 541 1738 -5398 756 2998 49 0
2297 0
2298 1
2299 -1 -1 2163 8 0 10 7 0 22 0 9 0 2 0
2300 0
2301 1
2302 -1 -1 8651 8 0 0 0 0 2 0 0 0 0 1
2303 -1 -1 8650 8 0 111 0 0 7 0 0 0 0 4325 4410 7475 -464 1999 179 1
2304 -1 -1 4324 8 0 32 0 0 19 0 7 5 0 2162 -1787 -1308 4699 5429 399 1081 238 2495 230 -1425 4 1
2305 -1 -1 1080 8 0 15 0 0 6 31 5 1 0 540 -868 -7285 3657 3258 1 270 -1650 -7909 -1949 4819 48 135 -1537 -517 491 -7191 10 0
2306 0
2307 1
2308 -1 -1 539 8 0 1 0 0 11 5 3 11 7 0
2309 0
2310 1
2311 -1 -1 2155 8 0 0 0 0 0 0 0 0 6 0
2312 1
2313 -1 -1 4309 8 0 1 0 0 2 0 10 0 0 0
2314 1
2315 -1 -1 8617 8 0 1 0 0 0 0 3 0 0 1
2316 -1 -1 8616 8 0 0 0 0 0 0 87 0 0 4308 -501 3064 -3074 6158 10 2154 -1401 6016 -4234 -1090 30 1077 1906 1063 -862 7099 371 1
2317 -1 -1 1076 8 0 7 1 0 20 0 28 0 1 538 -3321 7117 4108 -6101 64 269 4625 6900 -1497 -1040 266 0
2318 0
2319 0
2320 1
2321 -1 -1 2151 8 0 4 6 0 37 0 9 5 1 1
2322 -1 -1 2150 8 0 7 0 4 13 4 22 0 0 1075 -1671 -3739 3531 -7402 8 0
2323 1
2324 -1 -1 2149 8 0 4 41 0 9 0 1 0 0 1
2325 -1 -1 2148 8 0 6 3 9 6 0 4 0 0 1074 -652 3478 4399 -2490 396 537 -3885 4069 -2576 -3694 7 0
2326 1
2327 -1 -1 1073 8 0 2 3 0 5 0 1 49 0 1
2328 -1 -1 1072 8 0 15 0 0 8 0 1 0 0 536 -3898 -3391 4444 -3236 15 268 -831 3179 -687 -7277 1 134 4499 5748 2971 -2400 22 67 -13 -3708 -2313 7365 7 0
2329 0
2330 0
2331 1
2332 -1 -1 535 8 0 0 6 9 2 23 0 1 0 0
2333 0
2334 1
2335 -1 -1 2139 8 0 0 0 0 0 0 0 0 12 0
2336 1
2337 -1 -1 4277 8 0 0 3 0 0 0 0 0 0 0
2338 1
2339 -1 -1 8553 8 0 0 0 1 2 0 0 1 1 1
2340 -1 -1 8552 8 0 0 0 0 0 0 0 88 1 4276 4639 -1725 2710 -6192 310 2138 -3913 6771 -482 -4425 79 1069 4267 -5190 1063 6263 384 0
2341 1
2342 -1 -1 2137 8 0 0 27 21 3 4 0 3 0 1
2343 -1 -1 2136 8 0 0 5 3 4 0 0 20 5 1068 572 -7656 761 3640 2 534 -1523 -1215 1272 3308 250 267 -3595 -7714 4624 1686 296 0
2344 1
2345 -1 -1 533 8 0 1 39 0 1 1 0 0 12 0
2346 0
2347 0
2348 1
2349 -1 -1 4263 8 0 0 0 0 0 0 0 1 0 0
2350 1
2351 -1 -1 8525 8 0 0 0 0 0 38 0 0 0 1
2352 -1 -1 8524 8 0 0 0 0 0 34 0 0 0 4262 4023 6574 -3800 4525 150 2131 4910 -209 -3536 5311 360 1
2353 -1 -1 2130 8 0 4 0 1 8 5 6 0 1 1065 4862 -6262 -3200 -2779 26 0
2354 0
2355 1
2356 -1 -1 4259 8 0 0 7 17 8 13 0 12 0 1
2357 -1 -1 4258 8 0 0 0 30 1 0 0 0 2 2129 1296 -6920 1492 7963 205 0
2358 1
2359 -1 -1 4257 8 0 0 15 1 5 2 0 0 0 1
2360 -1 -1 4256 8 0 1 2 0 10 34 2 4 0 2128 2189 -5272 -3026 -3319 35 1064 1289 -7406 3903 5790 111 532 685 -3855 -2680 7487 271 266 313 -515 1749 -3786 244 133 -643 -2450 -4719 -1601 217 0
2361 0
2362 1
2363 -1 -1 531 8 0 0 0 0 0 0 14 0 0 0
2364 1
2365 -1 -1 1061 8 0 1 1 3 6 4 5 0 1 1
2366 -1 -1 1060 8 0 46 0 0 8 1 4 0 2 530 -1939 6236 -2302 -3861 14 265 -1324 -3601 -1608 3719 50 0
2367 0
2368 0
2369 1
2370 -1 -1 2119 8 0 0 0 31 4 0 0 0 5 1
2371 -1 -1 2118 8 0 0 2 0 5 0 42 0 0 1059 -2866 500 -1973 1576 1 0
2372 1
2373 -1 -1 2117 8 0 0 20 8 11 0 0 2 3 0
2374 1
2375 -1 -1 4233 8 0 1 2 0 12 0 8 15 4 0
2376 1
2377 -1 -1 8465 8 0 4 2 0 1 2 6 0 0 1
2378 -1 -1 8464 8 0 2 1 6 145 1 18 1 1 4232 -4251 807 4090 5129 365 2116 161 89 3059 -2333 317 1058 -1699 3204 -1502 606 31 529 -842 -7980 324 -1982 305 0
2379 0
2380 1
2381 -1 -1 2115 8 0 0 0 0 0 31 0 3 0 0
2382 0
2383 1
2384 -1 -1 8459 8 0 0 0 0 4 0 0 19 1 1
2385 -1 -1 8458 8 0 3 3 4 24 8 2 3 9 4229 -1445 1384 -3916 -6982 17 0
2386 1
2387 -1 -1 8457 8 0 0 0 3 7 13 0 0 0 1
2388 -1 -1 8456 8 0 1 18 43 14 0 4 0 1 4228 2003 -6985 -3768 3770 251 2114 596 834 -4852 -1081 0 1057 -3261 7905 -1894 -4426 333 0
2389 0
2390 0
2391 1
2392 -1 -1 8455 8 0 0 0 0 0 2 1 7 0 1
2393 -1 -1 8454 8 0 2 28 2 30 0 0 3 2 4227 -1116 1276 2880 -696 273 0
2394 1
2395 -1 -1 8453 8 0 0 0 2 2 0 0 46 3 1
2396 -1 -1 8452 8 0 3 0 7 14 0 2 6 2 4226 4722 -7896 -2919 -202 130 2113 944 -7525 2374 7246 31 0
2397 0
2398 1
2399 -1 -1 8451 8 0 0 84 0 15 0 0 0 2 1
2400 -1 -1 8450 8 0 1 0 0 18 0 0 4 1 4225 -2855 -7372 -2360 -5343 2 0
2401 1
2402 -1 -1 8449 8 0 0 8 1 8 0 1 1 7 1
2403 -1 -1 8448 8 0 6 0 1 50 14 14 3 3 4224 4889 -2562 -3764 -1639 66 2112 -4938 2310 1772 6975 205 1056 174 -412 -3986 2398 18 528 -2853 -6708 4561 4334 241 264 -3675 -4133 1557 7557 268 132 1447 -181 1324 6640 380 66 -1016 -865 -3060 3651 139 33 150 159 1502 5453 378 0
2404 0
2405 0
2406 0
2407 0
2408 1
2409 -1 -1 1055 8 0 3 1 13 5 40 0 0 1 1
2410 -1 -1 1054 8 0 1 1 4 1 0 3 0 17 527 -1480 7792 2020 -4075 6 0
2411 1
2412 -1 -1 1053 8 0 9 2 3 3 0 4 7 3 0
2413 0
2414 1
2415 -1 -1 4211 8 0 0 2 0 1 2 0 1 0 0
2416 1
2417 -1 -1 8421 8 0 0 0 0 2 0 1 0 0 1
2418 -1 -1 8420 8 0 0 0 0 2 0 1 71 0 4210 -4914 -6040 -4942 7172 351 2105 1170 -3582 2223 -7285 346 1
2419 -1 -1 2104 8 0 0 1 1 2 28 2 5 0 1052 -2600 6746 -4094 5412 2 526 -4101 7804 1497 -5968 364 263 -4302 1354 563 1064 5 0
2420 0
2421 1
2422 -1 -1 1051 8 0 1 0 2 7 0 24 34 0 0
2423 1
2424 -1 -1 2101 8 0 1 0 6 3 0 0 9 0 0
2425 1
2426 -1 -1 4201 8 0 5 0 0 0 0 11 0 0 0
2427 1
2428 -1 -1 8401 8 0 1 11 0 0 0 2 0 0 1
2429 -1 -1 8400 8 0 16 5 1 25 5 0 1 3 4200 4781 -6429 4841 -2149 376 2100 -2969 -6369 -4167 7067 345 1050 3127 -5234 -3935 -6742 33 525 -4381 -540 307 -7674 3 0
2430 0
2431 1
2432 -1 -1 2099 8 0 3 0 1 5 1 23 0 7 1
2433 -1 -1 2098 8 0 0 0 29 5 0 0 0 33 1049 -4771 -26 2945 2129 286 0
2434 1
2435 -1 -1 2097 8 0 6 0 21 7 0 12 0 0 0
2436 1
2437 -1 -1 4193 8 0 0 0 0 5 0 8 0 2 1
2438 -1 -1 4192 8 0 10 0 0 39 0 6 0 0 2096 4914 7561 2955 -2602 13 1048 4928 -6138 4799 4777 277 524 -3882 1471 1771 465 23 262 -198 147 -4579 3218 0 131 -1782 6852 1072 -7835 264 0
2439 0
2440 0
2441 1
2442 -1 -1 1047 8 0 7 6 10 2 6 5 4 14 0
2443 0
2444 0
2445 1
2446 -1 -1 8375 8 0 1 0 5 13 9 2 1 0 1
2447 -1 -1 8374 8 0 5 0 0 36 0 14 1 0 4187 2115 -2393 -1255 -7894 24 1
2448 -1 -1 4186 8 0 3 0 0 10 0 18 23 0 2093 -1108 -5183 -4666 -6688 0 0
2449 0
2450 1
2451 -1 -1 8371 8 0 5 0 0 39 0 53 6 0 1
2452 -1 -1 8370 8 0 26 0 0 31 2 259 0 0 4185 -3911 -4272 4192 -7223 19 0
2453 1
2454 -1 -1 8369 8 0 0 2 7 2 3 1 0 0 1
2455 -1 -1 8368 8 0 78 0 2 62 4 107 0 1 4184 -3954 4805 2618 -4573 123 2092 3996 -2651 2063 -7521 8 1046 515 -1946 -265 -5482 11 523 4686 -7195 92 5274 205 0
2456 0
2457 1
2458 -1 -1 2091 8 0 4 7 18 5 3 10 0 14 0
2459 0
2460 1
2461 -1 -1 8363 8 0 24 0 0 0 0 0 0 0 1
2462 -1 -1 8362 8 0 37 7 0 37 1 0 0 5 4181 4915 6338 -1693 -1377 196 1
2463 -1 -1 4180 8 0 28 0 0 9 1 26 0 1 2090 4483 -301 -417 1210 5 1045 -1154 -6514 3588 876 44 0
2464 0
2465 1
2466 -1 -1 4179 8 0 1 1 16 6 4 2 0 7 0
2467 1
2468 -1 -1 8357 8 0 12 0 0 1 5 22 0 0 1
2469 -1 -1 8356 8 0 23 0 7 58 73 19 0 0 4178 -2909 7668 2729 -7011 328 2089 3945 1832 4695 -5796 242 0
2470 1
2471 -1 -1 4177 8 0 1 0 1 1 8 1 19 0 0
2472 1
2473 -1 -1 8353 8 0 26 17 114 29 0 48 2 1 1
2474 -1 -1 8352 8 0 14 4 0 15 1 46 1 0 4176 908 7392 4405 321 2 2088 1096 -4643 -1576 -501 21 1044 -3673 7519 1860 -983 13 522 3891 -6717 -88 924 8 261 -626 3030 466 -6674 7 0
2475 0
2476 0
2477 1
2478 -1 -1 2087 8 0 0 0 3 2 2 2 0 7 0
2479 1
2480 -1 -1 4173 8 0 6 1 0 33 0 17 0 0 0
2481 1
2482 -1 -1 8345 8 0 0 0 0 1 0 53 0 0 1
2483 -1 -1 8344 8 0 29 0 0 16 0 53 0 0 4172 -4994 -6259 4069 -6877 132 2086 -4062 -7109 4596 7249 193 1043 912 5605 -1289 -989 14 0
2484 1
2485 -1 -1 2085 8 0 7 2 2 30 11 0 0 0 0
2486 0
2487 1
2488 -1 -1 8339 8 0 48 0 0 52 0 11 0 1 1
2489 -1 -1 8338 8 0 22 0 0 20 1 77 2 0 4169 -663 -2867 4057 2806 7 0
2490 1
2491 -1 -1 8337 8 0 160 3 0 18 0 84 0 0 1
2492 -1 -1 8336 8 0 380 0 0 99 0 20 0 0 4168 -729 -2475 3215 6687 13 2084 4915 5627 -4576 -7169 74 1042 -3907 -1953 4850 -2972 212 521 -4390 -7357 4767 3582 80 0
2493 0
2494 1
2495 -1 -1 2083 8 0 4 0 0 6 2 3 19 2 0
2496 1
2497 -1 -1 4165 8 0 1 4 4 8 2 0 2 0 0
2498 1
2499 -1 -1 8329 8 0 0 0 0 0 1 0 0 2 1
2500 -1 -1 8328 8 0 18 0 0 87 0 19 1 0 4164 -1997 4064 -2990 2331 234 2082 -1145 7444 -961 -319 46 1041 3315 -2348 -4717 3962 48 0
2501 0
2502 0
2503 1
2504 -1 -1 8327 8 0 18 0 7 0 5 0 0 0 1
2505 -1 -1 8326 8 0 9 0 0 14 17 10 0 0 4163 3291 7499 -2475 485 19 0
2506 1
2507 -1 -1 8325 8 0 2 0 0 2 0 2 0 8 1
2508 -1 -1 8324 8 0 72 0 0 53 0 50 0 0 4162 -4143 3830 -1088 -3806 20 2081 -3185 7822 4830 -6717 24 0
2509 0
2510 1
2511 -1 -1 8323 8 0 2 1 0 6 0 1 5 3 1
2512 -1 -1 8322 8 0 60 2 0 33 0 0 1 0 4161 2734 -1419 4782 -1908 19 0
2513 1
2514 -1 -1 8321 8 0 4 16 16 12 0 2 2 0 1
2515 -1 -1 8320 8 0 75 1 23 11 0 16 0 0 4160 -1959 -3971 4364 6768 180 2080 2076 914 -3768 2582 5 1040 -4601 6636 3228 2659 4 520 4362 326 3613 -7418 20 260 -2050 1782 4550 2163 2 130 3539 6115 1564 -261 9 65 -2367 2666 4523 2244 170 0
2516 0
2517 0
2518 0
2519 1
2520 -1 -1 1039 8 0 4 6 0 10 0 43 0 0 0
2521 1
2522 -1 -1 2077 8 0 1 0 0 0 8 0 0 3 0
2523 1
2524 -1 -1 4153 8 0 1 0 1 0 0 1 6 0 1
2525 -1 -1 4152 8 0 30 0 0 26 0 11 0 0 2076 2476 1246 3136 3309 227 1038 -413 5310 1092 2823 104 519 -4687 -782 4169 5327 24 0
2526 0
2527 1
2528 -1 -1 2075 8 0 0 0 22 0 0 0 1 1 0
2529 1
2530 -1 -1 4149 8 0 5 1 2 22 7 0 12 3 1
2531 -1 -1 4148 8 0 1 0 10 3 15 2 0 0 2074 -272 -2844 -3586 7658 218 1037 520 1654 -1398 -7315 136 0
2532 1
2533 -1 -1 2073 8 0 1 13 9 0 0 1 0 0 0
2534 1
2535 -1 -1 4145 8 0 0 14 0 4 0 0 17 8 1
2536 -1 -1 4144 8 0 6 0 0 7 0 2 1 19 2072 -1136 -4091 405 2362 88 1036 -4660 -190 4536 -4018 262 518 4256 -7416 -4243 -1376 11 259 -3426 -6431 784 7460 339 0
2537 0
2538 0
2539 0
2540 1
2541 -1 -1 4143 8 0 0 0 0 4 0 1 1 0 0
2542 1
2543 -1 -1 8285 8 0 0 1 0 1 0 0 0 0 1
2544 -1 -1 8284 8 0 2 0 0 0 0 89 0 0 4142 -2960 -3488 337 -2111 165 2071 3467 -5381 -1932 -990 214 0
2545 1
2546 -1 -1 4141 8 0 20 0 0 2 0 39 0 0 1
2547 -1 -1 4140 8 0 0 0 0 0 0 24 0 0 2070 3324 -3675 -1970 3250 26 1035 2054 7710 -257 7156 0 0
2548 0
2549 0
2550 1
2551 -1 -1 8279 8 0 0 0 0 5 0 0 0 0 1
2552 -1 -1 8278 8 0 15 0 0 16 0 132 0 0 4139 4393 -7145 -1509 -2496 193 1
2553 -1 -1 4138 8 0 28 0 0 21 0 13 0 0 2069 4470 -5087 2085 2476 42 0
2554 1
2555 -1 -1 4137 8 0 5 2 1 26 0 3 0 4 0
2556 1
2557 -1 -1 8273 8 0 4 1 0 7 0 13 0 0 1
2558 -1 -1 8272 8 0 48 0 0 10 0 6 0 0 4136 -833 -7038 2373 -6537 15 2068 -2444 -4853 4959 -4384 37 1034 2012 4037 -3742 7529 24 517 2462 -6752 1609 7182 105 0
2559 0
2560 1
2561 -1 -1 2067 8 0 2 0 0 13 0 3 0 9 0
2562 1
2563 -1 -1 4133 8 0 38 1 0 8 0 2 0 0 1
2564 -1 -1 4132 8 0 50 0 0 0 0 0 0 0 2066 782 7155 2134 4170 0 1033 319 7530 644 -7745 26 0
2565 0
2566 1
2567 -1 -1 4131 8 0 6 0 1 8 0 31 0 0 0
2568 1
2569 -1 -1 8261 8 0 0 0 0 6 0 10 4 1 1
2570 -1 -1 8260 8 0 5 0 2 45 0 0 1 0 4130 1672 -7348 4746 2622 348 2065 -1540 5437 -23 3574 1 0
2571 1
2572 -1 -1 4129 8 0 4 5 0 1 3 0 0 0 0
2573 1
2574 -1 -1 8257 8 0 0 0 0 13 0 0 7 1 1
2575 -1 -1 8256 8 0 39 0 0 81 0 5 0 0 4128 4452 2288 79 -3988 20 2064 4951 -2556 -1072 3151 72 1032 -4255 -6082 3950 3813 29 516 341 6904 -4362 246 377 258 -591 -3187 190 6130 39 129 59 -4016 888 7569 175 0
2576 0
2577 0
2578 1
2579 -1 -1 1031 8 0 5 1 3 2 0 0 21 0 0
2580 1
2581 -1 -1 2061 8 0 22 0 0 9 0 0 0 0 0
2582 1
2583 -1 -1 4121 8 0 1 1 3 0 0 0 1 0 1
2584 -1 -1 4120 8 0 7 0 0 56 0 1 0 3 2060 3705 7937 -331 3608 175 1030 4167 -7559 -3079 -2277 381 515 1361 -6329 606 4745 286 0
2585 0
2586 0
2587 0
2588 1
2589 -1 -1 8239 8 0 0 0 0 0 0 5 0 0 1
2590 -1 -1 8238 8 0 0 0 0 0 0 67 0 0 4119 1855 7246 3034 -2417 154 1
2591 -1 -1 4118 8 0 3 0 0 1 0 9 0 0 2059 -4916 1923 2314 -184 7 1
2592 -1 -1 2058 8 0 1 0 0 10 0 8 0 3 1029 1669 -2643 4645 3522 33 0
2593 0
2594 1
2595 -1 -1 4115 8 0 7 5 1 4 0 0 4 6 0
2596 1
2597 -1 -1 8229 8 0 30 0 0 39 0 29 0 0 1
2598 -1 -1 8228 8 0 57 0 0 16 1 133 2 0 4114 427 -7488 -2409 -1057 19 2057 20 -4444 -2393 -14 38 0
2599 0
2600 1
2601 -1 -1 8227 8 0 25 0 0 0 0 8 0 0 1
2602 -1 -1 8226 8 0 16 0 0 14 0 59 0 0 4113 2685 3034 -4432 7898 400 0
2603 1
2604 -1 -1 8225 8 0 252 0 0 45 0 16 1 0 1
2605 -1 -1 8224 8 0 42 0 0 20 2 26 0 0 4112 3173 -2977 -4184 7647 13 2056 4168 2638 -4685 7508 38 1028 -3895 7438 4928 -2149 0 514 4518 -7774 1059 6108 156 257 4181 -7468 -4072 1594 189 0
2606 0
2607 0
2608 0
2609 1
2610 -1 -1 4111 8 0 0 0 0 3 0 25 0 0 1
2611 -1 -1 4110 8 0 15 0 0 8 0 20 0 0 2055 4598 -7325 1870 4925 162 0
2612 1
2613 -1 -1 4109 8 0 5 21 0 9 0 1 8 3 1
2614 -1 -1 4108 8 0 1 0 0 36 1 7 0 1 2054 4690 7978 -1701 7184 33 1027 -2891 3605 4670 -483 388 0
2615 0
2616 0
2617 1
2618 -1 -1 8215 8 0 15 0 0 14 0 6 0 0 1
2619 -1 -1 8214 8 0 110 1 0 11 0 0 0 0 4107 3548 -1884 -2101 -4180 6 0
2620 1
2621 -1 -1 8213 8 0 11 0 0 10 0 18 0 0 1
2622 -1 -1 8212 8 0 31 0 1 74 1 0 5 2 4106 -3477 -3185 4871 -4389 393 2053 -634 4478 4944 -7977 396 0
2623 1
2624 -1 -1 4105 8 0 3 0 0 6 31 2 9 0 1
2625 -1 -1 4104 8 0 9 7 1 31 3 1 0 0 2052 711 6500 3943 111 322 1026 -4883 -3274 -4476 7197 0 513 4660 7209 1800 -4401 12 0
2626 0
2627 0
2628 0
2629 1
2630 -1 -1 8207 8 0 56 0 0 28 0 6 0 0 1
2631 -1 -1 8206 8 0 91 0 0 2 4 1 0 0 4103 3837 -1754 -1327 -2437 2 0
2632 1
2633 -1 -1 8205 8 0 15 1 1 62 0 21 0 0 1
2634 -1 -1 8204 8 0 23 0 0 5 0 2 7 2 4102 2873 -7255 -4389 -1385 9 2051 2321 -1068 4272 7704 400 0
2635 0
2636 1
2637 -1 -1 8203 8 0 118 0 2 39 0 26 0 0 1
2638 -1 -1 8202 8 0 1850 0 0 185 0 22 0 1 4101 -3250 4732 -4777 -6036 113 0
2639 1
2640 -1 -1 8201 8 0 5 0 2 20 0 0 1 0 1
2641 -1 -1 8200 8 0 551 0 0 86 6 118 0 0 4100 2166 790 64 6894 37 2050 -769 5161 -3987 7850 0 1025 -1609 -5802 3534 7369 96 0
2642 0
2643 1
2644 -1 -1 4099 8 0 3 2 0 1 0 1 0 15 0
2645 1
2646 -1 -1 8197 8 0 1 0 2 5 13 0 0 0 1
2647 -1 -1 8196 8 0 28 1 1 27 0 6 0 1 4098 -3812 7017 3998 -3914 10 2049 3385 -2394 -20 -3388 49 0
2648 1
2649 -1 -1 4097 8 0 9 1 0 23 2 1 24 0 0
2650 1
2651 -1 -1 8193 8 0 17 0 0 18 1 19 0 2 1
2652 -1 -1 8192 8 0 392 3 0 93 10 25 16 0 4096 1307 7420 665 767 11 2048 4674 1457 4759 -3764 27 1024 4324 -6365 2377 6986 39 512 -2084 -4851 -1986 5728 2 256 -65 -852 2342 -7651 196 128 -4726 -6753 -1475 -1933 24 64 -1158 -3343 -3067 5501 53 32 -2002 7245 -147 1480 2 16 -1676 -1352 1180 6084 157 8 -145 170 -478 -4399 19 4 1617 5221 -669 -1682 16 2 -64 -6111 -1317 5011 158 1 -757 -303 -1426 -7334 136 1 3
