22 serialization::archive 15 0 0 4 0 1 0
0 0 0 0
1 0
2 0
3 0
4 0
5 1 1 0
6 -1 -1 127 8 0 4 0 0 1 0 0 4 0 0
7 1
8 -1 -1 253 8 0 10 0 0 1 0 9 0 0 0
9 0
10 1
11 -1 -1 1011 8 0 0 0 0 0 0 8 0 0 0
12 0
13 1
14 -1 -1 4043 8 0 0 0 0 0 0 68 0 0 1
15 -1 -1 4042 8 0 0 0 0 0 0 22 0 0 2021 0 0 -1101 7942 1895 7373 0 1
16 -1 -1 2020 8 0 0 0 0 0 0 8 0 0 1010 -3334 5523 3446 -2292 161 505 381 -1845 3294 5430 112 0
17 0
18 0
19 1
20 -1 -1 4039 8 0 2 0 0 0 0 0 0 0 0
21 0
22 1
23 -1 -1 16155 8 0 0 0 0 0 0 43 0 0 1
24 -1 -1 16154 8 0 0 0 0 0 0 32 0 0 8077 2601 2369 -4694 -5008 208 1
25 -1 -1 8076 8 0 3 0 0 0 0 7 0 0 4038 183 -102 1599 -5231 43 2019 1523 -572 -3852 -1869 219 1
26 -1 -1 2018 8 0 3 0 0 0 0 0 0 0 1009 269 1155 172 -3918 13 1
27 -1 -1 1008 8 0 4 0 0 0 0 0 0 0 504 -4251 -6221 3295 -4421 10 252 3866 62 -4556 -4928 108 126 -4555 -4231 -3016 -6827 13 63 1525 3695 -4089 6362 44 0
28 0
29 1
30 -1 -1 251 8 0 2 23 1 6 0 1 0 9 0
31 1
32 -1 -1 501 8 0 1 1 0 4 0 60 0 0 1
33 -1 -1 500 8 0 10 0 0 2 0 2 3 0 250 2086 4161 785 4185 4 125 -1114 -162 2363 7776 4 0
34 1
35 -1 -1 249 8 0 17 19 0 2 0 1 0 3 0
36 1
37 -1 -1 497 8 0 3 0 1 3 0 0 33 0 1
38 -1 -1 496 8 0 4 4 4 9 0 4 8 12 248 -316 -7985 2357 -7244 233 124 -3515 5880 394 -2790 370 62 1123 1817 -4049 -2241 22 31 -2365 2135 -4646 -7726 32 0
39 0
40 0
41 0
42 0
43 0
44 1
45 -1 -1 1983 8 0 1 0 0 3 0 0 0 0 1
46 -1 -1 1982 8 0 0 0 0 2 64 0 0 0 991 -779 4000 -3378 -5126 20 1
47 -1 -1 990 8 0 3 0 0 0 0 0 0 0 495 -3583 -4316 3914 -319 177 1
48 -1 -1 494 8 0 3 0 0 2 9 0 11 0 247 -4579 4108 -462 -5051 42 1
49 -1 -1 246 8 0 4 0 0 1 5 0 35 2 123 -3428 -2633 4791 7745 9 0
50 1
51 -1 -1 245 8 0 9 0 0 5 0 3 40 0 0
52 1
53 -1 -1 489 8 0 52 0 0 2 0 1 1 0 1
54 -1 -1 488 8 0 10 0 0 7 2 0 0 2 244 -4977 5752 -4946 7464 1 122 -1167 -5933 -4514 -4234 15 61 -2878 6742 -4528 -4814 4 0
55 1
56 -1 -1 121 8 0 8 0 0 7 0 38 0 0 0
57 1
58 -1 -1 241 8 0 13 11 6 0 0 0 0 0 0
59 0
60 1
61 -1 -1 963 8 0 39 1 0 2 0 1 1 0 1
62 -1 -1 962 8 0 17 1 0 17 0 0 0 0 481 -3654 -7004 -2373 1184 9 1
63 -1 -1 480 8 0 18 0 0 17 0 14 13 0 240 -3056 -451 -2263 6236 4 120 -4039 -3074 -2015 5862 123 60 4308 -6572 2125 3368 126 30 -2619 191 3223 3789 354 15 -893 6736 -3559 -372 15 0
64 0
65 0
66 0
67 0
68 0
69 0
70 0
71 1
72 -1 -1 3839 8 0 0 0 0 0 0 2 0 0 0
73 0
74 1
75 -1 -1 15355 8 0 0 0 0 0 0 0 0 43 1
76 -1 -1 15354 8 0 0 0 0 0 0 0 0 39 7677 66 3388 1390 -2221 223 1
77 -1 -1 7676 8 0 0 0 0 0 0 0 0 9 3838 2613 5247 -421 2098 18 1919 239 -7922 -3128 -7448 5 0
78 1
79 -1 -1 3837 8 0 0 0 0 3 0 24 0 0 0
80 1
81 -1 -1 7673 8 0 0 0 0 7 0 6 0 1 1
82 -1 -1 7672 8 0 0 0 0 3 0 1 0 54 3836 -347 2791 -2116 -1386 31 1918 4052 6672 1704 7086 13 959 -3727 6147 593 142 42 1
83 -1 -1 958 8 0 18 1 0 11 3 6 0 9 479 661 7942 -1468 5617 4 1
84 -1 -1 478 8 0 3 0 0 0 30 0 0 13 239 -911 5554 -4048 -4788 9 0
85 0
86 1
87 -1 -1 955 8 0 1 0 0 2 52 1 1 6 1
88 -1 -1 954 8 0 4 1 3 3 3 6 0 4 477 -47 -778 -3250 4663 16 0
89 0
90 0
91 1
92 -1 -1 3815 8 0 32 2 4 6 0 22 0 2 0
93 0
94 1
95 -1 -1 15259 8 0 0 5 54 0 0 0 0 0 1
96 -1 -1 15258 8 0 4 16 9 3 0 3 1 0 7629 -159 -1595 -3182 5968 6 0
97 1
98 -1 -1 15257 8 0 3 0 39 1 0 0 0 5 1
99 -1 -1 15256 8 0 2 1 5 9 0 0 0 25 7628 841 1786 -4347 7683 11 3814 3916 3236 -2824 5944 3 1907 -2943 5069 963 -840 115 0
100 1
101 -1 -1 3813 8 0 3 0 4 0 11 0 0 30 1
102 -1 -1 3812 8 0 20 0 0 7 5 0 0 2 1906 -611 -1440 -4454 -868 125 953 2854 7372 -3291 -1579 3 0
103 0
104 0
105 0
106 1
107 -1 -1 15247 8 0 0 0 3 4 0 0 1 177 1
108 -1 -1 15246 8 0 2 0 4 0 0 0 0 15 7623 38 7226 -787 -2249 12 1
109 -1 -1 7622 8 0 0 0 0 3 0 0 0 0 3811 -1382 7927 -3255 -7676 46 1
110 -1 -1 3810 8 0 3 0 29 7 1 5 0 7 1905 228 6078 -217 -6582 300 0
111 1
112 -1 -1 3809 8 0 6 0 33 1 7 0 0 0 1
113 -1 -1 3808 8 0 10 0 1 4 0 0 0 13 1904 -1415 1352 -234 -1432 1 952 -707 5089 -1591 375 5 476 3420 4050 -3857 -7442 368 238 4816 6875 1708 6706 22 119 -4992 3224 4131 3792 399 0
114 0
115 0
116 1
117 -1 -1 951 8 0 0 18 0 1 0 0 0 4 1
118 -1 -1 950 8 0 4 0 0 0 9 0 0 37 475 1026 4512 -3516 5059 102 0
119 1
120 -1 -1 949 8 0 5 0 1 1 60 1 1 0 1
121 -1 -1 948 8 0 2 5 0 0 0 0 0 4 474 -2603 7994 -3953 -2997 184 237 3328 3763 1022 -328 202 0
122 0
123 1
124 -1 -1 947 8 0 3 0 0 0 0 0 35 2 0
125 1
126 -1 -1 1893 8 0 0 0 0 5 4 9 1 0 1
127 -1 -1 1892 8 0 1 0 50 0 1 0 5 0 946 -1489 -3723 2610 1186 278 473 -209 6525 -921 -6820 290 0
128 0
129 1
130 -1 -1 1891 8 0 2 0 0 0 0 0 0 14 0
131 1
132 -1 -1 3781 8 0 13 5 3 1 0 0 1 0 1
133 -1 -1 3780 8 0 6 2 7 16 0 15 0 4 1890 1084 7904 355 783 257 945 -3882 3336 -865 2152 159 0
134 1
135 -1 -1 1889 8 0 3 0 0 0 5 0 8 16 1
136 -1 -1 1888 8 0 2 2 4 2 30 12 0 0 944 506 5499 -1075 -7190 399 472 3142 7913 -1085 -7128 195 236 -273 -4259 3082 111 58 118 4203 -7648 -1235 -1312 127 59 -5 -613 2860 -4244 297 0
137 0
138 0
139 1
140 -1 -1 471 8 0 5 0 0 6 1 6 0 44 0
141 1
142 -1 -1 941 8 0 0 1 0 0 14 0 0 2 0
143 1
144 -1 -1 1881 8 0 17 0 0 14 0 2 0 6 1
145 -1 -1 1880 8 0 10 25 0 4 1 0 0 4 940 -2736 -2889 -4195 -2373 1 470 -4237 1497 -1679 -930 26 235 -3531 -1644 -4621 -4298 7 0
146 1
147 -1 -1 469 8 0 16 7 12 5 22 0 0 2 0
148 0
149 1
150 -1 -1 1875 8 0 0 6 0 8 0 0 0 0 1
151 -1 -1 1874 8 0 22 0 0 21 0 24 0 0 937 3829 -4389 -4756 -6768 255 1
152 -1 -1 936 8 0 32 1 1 3 1 0 1 2 468 2111 -7747 3861 2576 152 234 -2472 7236 -2471 -1423 179 117 -1536 -2033 2065 -5848 219 0
153 0
154 0
155 0
156 1
157 -1 -1 1871 8 0 1 17 0 11 0 3 0 0 1
158 -1 -1 1870 8 0 0 1 2 8 0 41 8 2 935 -4701 -187 3477 7869 3 0
159 1
160 -1 -1 1869 8 0 6 0 1 10 14 21 0 3 1
161 -1 -1 1868 8 0 2 0 1 6 28 0 6 0 934 2803 5455 -732 -4825 25 467 38 7164 -1550 2111 10 0
162 1
163 -1 -1 933 8 0 0 30 10 1 5 11 0 4 1
164 -1 -1 932 8 0 4 1 22 17 3 5 0 13 466 4420 5148 165 4676 9 233 -3950 74 3817 -6029 390 0
165 1
166 -1 -1 465 8 0 13 32 0 3 2 0 8 2 0
167 1
168 -1 -1 929 8 0 0 13 0 2 0 5 5 1 0
169 1
170 -1 -1 1857 8 0 0 24 17 0 0 0 0 0 0
171 1
172 -1 -1 3713 8 0 1 3 0 0 0 0 0 5 1
173 -1 -1 3712 8 0 4 1 47 7 1 7 0 0 1856 -2529 -4577 -1739 -3055 2 928 2759 5634 -1039 2552 213 464 3876 942 1847 -6067 108 232 1588 -6409 -3463 -122 10 116 -2910 2237 -404 -7894 16 58 -523 473 2116 3727 2 29 -50 6215 -4942 -3906 67 0
174 0
175 0
176 0
177 1
178 -1 -1 463 8 0 1 0 0 2 13 6 0 4 0
179 1
180 -1 -1 925 8 0 0 56 0 0 0 0 0 2 0
181 1
182 -1 -1 1849 8 0 8 24 0 1 0 0 0 36 1
183 -1 -1 1848 8 0 3 18 0 3 0 4 0 0 924 3081 515 -2690 -430 10 462 4231 3912 -89 380 24 231 3059 -4686 -4469 -7759 238 0
184 0
185 0
186 1
187 -1 -1 1847 8 0 0 0 0 1 0 0 48 3 1
188 -1 -1 1846 8 0 0 0 0 1 0 0 6 62 923 -3782 90 3592 3950 0 0
189 1
190 -1 -1 1845 8 0 0 13 0 0 0 0 0 0 0
191 1
192 -1 -1 3689 8 0 0 0 4 0 0 0 0 5 0
193 0
194 1
195 -1 -1 14755 8 0 0 0 0 1 0 0 1 5 1
196 -1 -1 14754 8 0 0 0 0 0 0 0 0 105 7377 -956 -4724 4447 7311 30 1
197 -1 -1 7376 8 0 0 0 0 0 0 3 1 0 3688 799 2379 1220 -5469 128 1844 -754 802 1775 6914 5 922 -4991 7457 1484 -3075 293 461 1158 1705 -1782 2523 15 1
198 -1 -1 460 8 0 8 1 0 9 0 1 5 0 230 2646 7162 592 -7584 380 115 4582 3675 -4233 -6080 398 0
199 0
200 0
201 1
202 -1 -1 919 8 0 8 3 27 1 0 2 0 2 0
203 1
204 -1 -1 1837 8 0 3 0 3 3 0 0 0 0 0
205 1
206 -1 -1 3673 8 0 0 3 0 3 0 0 4 0 0
207 0
208 1
209 -1 -1 14691 8 0 3 0 0 0 0 0 0 0 1
210 -1 -1 14690 8 0 0 0 0 0 0 0 72 0 7345 -3597 6742 -2659 -2688 281 1
211 -1 -1 7344 8 0 2 1 0 0 1 1 0 0 3672 2820 3958 -2282 538 31 1836 -2823 -7578 4437 -6161 20 918 3660 -6134 1910 6622 26 459 16 0 -1970 7837 289 0
212 1
213 -1 -1 917 8 0 0 0 2 1 0 0 6 2 0
214 1
215 -1 -1 1833 8 0 1 0 0 3 0 0 0 2 0
216 1
217 -1 -1 3665 8 0 0 62 0 0 0 0 0 0 1
218 -1 -1 3664 8 0 0 9 0 0 0 1 5 0 1832 -1655 -870 -3010 3281 46 916 3803 -3566 2471 -3795 46 458 3293 -2517 422 -749 8 229 4274 1217 -2676 6900 8 0
219 0
220 1
221 -1 -1 915 8 0 0 0 0 0 15 0 0 0 1
222 -1 -1 914 8 0 4 41 8 2 0 0 3 1 457 -2569 -6981 -252 -6768 221 0
223 1
224 -1 -1 913 8 0 5 0 3 6 0 22 0 1 0
225 1
226 -1 -1 1825 8 0 10 11 3 36 1 4 0 3 1
227 -1 -1 1824 8 0 9 18 5 3 0 4 1 19 912 2948 1078 -4896 -7455 250 456 -3294 1760 1461 -5490 381 228 -1423 4476 -4654 7083 25 114 3184 3059 -2709 5566 32 57 76 1451 -3728 7292 384 0
228 0
229 0
230 1
231 -1 -1 455 8 0 0 8 8 0 0 1 0 0 0
232 1
233 -1 -1 909 8 0 0 0 1 0 0 0 40 17 1
234 -1 -1 908 8 0 2 0 7 0 0 0 0 23 454 -1384 4667 1030 -952 109 227 -1416 -7910 3608 -83 108 1
235 -1 -1 226 8 0 3 5 8 3 0 8 0 0 113 43 4606 3264 -7857 353 0
236 0
237 1
238 -1 -1 451 8 0 5 5 0 5 0 15 0 0 0
239 1
240 -1 -1 901 8 0 8 0 0 2 5 0 0 0 0
241 1
242 -1 -1 1801 8 0 1 0 0 0 0 3 0 0 0
243 1
244 -1 -1 3601 8 0 4 0 0 2 0 0 0 0 0
245 1
246 -1 -1 7201 8 0 2 0 0 0 0 0 0 0 0
247 1
248 -1 -1 14401 8 0 2 0 0 0 0 0 0 0 1
249 -1 -1 14400 8 0 77 0 0 0 0 0 0 0 7200 271 7156 856 3156 180 3600 -2184 -1665 1401 3528 38 1800 -4229 3504 -923 -1132 345 900 2434 -2569 -362 -6156 189 450 -4536 4221 -492 -7385 21 225 -3176 -5961 -330 4179 91 0
250 0
251 1
252 -1 -1 899 8 0 2 34 2 0 0 0 0 0 1
253 -1 -1 898 8 0 33 10 3 0 0 0 0 6 449 -2240 -2606 -2576 3917 38 0
254 0
255 1
256 -1 -1 1795 8 0 10 14 24 2 0 2 0 7 0
257 1
258 -1 -1 3589 8 0 23 1 4 0 0 0 0 0 1
259 -1 -1 3588 8 0 18 1 0 6 4 0 0 28 1794 -296 -1847 -2278 7879 21 897 -3221 -1955 -1928 4856 31 0
260 0
261 0
262 1
263 -1 -1 7175 8 0 19 19 0 5 0 0 0 0 0
264 1
265 -1 -1 14349 8 0 3 0 7 0 0 0 0 0 1
266 -1 -1 14348 8 0 39 1 0 24 0 0 0 0 7174 -4792 5873 491 3394 10 3587 3247 5928 -3466 -1402 399 0
267 1
268 -1 -1 7173 8 0 8 0 37 14 0 4 0 0 1
269 -1 -1 7172 8 0 15 0 0 20 0 1 0 1 3586 -2135 -1459 -4580 -541 4 1793 -2144 1607 3558 7983 3 0
270 1
271 -1 -1 3585 8 0 7 3 1 5 0 0 0 0 0
272 1
273 -1 -1 7169 8 0 0 0 0 4 0 0 0 0 0
274 1
275 -1 -1 14337 8 0 21 0 0 3 0 1 0 0 1
276 -1 -1 14336 8 0 53 0 0 0 0 0 0 0 7168 -439 2640 1050 -1230 0 3584 2411 -3988 841 2030 378 1792 1828 6640 -2441 978 2 896 3966 4556 -3815 -5642 343 448 -852 852 4681 2719 17 224 3546 5597 -2350 7273 399 112 4325 -6481 4341 -747 6 56 -171 6509 131 294 10 28 2769 6433 -3185 1983 17 14 -2385 7417 4054 337 16 7 -5000 -7593 2037 -5511 396 0
277 0
278 0
279 0
280 0
281 1
282 -1 -1 223 8 0 3 0 0 4 0 1 0 0 0
283 1
284 -1 -1 445 8 0 1 0 0 0 0 61 0 0 1
285 -1 -1 444 8 0 2 0 0 2 2 7 0 0 222 -2344 -3737 4555 -2860 361 111 -859 7474 -1754 1755 76 0
286 1
287 -1 -1 221 8 0 3 5 13 18 3 10 7 7 1
288 -1 -1 220 8 0 12 0 0 16 0 25 0 0 110 -2013 4907 4314 4804 364 55 2652 6638 -2032 -4905 73 0
289 0
290 0
291 1
292 -1 -1 439 8 0 7 3 0 1 0 0 0 0 0
293 1
294 -1 -1 877 8 0 0 4 0 5 3 0 16 0 1
295 -1 -1 876 8 0 1 0 0 0 0 0 68 0 438 4987 7222 -4331 931 320 219 2507 7502 -4798 -4503 334 0
296 0
297 1
298 -1 -1 875 8 0 0 1 9 7 0 17 0 0 1
299 -1 -1 874 8 0 1 2 0 1 0 7 33 0 437 -2281 -2445 -2871 -4375 2 0
300 1
301 -1 -1 873 8 0 4 0 1 0 0 6 16 0 0
302 1
303 -1 -1 1745 8 0 6 0 0 2 7 1 6 0 0
304 1
305 -1 -1 3489 8 0 0 4 0 1 0 0 1 0 0
306 1
307 -1 -1 6977 8 0 14 0 0 6 0 2 1 0 1
308 -1 -1 6976 8 0 61 0 0 1 0 0 1 0 3488 1207 -3288 -4777 -7310 8 1744 -4078 -1882 -2772 608 20 872 -3655 7999 -4998 -6570 2 436 480 -4179 -2162 1397 27 218 -1849 4642 -3066 -1192 7 109 4725 7549 -817 205 293 0
309 1
310 -1 -1 217 8 0 7 21 0 0 0 1 3 0 1
311 -1 -1 216 8 0 33 7 0 9 0 6 0 1 108 -4014 343 966 -5382 392 54 -1158 1747 3106 -6562 396 27 -2947 3075 -3559 -2605 11 0
312 0
313 0
314 0
315 1
316 -1 -1 431 8 0 15 4 34 0 1 3 0 7 0
317 1
318 -1 -1 861 8 0 2 1 0 1 0 0 0 64 0
319 1
320 -1 -1 1721 8 0 4 19 11 1 6 0 0 0 1
321 -1 -1 1720 8 0 8 10 0 16 0 5 0 26 860 -2475 -1955 -2270 -7106 45 430 -2248 7830 -4428 3752 269 215 -4375 6079 -2243 -2608 383 0
322 1
323 -1 -1 429 8 0 5 0 3 1 35 0 0 23 1
324 -1 -1 428 8 0 1 7 2 11 13 12 0 2 214 2222 7494 -3178 -5344 399 107 2861 4028 -982 3920 0 0
325 0
326 0
327 0
328 1
329 -1 -1 1711 8 0 2 25 1 0 2 0 1 13 1
330 -1 -1 1710 8 0 4 0 2 0 4 2 15 0 855 3024 3424 -2682 -1933 24 1
331 -1 -1 854 8 0 0 0 9 1 0 0 1 35 427 1411 498 1200 7166 7 0
332 0
333 1
334 -1 -1 1707 8 0 10 9 0 3 3 2 2 0 0
335 1
336 -1 -1 3413 8 0 27 2 0 0 0 0 0 12 1
337 -1 -1 3412 8 0 3 3 0 0 0 1 0 31 1706 4 -883 -2525 7795 4 853 -3254 -4033 4380 4168 71 0
338 0
339 1
340 -1 -1 3411 8 0 3 0 15 8 1 0 0 0 1
341 -1 -1 3410 8 0 28 16 1 2 2 1 0 12 1705 -2966 5270 -4743 3331 3 0
342 1
343 -1 -1 3409 8 0 6 0 2 0 4 1 0 3 0
344 1
345 -1 -1 6817 8 0 3 0 6 0 0 2 5 0 0
346 1
347 -1 -1 13633 8 0 13 0 0 0 0 0 7 0 1
348 -1 -1 13632 8 0 68 2 1 0 0 2 0 0 6816 3759 -568 -91 -3447 163 3408 -3763 -3176 -2601 1274 30 1704 899 4887 3376 -1163 1 852 4254 4389 -4991 -5249 53 426 -4545 6193 3294 6806 389 213 2514 2407 -697 1405 9 0
349 0
350 1
351 -1 -1 851 8 0 4 0 0 0 0 2 0 3 0
352 0
353 1
354 -1 -1 3403 8 0 1 2 0 0 0 0 0 1 0
355 1
356 -1 -1 6805 8 0 1 0 0 0 0 0 0 0 0
357 1
358 -1 -1 13609 8 0 0 9 0 0 0 0 0 0 1
359 -1 -1 13608 8 0 0 129 0 0 0 0 0 0 6804 3009 -2388 1585 5317 368 3402 -1757 5389 2917 -1651 120 1701 1902 -4101 194 -7026 5 1
360 -1 -1 1700 8 0 7 2 0 1 0 0 0 3 850 3690 -6306 686 5769 0 425 2393 -6717 -1121 -2274 13 0
361 1
362 -1 -1 849 8 0 0 38 0 0 1 6 0 2 0
363 1
364 -1 -1 1697 8 0 1 10 0 0 0 0 0 0 0
365 1
366 -1 -1 3393 8 0 0 8 0 3 0 0 0 1 1
367 -1 -1 3392 8 0 0 2 0 4 0 0 0 52 1696 3072 -2841 1666 5180 6 848 -4176 -7295 2249 5939 190 424 -2633 2185 -1064 -1024 8 212 -4521 -3967 -1665 5402 0 106 -195 -183 -3507 3443 4 53 3695 7031 2894 -846 3 0
368 0
369 0
370 1
371 -1 -1 423 8 0 4 0 0 0 0 0 0 0 1
372 -1 -1 422 8 0 1 0 0 0 2 0 66 0 211 1736 173 4424 2442 3 1
373 -1 -1 210 8 0 17 3 0 4 4 0 4 0 105 4545 -6688 -1251 -3722 391 0
374 1
375 -1 -1 209 8 0 9 10 0 7 5 11 0 2 0
376 1
377 -1 -1 417 8 0 9 0 0 0 0 10 1 3 0
378 1
379 -1 -1 833 8 0 6 0 0 3 9 1 0 0 1
380 -1 -1 832 8 0 48 0 0 0 5 0 3 0 416 3807 -676 78 639 10 208 -4789 5275 -2097 1262 3 104 -2074 -4921 3126 -455 39 52 3271 2072 4929 7684 53 26 4741 -5059 4675 -7059 0 13 -4566 -6322 3532 -7655 1 0
381 0
382 0
383 0
384 1
385 -1 -1 207 8 0 0 0 0 5 0 0 9 18 0
386 1
387 -1 -1 413 8 0 3 0 1 0 1 0 0 7 0
388 1
389 -1 -1 825 8 0 3 0 0 3 0 50 0 0 1
390 -1 -1 824 8 0 0 0 0 26 0 29 2 1 412 4502 -669 -1349 7386 13 206 4322 7300 -4283 -5395 361 103 -2879 3987 427 569 9 0
391 0
392 1
393 -1 -1 411 8 0 2 4 17 7 0 37 1 0 0
394 0
395 1
396 -1 -1 1643 8 0 1 9 3 7 0 15 0 0 0
397 0
398 1
399 -1 -1 6571 8 0 0 2 2 6 0 0 0 0 1
400 -1 -1 6570 8 0 0 61 0 1 0 0 0 0 3285 -3088 2167 -456 -5328 367 1
401 -1 -1 3284 8 0 1 0 6 5 0 0 0 0 1642 -713 -825 -2367 -7166 284 821 1236 1753 -380 2617 6 0
402 1
403 -1 -1 1641 8 0 0 18 0 0 0 0 0 0 0
404 0
405 1
406 -1 -1 6563 8 0 0 3 0 11 0 0 0 0 1
407 -1 -1 6562 8 0 0 0 0 60 0 1 0 0 3281 -154 -544 -4491 -1001 17 1
408 -1 -1 3280 8 0 2 6 1 4 0 0 0 2 1640 420 5551 4177 -5258 6 820 2898 6542 -2476 1698 230 410 3449 423 3609 -7664 361 205 3583 2344 -1524 3676 29 0
409 0
410 1
411 -1 -1 819 8 0 2 17 0 13 0 0 0 25 0
412 1
413 -1 -1 1637 8 0 0 0 0 1 0 0 0 8 1
414 -1 -1 1636 8 0 3 0 0 43 1 16 0 0 818 -764 4984 -195 -497 42 409 -3751 -7029 -3818 -4266 2 0
415 0
416 1
417 -1 -1 1635 8 0 2 24 0 7 0 0 0 0 1
418 -1 -1 1634 8 0 0 0 0 0 0 0 0 37 817 1804 1273 1810 -4271 338 0
419 1
420 -1 -1 1633 8 0 0 0 1 15 0 0 1 6 0
421 1
422 -1 -1 3265 8 0 0 14 7 0 0 2 0 3 0
423 1
424 -1 -1 6529 8 0 1 0 0 11 2 0 0 0 0
425 1
426 -1 -1 13057 8 0 0 2 0 8 0 0 0 0 1
427 -1 -1 13056 8 0 0 266 0 13 1 0 0 5 6528 -4225 -3672 -4760 3805 14 3264 4969 -1518 3925 -6902 54 1632 3773 320 -3510 1064 25 816 4482 -3499 2445 -4898 79 408 -3035 4915 4826 6698 353 204 -4590 -7419 1686 -6589 3 102 3343 3858 940 5467 3 51 4463 -5510 1805 1488 7 0
428 0
429 0
430 1
431 -1 -1 407 8 0 2 0 3 2 1 0 5 55 0
432 1
433 -1 -1 813 8 0 0 0 0 3 11 7 1 0 0
434 1
435 -1 -1 1625 8 0 2 0 0 12 0 0 0 16 1
436 -1 -1 1624 8 0 8 0 1 20 0 14 0 0 812 -4418 -591 1778 4418 162 406 4207 -555 627 -432 17 203 4831 3653 -4378 -985 176 0
437 0
438 1
439 -1 -1 811 8 0 0 23 0 0 0 0 0 4 0
440 1
441 -1 -1 1621 8 0 0 0 65 0 0 0 0 0 1
442 -1 -1 1620 8 0 2 0 3 4 0 0 3 3 810 1119 1440 -4890 -1827 102 405 1025 3700 3540 -3062 345 0
443 0
444 1
445 -1 -1 1619 8 0 11 11 10 0 0 0 3 5 1
446 -1 -1 1618 8 0 3 10 0 2 0 0 0 49 809 456 237 1941 -3179 386 0
447 0
448 1
449 -1 -1 3235 8 0 1 18 2 2 3 0 0 29 0
450 1
451 -1 -1 6469 8 0 0 2 0 0 0 0 3 4 0
452 1
453 -1 -1 12937 8 0 0 0 4 0 0 0 0 0 1
454 -1 -1 12936 8 0 0 131 1 3 1 1 0 0 6468 -4435 3209 724 -4713 387 3234 4569 3509 1886 -4081 398 1617 -4840 6043 3453 -1474 358 0
455 1
456 -1 -1 3233 8 0 0 12 9 34 0 0 7 0 0
457 1
458 -1 -1 6465 8 0 6 5 1 15 0 2 6 0 0
459 1
460 -1 -1 12929 8 0 4 1 0 12 0 1 0 0 1
461 -1 -1 12928 8 0 4 151 0 17 0 3 0 0 6464 -3010 6025 -1794 7490 3 3232 4607 2282 2120 -6015 300 1616 732 1517 3233 -3050 309 808 298 5809 1005 331 35 404 -3749 -2123 1612 7943 303 202 1069 5055 -4751 7240 318 101 4869 -5028 2278 2467 11 0
462 0
463 0
464 1
465 -1 -1 807 8 0 0 5 10 0 1 0 9 16 0
466 0
467 0
468 0
469 1
470 -1 -1 12911 8 0 0 0 0 0 134 0 0 0 1
471 -1 -1 12910 8 0 0 0 0 1 1 0 0 0 6455 -1553 6227 947 1869 53 1
472 -1 -1 6454 8 0 0 2 0 0 0 0 0 0 3227 -4265 2116 738 -887 22 1
473 -1 -1 3226 8 0 0 1 1 1 0 0 0 0 1613 -4904 2982 -3959 -4740 189 1
474 -1 -1 1612 8 0 0 25 3 4 5 0 0 5 806 800 6395 1007 2990 12 403 3526 7490 -3492 3357 102 0
475 0
476 0
477 1
478 -1 -1 3223 8 0 0 3 10 23 0 4 4 2 1
479 -1 -1 3222 8 0 0 28 1 0 0 2 0 0 1611 -3865 4200 3617 -3395 259 0
480 1
481 -1 -1 3221 8 0 0 0 4 1 0 0 9 0 0
482 0
483 1
484 -1 -1 12883 8 0 0 0 0 0 3 0 0 1 1
485 -1 -1 12882 8 0 0 143 2 0 0 0 0 0 6441 -4675 6711 4694 -4490 350 0
486 1
487 -1 -1 12881 8 0 0 18 34 1 0 0 0 0 1
488 -1 -1 12880 8 0 1 114 10 0 0 0 0 0 6440 4580 3807 -1118 -7509 258 3220 -1995 7135 -1204 -630 46 1610 3452 -5827 2529 2862 180 805 -1639 -4383 3544 -2875 251 0
489 0
490 1
491 -1 -1 3219 8 0 0 0 0 0 8 0 0 0 0
492 1
493 -1 -1 6437 8 0 0 0 0 5 0 0 0 0 0
494 1
495 -1 -1 12873 8 0 0 0 0 2 0 0 2 0 1
496 -1 -1 12872 8 0 0 0 0 0 1 0 119 0 6436 -4249 -870 -3502 5669 11 3218 -2956 -2408 1114 7061 13 1609 -4654 3039 -2857 5866 11 0
497 1
498 -1 -1 3217 8 0 1 0 3 6 2 0 1 0 0
499 1
500 -1 -1 6433 8 0 0 5 7 2 0 0 0 0 1
501 -1 -1 6432 8 0 0 55 0 0 0 0 1 0 3216 2803 -1220 3272 -4306 89 1608 -1807 3249 4662 -3244 252 804 107 4498 -3982 -6375 260 402 1695 7613 2099 -5497 292 201 -3912 6088 4379 -334 337 0
502 0
503 1
504 -1 -1 803 8 0 0 35 2 3 12 3 1 7 0
505 0
506 1
507 -1 -1 3211 8 0 1 2 0 0 0 2 0 0 0
508 0
509 1
510 -1 -1 12843 8 0 0 0 0 1 0 0 0 0 1
511 -1 -1 12842 8 0 0 0 134 0 1 0 0 0 6421 -553 6209 3307 -6792 287 1
512 -1 -1 6420 8 0 0 0 5 4 0 0 1 0 3210 -4797 -2919 4252 3735 35 1605 2616 7153 2579 -6744 296 0
513 0
514 1
515 -1 -1 6419 8 0 2 0 0 8 7 0 0 3 1
516 -1 -1 6418 8 0 1 40 18 1 3 0 0 3 3209 -885 6906 3227 2267 7 0
517 1
518 -1 -1 6417 8 0 0 0 1 34 8 0 0 12 0
519 1
520 -1 -1 12833 8 0 0 1 19 44 5 0 0 2 1
521 -1 -1 12832 8 0 0 3 79 7 3 0 0 2 6416 -4880 4990 2160 -4640 240 3208 -4593 7992 42 7054 1 1604 -496 -3655 1747 2004 237 802 -3219 -6766 1873 -7788 293 401 -4700 2430 3543 -1506 373 0
522 0
523 1
524 -1 -1 1603 8 0 0 45 0 0 0 0 0 1 1
525 -1 -1 1602 8 0 0 8 0 7 0 1 35 0 801 -2355 -3324 1439 7297 223 0
526 0
527 1
528 -1 -1 3203 8 0 0 7 10 7 0 5 0 5 0
529 1
530 -1 -1 6405 8 0 1 0 0 3 52 1 0 1 1
531 -1 -1 6404 8 0 0 3 0 23 6 0 0 8 3202 -4926 2162 2392 -4123 306 1601 1120 3509 1552 -7254 297 0
532 0
533 1
534 -1 -1 6403 8 0 0 0 11 0 23 1 17 0 1
535 -1 -1 6402 8 0 0 29 26 2 4 0 2 0 3201 4409 47 4016 -4006 295 0
536 1
537 -1 -1 6401 8 0 0 0 17 17 2 2 3 0 0
538 1
539 -1 -1 12801 8 0 2 3 7 1 9 0 0 0 1
540 -1 -1 12800 8 0 0 61 1 40 0 1 0 0 6400 -3895 -707 4167 -6294 289 3200 -4005 -3833 4729 3001 253 1600 4559 2439 -3998 3106 59 800 -3855 5675 -1969 -2945 21 400 2890 444 2160 4912 226 200 -3865 -1962 -7 2353 3 100 2583 6566 4729 -1420 275 50 -327 -568 1154 -5381 293 25 664 1332 613 -6553 320 0
541 0
542 0
543 0
544 1
545 -1 -1 399 8 0 17 1 0 5 26 6 1 10 0
546 1
547 -1 -1 797 8 0 7 27 11 1 0 0 0 0 0
548 0
549 1
550 -1 -1 3187 8 0 2 24 0 1 0 0 6 12 0
551 0
552 1
553 -1 -1 12747 8 0 0 3 0 0 0 0 0 191 1
554 -1 -1 12746 8 0 0 11 0 2 0 0 0 28 6373 1310 -590 1394 -4396 76 1
555 -1 -1 6372 8 0 0 0 0 3 2 1 0 0 3186 -4074 4417 3895 -7919 0 1593 2799 6564 4491 -2195 400 0
556 1
557 -1 -1 3185 8 0 2 16 5 2 0 0 0 0 0
558 1
559 -1 -1 6369 8 0 1 0 38 1 0 1 0 20 1
560 -1 -1 6368 8 0 3 0 0 0 0 4 2 49 3184 4641 2751 -4102 -7922 387 1592 3953 7500 -1851 4499 386 796 4196 5185 -2916 -7800 343 398 4573 5129 1854 5014 398 199 101 -536 3341 -2859 396 0
561 0
562 0
563 1
564 -1 -1 1591 8 0 1 4 0 0 1 0 0 2 0
565 1
566 -1 -1 3181 8 0 0 0 0 3 0 0 0 0 0
567 1
568 -1 -1 6361 8 0 3 0 0 0 0 0 0 0 0
569 1
570 -1 -1 12721 8 0 8 0 0 0 0 0 4 0 1
571 -1 -1 12720 8 0 0 0 0 0 0 0 64 0 6360 1464 552 3254 -1157 9 3180 4582 6859 -4914 1128 71 1590 -4384 2842 -2948 -2134 260 795 4074 7458 1168 5921 67 0
572 1
573 -1 -1 1589 8 0 1 11 0 0 0 0 0 0 0
574 1
575 -1 -1 3177 8 0 0 0 0 2 4 0 5 0 0
576 1
577 -1 -1 6353 8 0 0 0 0 0 63 0 2 0 1
578 -1 -1 6352 8 0 2 0 0 0 5 4 1 0 3176 4032 542 -2870 -4654 398 1588 -4444 -7141 -747 -4143 5 794 3796 6275 -3931 -5267 374 397 -754 -414 1363 3260 400 0
579 1
580 -1 -1 793 8 0 3 1 14 1 0 17 2 19 0
581 1
582 -1 -1 1585 8 0 8 0 0 2 0 0 2 13 1
583 -1 -1 1584 8 0 7 0 0 3 0 2 40 1 792 -176 -1490 -1556 -4052 366 396 -2650 -3711 2328 -1834 12 198 2720 261 -4811 1166 377 99 3000 2847 -4873 412 19 0
584 0
585 0
586 0
587 0
588 1
589 -1 -1 3167 8 0 0 13 6 1 0 0 0 9 1
590 -1 -1 3166 8 0 0 1 45 0 0 0 4 0 1583 737 596 -4702 -737 318 0
591 0
592 1
593 -1 -1 6331 8 0 0 4 3 0 0 0 1 0 0
594 1
595 -1 -1 12661 8 0 0 0 1 0 1 0 0 0 1
596 -1 -1 12660 8 0 0 1 0 1 0 0 1 119 6330 3333 1686 -3815 5344 355 3165 -4339 6264 -4726 -5759 187 1
597 -1 -1 3164 8 0 0 6 10 2 6 0 3 4 1582 2871 -33 2078 -6713 305 791 -427 5701 -918 -5610 57 0
598 0
599 1
600 -1 -1 3163 8 0 0 1 0 0 6 0 0 0 0
601 0
602 1
603 -1 -1 12651 8 0 0 1 5 2 0 0 3 0 1
604 -1 -1 12650 8 0 0 0 141 0 3 0 1 0 6325 440 4151 2486 5160 6 1
605 -1 -1 6324 8 0 0 0 0 3 5 0 1 0 3162 -80 7979 -4420 -2774 0 1581 -198 -4382 -1032 5651 10 1
606 -1 -1 1580 8 0 0 8 7 3 5 1 8 6 790 4297 1910 2178 -6719 1 395 2487 1697 4033 -5028 303 0
607 0
608 1
609 -1 -1 1579 8 0 0 16 0 0 0 0 0 30 0
610 1
611 -1 -1 3157 8 0 0 2 42 2 0 2 7 5 0
612 0
613 1
614 -1 -1 12627 8 0 0 0 4 1 3 1 0 4 1
615 -1 -1 12626 8 0 0 56 1 0 6 0 1 0 6313 505 -882 2464 -4464 268 0
616 1
617 -1 -1 12625 8 0 0 7 3 3 0 0 12 2 1
618 -1 -1 12624 8 0 0 14 13 4 172 0 0 2 6312 3378 4847 507 5722 332 3156 4760 670 3571 7244 8 1578 -1439 4549 457 -2363 43 789 4668 -7358 -173 7113 366 0
619 0
620 1
621 -1 -1 3155 8 0 0 2 0 0 0 0 34 2 0
622 1
623 -1 -1 6309 8 0 0 58 0 1 0 0 5 4 1
624 -1 -1 6308 8 0 1 2 0 6 7 0 5 0 3154 3521 7162 -3809 4760 0 1577 -1062 -1326 -1582 594 23 0
625 0
626 1
627 -1 -1 6307 8 0 0 0 0 0 0 0 0 49 1
628 -1 -1 6306 8 0 1 0 0 0 3 0 8 11 3153 3760 -7310 -69 1676 362 0
629 1
630 -1 -1 6305 8 0 0 1 7 8 0 2 0 31 0
631 1
632 -1 -1 12609 8 0 0 0 17 12 17 5 13 5 1
633 -1 -1 12608 8 0 0 37 14 8 1 6 5 6 6304 556 1374 -4765 7744 224 3152 -3505 554 3858 -6922 26 1576 4459 -5006 -2106 1351 264 788 -4547 -5578 -3352 2911 2 394 1411 -513 -3414 5892 240 197 3282 1935 -4248 -4810 284 0
634 0
635 0
636 1
637 -1 -1 1575 8 0 0 17 0 0 0 0 0 0 0
638 0
639 1
640 -1 -1 6299 8 0 2 0 1 4 0 0 2 50 1
641 -1 -1 6298 8 0 1 0 0 11 0 0 0 3 3149 1796 -4973 -3313 7385 281 1
642 -1 -1 3148 8 0 1 0 1 5 15 0 2 0 1574 -347 -3549 1897 2527 0 787 -4182 -2533 -4255 3118 258 0
643 0
644 1
645 -1 -1 3147 8 0 0 0 0 2 6 0 14 0 0
646 1
647 -1 -1 6293 8 0 0 0 0 2 0 0 1 0 0
648 1
649 -1 -1 12585 8 0 0 0 0 1 0 0 0 0 1
650 -1 -1 12584 8 0 0 0 136 0 0 0 0 0 6292 1513 -4968 -4852 7701 298 3146 845 -2759 711 -3521 254 1573 3604 -6595 -1180 7230 314 0
651 0
652 1
653 -1 -1 6291 8 0 0 3 7 2 0 0 0 0 0
654 1
655 -1 -1 12581 8 0 1 0 3 5 5 0 2 0 1
656 -1 -1 12580 8 0 0 0 1 1 3 0 55 0 6290 -3648 -7935 -531 1207 2 3145 -3750 5997 2243 3030 171 0
657 0
658 1
659 -1 -1 12579 8 0 0 83 2 0 0 0 0 0 1
660 -1 -1 12578 8 0 0 19 42 7 4 1 1 7 6289 629 -1921 -3184 -260 225 0
661 1
662 -1 -1 12577 8 0 0 0 16 2 43 0 1 7 1
663 -1 -1 12576 8 0 0 1 39 9 7 1 18 0 6288 -325 -3005 -4095 -6853 23 3144 -1662 -5656 603 7462 242 1572 1221 -1324 -3654 -1886 252 786 -1179 -4783 -4573 -5808 267 393 -111 -5951 4888 -1603 295 0
664 0
665 1
666 -1 -1 1571 8 0 0 0 21 3 14 0 0 9 0
667 0
668 1
669 -1 -1 6283 8 0 0 10 0 2 0 0 28 1 0
670 1
671 -1 -1 12565 8 0 0 0 0 1 0 0 0 81 1
672 -1 -1 12564 8 0 0 0 0 1 6 0 41 27 6282 -948 425 -501 -6193 291 3141 3062 1261 -3299 5269 322 0
673 0
674 1
675 -1 -1 12563 8 0 0 30 7 4 9 0 163 0 1
676 -1 -1 12562 8 0 0 72 2 1 2 6 8 5 6281 3562 1132 563 5467 254 0
677 1
678 -1 -1 12561 8 0 0 0 1 0 1 0 4 44 1
679 -1 -1 12560 8 0 0 0 3 0 0 0 57 0 6280 576 700 -2972 6720 229 3140 1330 775 2830 -4218 234 1570 3871 2926 683 -4870 300 785 2344 6378 -2102 -6275 252 0
680 0
681 0
682 1
683 -1 -1 6279 8 0 1 0 0 4 6 0 0 0 0
684 1
685 -1 -1 12557 8 0 0 0 6 2 0 0 0 0 1
686 -1 -1 12556 8 0 0 0 65 0 0 0 0 0 6278 3538 -1782 -2624 -7315 356 3139 -2278 2818 2077 6698 1 0
687 0
688 1
689 -1 -1 12555 8 0 3 0 0 1 0 0 0 0 1
690 -1 -1 12554 8 0 0 0 0 1 0 0 174 0 6277 -4335 -3788 -394 5386 33 0
691 1
692 -1 -1 12553 8 0 0 10 16 0 17 0 0 1 1
693 -1 -1 12552 8 0 0 26 62 3 1 0 255 1 6276 2098 5941 -1715 2861 249 3138 883 1853 -383 4743 305 1569 4489 -6730 3514 4947 354 0
694 0
695 1
696 -1 -1 6275 8 0 0 0 0 7 12 0 37 0 0
697 1
698 -1 -1 12549 8 0 0 0 0 0 53 0 0 0 1
699 -1 -1 12548 8 0 0 2 0 4 2 0 2 7 6274 276 -6493 -2139 -985 14 3137 773 1129 -3367 531 287 0
700 0
701 1
702 -1 -1 12547 8 0 0 5 0 4 7 0 22 13 1
703 -1 -1 12546 8 0 0 104 44 2 14 0 19 1 6273 3406 2532 -4663 -5036 295 0
704 1
705 -1 -1 12545 8 0 0 3 0 0 45 0 2 0 1
706 -1 -1 12544 8 0 0 44 5 6 23 0 136 0 6272 2820 3406 -395 454 15 3136 -1333 1853 -1068 7471 239 1568 4859 -7091 -4201 -3479 300 784 2292 -35 -3340 -7939 281 392 4406 1605 4869 -5427 230 196 1011 -4912 -635 5873 4 98 4077 7801 916 -2835 3 49 884 431 -3211 5118 360 0
707 0
708 0
709 0
710 1
711 -1 -1 783 8 0 1 0 0 0 2 2 39 0 0
712 0
713 1
714 -1 -1 3131 8 0 0 18 12 3 0 0 0 8 0
715 1
716 -1 -1 6261 8 0 0 0 0 0 1 3 0 0 0
717 1
718 -1 -1 12521 8 0 0 186 0 2 0 0 0 0 1
719 -1 -1 12520 8 0 1 0 0 1 0 1 0 0 6260 4998 3171 552 1841 1 3130 -2629 5332 -588 128 223 1565 520 -1869 -156 1576 250 1
720 -1 -1 1564 8 0 1 0 0 1 11 0 3 2 782 4924 7110 4266 -7982 383 391 3060 -7975 -3668 4178 225 0
721 0
722 0
723 1
724 -1 -1 3127 8 0 0 4 44 0 0 0 0 3 1
725 -1 -1 3126 8 0 0 0 0 2 0 0 0 57 1563 3366 7808 -2031 3325 364 0
726 0
727 1
728 -1 -1 6251 8 0 0 0 2 0 0 0 4 4 0
729 1
730 -1 -1 12501 8 0 0 5 3 12 0 1 0 0 1
731 -1 -1 12500 8 0 0 89 0 3 0 0 0 0 6250 1145 4736 -4727 2205 322 3125 4846 -6528 1872 7585 13 0
732 1
733 -1 -1 6249 8 0 0 22 2 13 0 1 0 8 0
734 1
735 -1 -1 12497 8 0 0 0 117 1 3 1 0 0 1
736 -1 -1 12496 8 0 0 19 0 2 1 0 0 3 6248 4815 6863 3754 -6242 322 3124 856 -4 2255 -4635 339 1562 -4966 4620 -4287 -6302 290 781 3495 -884 -2539 4308 368 0
737 1
738 -1 -1 1561 8 0 2 3 1 9 19 8 9 4 0
739 0
740 1
741 -1 -1 6243 8 0 1 3 38 1 2 0 0 1 1
742 -1 -1 6242 8 0 1 24 0 2 2 1 0 0 3121 -3467 5061 3974 196 294 0
743 0
744 1
745 -1 -1 12483 8 0 0 0 13 0 12 0 3 0 1
746 -1 -1 12482 8 0 0 0 186 2 4 0 1 0 6241 4219 -137 2920 -2703 294 0
747 1
748 -1 -1 12481 8 0 0 0 33 0 12 0 2 1 1
749 -1 -1 12480 8 0 0 0 5 7 28 0 1 1 6240 -2845 5029 -3966 -5816 258 3120 568 6441 1227 813 10 1560 -1841 5512 4869 3633 274 780 -2637 -5898 3368 2215 8 390 2541 1466 -3062 -7262 303 195 4043 5384 3470 -4229 381 0
750 0
751 0
752 1
753 -1 -1 1559 8 0 3 0 0 2 0 0 0 0 0
754 1
755 -1 -1 3117 8 0 1 0 0 0 0 0 0 0 0
756 1
757 -1 -1 6233 8 0 0 0 0 0 0 0 0 52 1
758 -1 -1 6232 8 0 0 0 0 0 0 0 0 28 3116 -4295 5683 -2930 -5004 347 1558 -4011 -1206 -2176 -5239 65 779 4127 -2010 -4267 3807 169 1
759 -1 -1 778 8 0 4 0 0 3 0 0 28 7 389 -48 910 3056 -6839 231 0
760 0
761 0
762 1
763 -1 -1 3111 8 0 0 14 0 3 0 0 0 0 1
764 -1 -1 3110 8 0 1 3 0 1 0 0 0 57 1555 -1242 1040 4825 -2144 351 0
765 0
766 1
767 -1 -1 6219 8 0 0 0 1 3 0 0 5 18 1
768 -1 -1 6218 8 0 0 11 1 18 20 0 0 3 3109 -1117 7869 -3200 -1646 323 0
769 1
770 -1 -1 6217 8 0 2 12 23 6 1 0 8 0 0
771 1
772 -1 -1 12433 8 0 0 14 5 0 0 0 0 10 1
773 -1 -1 12432 8 0 2 285 12 10 5 0 2 3 6216 1814 1775 3085 6874 311 3108 -541 -4865 3429 -6470 277 1554 3686 -866 2303 -3871 259 777 -3761 5108 2330 3967 317 0
774 0
775 0
776 1
777 -1 -1 6215 8 0 0 3 2 3 0 2 0 0 0
778 1
779 -1 -1 12429 8 0 0 0 0 0 0 0 0 1 1
780 -1 -1 12428 8 0 0 72 0 0 0 0 0 0 6214 -712 482 -2219 -4929 316 3107 -674 -6015 -3754 -6124 2 0
781 0
782 1
783 -1 -1 12427 8 0 1 40 0 1 0 0 0 10 1
784 -1 -1 12426 8 0 2 2 0 9 0 0 0 12 6213 1514 3257 -3895 7894 0 0
785 1
786 -1 -1 12425 8 0 0 18 19 21 1 0 6 0 1
787 -1 -1 12424 8 0 1 5 0 40 0 0 10 23 6212 4564 4574 2923 6940 2 3106 -1984 1592 1369 2766 176 1553 1700 3734 -821 -359 31 0
788 0
789 1
790 -1 -1 6211 8 0 2 0 0 7 0 0 0 50 0
791 1
792 -1 -1 12421 8 0 2 2 14 2 10 2 2 35 1
793 -1 -1 12420 8 0 5 7 14 1 5 1 40 2 6210 -3254 -7530 -3608 5362 14 3105 4250 6382 -2730 -5319 120 0
794 0
795 1
796 -1 -1 12419 8 0 1 0 1 7 0 11 22 0 1
797 -1 -1 12418 8 0 7 1 3 13 0 4 0 6 6209 -472 -4279 2444 5943 83 0
798 1
799 -1 -1 12417 8 0 0 0 20 21 1 2 1 3 1
800 -1 -1 12416 8 0 6 59 20 54 44 4 11 18 6208 326 4747 3429 7905 13 3104 -2137 -2373 3183 -536 294 1552 -99 -1623 -2646 -18 33 776 -2081 1772 1981 -7364 203 388 -577 2466 -4489 65 206 194 -314 6824 -3009 -3631 383 97 4940 7016 687 -6339 282 0
801 0
802 0
803 0
804 1
805 -1 -1 1551 8 0 6 1 0 6 2 0 0 41 1
806 -1 -1 1550 8 0 10 3 6 16 0 7 0 0 775 -42 777 -2458 2957 225 0
807 0
808 0
809 1
810 -1 -1 6199 8 0 0 3 1 0 7 1 0 10 0
811 1
812 -1 -1 12397 8 0 0 0 0 0 5 0 2 0 1
813 -1 -1 12396 8 0 0 1 120 2 0 0 0 0 6198 3821 -621 3320 6856 38 3099 -2937 7091 1216 -126 71 0
814 1
815 -1 -1 6197 8 0 1 1 0 0 0 3 0 3 0
816 1
817 -1 -1 12393 8 0 0 0 22 16 10 1 0 0 1
818 -1 -1 12392 8 0 1 0 13 12 135 0 0 1 6196 -1358 3308 -4173 1933 11 3098 1883 6363 -2527 4377 396 1549 768 6686 -1371 -5685 322 0
819 1
820 -1 -1 3097 8 0 2 9 15 29 0 4 0 5 0
821 0
822 1
823 -1 -1 12387 8 0 0 13 5 7 0 2 0 0 1
824 -1 -1 12386 8 0 0 0 10 7 40 0 1 1 6193 -335 686 -4606 -5783 299 0
825 1
826 -1 -1 12385 8 0 3 84 1 8 7 0 3 2 1
827 -1 -1 12384 8 0 0 3 12 1 5 1 2 0 6192 2904 1898 -2567 -7950 0 3096 734 5793 -4662 -4709 243 1548 3557 7524 1571 -3682 294 774 4978 7666 -941 1586 27 387 4452 -3876 -2685 -1343 375 0
828 0
829 0
830 1
831 -1 -1 3095 8 0 3 0 0 1 0 0 1 1 1
832 -1 -1 3094 8 0 0 0 0 0 0 0 66 1 1547 207 569 -3868 -3417 360 1
833 -1 -1 1546 8 0 6 0 0 4 5 0 4 9 773 2273 4249 628 -5626 251 0
834 0
835 1
836 -1 -1 3091 8 0 4 10 50 5 0 0 0 0 1
837 -1 -1 3090 8 0 3 2 3 3 4 0 0 46 1545 -2108 -7717 879 668 398 0
838 0
839 1
840 -1 -1 6179 8 0 1 0 3 1 11 0 3 6 0
841 1
842 -1 -1 12357 8 0 0 80 2 3 0 0 0 4 1
843 -1 -1 12356 8 0 0 18 42 13 1 0 6 7 6178 -4202 7759 -3404 3273 8 3089 -4391 7935 3864 3944 365 0
844 1
845 -1 -1 6177 8 0 1 31 2 18 0 1 2 9 0
846 1
847 -1 -1 12353 8 0 2 12 41 14 2 0 16 34 1
848 -1 -1 12352 8 0 7 40 71 12 120 1 113 9 6176 4456 6107 -2251 -6598 228 3088 -1371 -7854 -2460 7246 283 1544 -665 2714 1110 -7457 266 772 1960 -7581 -3016 1835 396 386 3664 -2032 -2793 -7218 398 193 4998 1280 1747 -7020 3 0
849 0
850 0
851 1
852 -1 -1 1543 8 0 0 0 4 0 1 2 1 11 1
853 -1 -1 1542 8 0 4 0 37 6 6 0 0 1 771 -2905 1576 -291 -6459 134 0
854 0
855 1
856 -1 -1 3083 8 0 0 13 1 0 0 1 0 13 1
857 -1 -1 3082 8 0 1 0 1 6 54 3 0 0 1541 4672 -6926 4421 1114 380 0
858 1
859 -1 -1 3081 8 0 0 0 0 0 16 0 0 0 0
860 1
861 -1 -1 6161 8 0 3 0 2 3 0 12 0 2 0
862 1
863 -1 -1 12321 8 0 0 1 0 7 0 1 0 0 1
864 -1 -1 12320 8 0 2 0 2 3 8 0 0 155 6160 3365 -238 690 5545 14 3080 4293 -1537 2887 -4201 6 1540 123 6995 427 -6810 234 770 1451 7242 -4166 6157 6 385 -3555 6353 -528 -7830 239 0
865 0
866 0
867 1
868 -1 -1 3079 8 0 5 0 15 2 0 0 0 0 1
869 -1 -1 3078 8 0 1 0 12 15 1 8 0 15 1539 4995 -1627 -612 -7643 118 0
870 1
871 -1 -1 3077 8 0 4 4 0 15 0 0 0 0 0
872 1
873 -1 -1 6153 8 0 11 0 2 12 0 3 0 0 1
874 -1 -1 6152 8 0 1 0 2 9 0 36 0 0 3076 -1197 -7561 4991 -4732 3 1538 2590 -4576 -2816 -1228 197 769 -4353 294 1817 -766 38 0
875 0
876 0
877 1
878 -1 -1 6151 8 0 1 5 2 7 2 1 0 11 0
879 1
880 -1 -1 12301 8 0 0 3 1 0 6 0 0 0 1
881 -1 -1 12300 8 0 0 0 55 6 4 0 0 0 6150 4418 6681 2547 556 271 3075 -2803 6872 3551 -4042 59 0
882 1
883 -1 -1 6149 8 0 3 1 2 12 1 1 0 0 0
884 1
885 -1 -1 12297 8 0 1 0 0 1 0 0 0 0 1
886 -1 -1 12296 8 0 0 0 0 0 73 0 0 0 6148 1104 -6205 1249 -5528 1 3074 1639 7512 -3779 -4737 30 1537 2832 7628 2384 3857 3 0
887 1
888 -1 -1 3073 8 0 3 14 0 12 5 4 0 18 0
889 1
890 -1 -1 6145 8 0 1 22 21 4 4 0 4 1 1
891 -1 -1 6144 8 0 7 11 1 26 0 0 8 1 3072 2558 7213 4349 6171 0 1536 -2972 7924 1070 6748 2 768 1393 802 517 -6871 62 384 -3932 -3914 4579 6348 6 192 -4213 5629 806 1741 17 96 183 62 -4328 237 14 48 436 -923 4534 -3735 207 24 1104 645 -1319 7648 216 12 -4966 1301 1563 -5296 240 6 -60 997 4057 -3470 399 3 681 4336 2199 -2928 393 0
892 0
893 0
894 0
895 0
896 0
897 0
898 1
899 -1 -1 383 8 0 1 0 3 28 5 4 0 0 0
900 1
901 -1 -1 765 8 0 3 0 0 20 3 3 0 0 0
902 1
903 -1 -1 1529 8 0 1 0 0 14 0 2 0 0 0
904 1
905 -1 -1 3057 8 0 2 0 0 6 0 5 0 0 0
906 1
907 -1 -1 6113 8 0 0 0 0 4 0 0 0 0 0
908 1
909 -1 -1 12225 8 0 0 0 0 16 0 82 0 0 1
910 -1 -1 12224 8 0 1 0 0 0 0 31 0 0 6112 1115 -5510 -3426 -4934 126 3056 -4180 -4985 4432 -5096 182 1528 1641 -246 1978 -6224 144 764 1561 7736 -619 7868 1 382 -1252 -3569 2693 4310 17 191 -2772 6235 -4662 7669 2 0
911 1
912 -1 -1 381 8 0 5 0 2 50 0 1 0 1 1
913 -1 -1 380 8 0 7 0 0 24 0 17 0 3 190 -2817 1521 90 -7292 39 95 -2849 3014 1097 2633 4 0
914 0
915 0
916 0
917 1
918 -1 -1 1519 8 0 0 0 0 0 0 62 0 0 1
919 -1 -1 1518 8 0 0 0 0 4 0 12 0 0 759 3346 -2676 -2884 4846 394 1
920 -1 -1 758 8 0 3 0 0 3 0 3 0 17 379 2190 5362 1397 -1691 16 1
921 -1 -1 378 8 0 3 5 24 7 8 2 0 0 189 3953 4525 -3108 7490 400 0
922 0
923 1
924 -1 -1 755 8 0 4 0 0 10 0 10 0 0 0
925 1
926 -1 -1 1509 8 0 0 0 0 5 0 0 0 1 0
927 1
928 -1 -1 3017 8 0 3 0 0 1 0 0 0 0 0
929 1
930 -1 -1 6033 8 0 1 0 0 0 0 0 0 0 0
931 1
932 -1 -1 12065 8 0 0 0 0 1 0 0 0 0 1
933 -1 -1 12064 8 0 0 0 0 0 0 0 0 100 6032 1210 2055 -427 -384 289 3016 1913 -1271 4633 -306 285 1508 -2670 2499 4606 -6685 4 754 694 4894 2137 -1588 27 377 2780 -6787 -3643 3325 9 0
934 1
935 -1 -1 753 8 0 0 0 0 7 5 3 6 0 0
936 1
937 -1 -1 1505 8 0 6 0 0 2 0 0 0 17 1
938 -1 -1 1504 8 0 15 0 0 41 0 3 0 0 752 -679 -1162 2779 6807 43 376 1989 5548 184 -1146 14 188 2916 5281 2900 2790 9 94 1826 2865 3680 -4487 35 47 -3575 7666 2426 -2677 7 0
939 0
940 1
941 -1 -1 187 8 0 0 0 2 1 0 0 18 0 0
942 1
943 -1 -1 373 8 0 10 0 0 9 2 1 3 25 1
944 -1 -1 372 8 0 23 0 4 1 6 0 0 4 186 4797 7502 -373 -4124 5 93 4177 -1152 117 -220 18 0
945 0
946 1
947 -1 -1 371 8 0 2 0 20 1 1 2 2 0 0
948 1
949 -1 -1 741 8 0 8 0 0 7 0 18 5 0 1
950 -1 -1 740 8 0 8 0 0 25 0 2 1 3 370 4332 -446 115 7809 18 185 -1661 -1879 3635 -1672 395 0
951 0
952 1
953 -1 -1 739 8 0 22 9 0 3 0 0 0 0 0
954 1
955 -1 -1 1477 8 0 13 0 3 4 0 12 0 3 1
956 -1 -1 1476 8 0 4 3 2 1 48 2 0 0 738 -2205 2363 -4400 7945 4 369 -2202 151 2269 3773 5 0
957 1
958 -1 -1 737 8 0 12 0 0 2 7 0 0 2 1
959 -1 -1 736 8 0 10 2 0 39 0 6 1 7 368 -1407 -503 -442 4692 106 184 3321 570 -4076 5002 9 92 4299 7024 -4615 2623 35 46 4571 6926 -4268 7700 221 23 1685 3174 3745 54 1 0
960 0
961 0
962 1
963 -1 -1 183 8 0 19 0 0 3 0 0 2 28 0
964 1
965 -1 -1 365 8 0 8 0 0 3 0 0 0 0 0
966 1
967 -1 -1 729 8 0 1 0 0 0 0 0 1 5 0
968 0
969 1
970 -1 -1 2915 8 0 1 0 0 1 0 0 0 0 0
971 1
972 -1 -1 5829 8 0 1 0 0 0 0 0 0 0 0
973 1
974 -1 -1 11657 8 0 0 0 0 0 0 0 13 0 1
975 -1 -1 11656 8 0 0 0 0 0 0 0 76 0 5828 -12 4175 926 -195 29 2914 150 1965 1240 -446 23 1457 4876 6456 -4471 5926 347 1
976 -1 -1 1456 8 0 2 0 2 1 0 0 1 0 728 -1218 -1173 -2010 -4226 287 364 -3034 3429 -2621 -768 2 182 -4579 -4412 -4024 3921 1 91 3605 -7445 1558 1215 5 0
977 0
978 0
979 0
980 1
981 -1 -1 1455 8 0 2 27 0 10 0 0 0 0 1
982 -1 -1 1454 8 0 1 43 0 0 0 1 0 6 727 -628 2593 -1450 -4731 162 1
983 -1 -1 726 8 0 2 0 0 4 0 0 0 7 363 -799 -1082 2095 -5651 4 0
984 1
985 -1 -1 725 8 0 0 1 11 0 0 0 0 0 0
986 1
987 -1 -1 1449 8 0 14 0 0 7 3 0 6 2 0
988 0
989 1
990 -1 -1 5795 8 0 5 0 0 1 0 0 0 0 0
991 1
992 -1 -1 11589 8 0 2 0 0 0 0 0 0 1 1
993 -1 -1 11588 8 0 0 0 0 1 0 0 0 77 5794 -4410 228 -3562 6261 18 2897 4380 -7385 3850 3055 187 1
994 -1 -1 2896 8 0 11 8 0 0 0 1 0 2 1448 -878 3218 -4076 -6540 364 724 2469 -265 -3073 5609 10 362 -1566 -2898 1839 -3736 11 181 -2198 1723 2018 -1817 1 0
995 0
996 1
997 -1 -1 723 8 0 30 0 14 0 0 1 0 12 1
998 -1 -1 722 8 0 9 0 0 10 0 0 2 36 361 -134 -1515 1614 3263 0 0
999 1
1000 -1 -1 721 8 0 4 1 12 0 0 0 0 0 0
1001 1
1002 -1 -1 1441 8 0 53 0 0 4 0 0 4 0 1
1003 -1 -1 1440 8 0 4 2 0 0 0 3 10 0 720 836 -1985 -2821 7172 2 360 1268 2408 -214 2600 11 180 1388 4484 -4641 -5110 5 90 -3670 5365 4781 2629 8 45 3958 -4346 1226 -2372 8 0
1004 0
1005 0
1006 0
1007 1
1008 -1 -1 719 8 0 0 0 0 7 0 1 0 42 1
1009 -1 -1 718 8 0 13 0 1 3 1 0 0 9 359 -2163 1710 1583 5471 323 1
1010 -1 -1 358 8 0 22 0 15 9 6 5 0 0 179 3650 -2243 387 -2137 3 0
1011 0
1012 0
1013 1
1014 -1 -1 1431 8 0 1 5 0 0 0 3 1 9 0
1015 1
1016 -1 -1 2861 8 0 13 0 0 21 0 14 0 0 1
1017 -1 -1 2860 8 0 12 1 0 2 0 30 0 0 1430 1931 3857 3098 5329 1 715 -705 -2262 2750 2982 56 0
1018 1
1019 -1 -1 1429 8 0 12 0 0 1 0 36 0 0 0
1020 1
1021 -1 -1 2857 8 0 5 0 0 0 0 3 0 0 0
1022 1
1023 -1 -1 5713 8 0 9 0 0 2 0 0 0 0 0
1024 1
1025 -1 -1 11425 8 0 5 0 0 0 0 0 0 0 1
1026 -1 -1 11424 8 0 83 0 0 0 0 0 0 0 5712 -3019 6700 1687 6758 14 2856 -2649 7309 2572 -6290 14 1428 4546 7649 2153 1269 13 714 2551 -5666 1768 1827 37 357 3579 6207 4662 -762 3 0
1027 1
1028 -1 -1 713 8 0 1 0 5 2 2 1 0 0 0
1029 1
1030 -1 -1 1425 8 0 14 0 0 31 0 5 0 0 0
1031 1
1032 -1 -1 2849 8 0 18 0 1 0 0 0 0 0 0
1033 1
1034 -1 -1 5697 8 0 1 0 0 9 0 6 0 0 0
1035 1
1036 -1 -1 11393 8 0 7 0 0 4 0 10 0 0 1
1037 -1 -1 11392 8 0 41 0 0 8 0 2 0 0 5696 4076 7854 -1504 6994 12 2848 855 3262 4962 3152 16 1424 4292 5480 4175 -6176 295 712 -1756 7909 -4278 5481 5 356 -348 -3258 1418 7317 387 178 4957 -7420 -4545 4743 105 89 4795 -5936 3334 6321 339 0
1038 0
1039 0
1040 1
1041 -1 -1 711 8 0 22 0 0 3 28 0 0 1 0
1042 1
1043 -1 -1 1421 8 0 5 0 0 5 0 0 0 0 1
1044 -1 -1 1420 8 0 58 0 0 0 0 3 0 0 710 -2004 -5112 487 921 31 355 4482 -886 -2886 3467 191 0
1045 0
1046 0
1047 0
1048 0
1049 1
1050 -1 -1 11359 8 0 9 0 0 3 3 0 0 0 1
1051 -1 -1 11358 8 0 80 0 1 1 0 0 0 0 5679 4994 291 -1236 981 17 0
1052 1
1053 -1 -1 11357 8 0 59 2 38 13 0 0 0 0 1
1054 -1 -1 11356 8 0 30 0 0 25 1 0 0 0 5678 3974 3187 -4614 -4719 400 2839 4748 5919 -1484 5217 17 0
1055 1
1056 -1 -1 5677 8 0 21 38 2 2 0 0 0 0 0
1057 1
1058 -1 -1 11353 8 0 26 2 25 2 0 0 2 0 1
1059 -1 -1 11352 8 0 75 2 1 2 0 0 0 1 5676 1012 1227 -2339 7390 27 2838 4540 3873 -4202 6953 1 1419 4563 3350 -1915 6794 7 0
1060 1
1061 -1 -1 2837 8 0 19 0 0 1 0 0 1 2 0
1062 1
1063 -1 -1 5673 8 0 2 9 6 2 0 1 0 0 1
1064 -1 -1 5672 8 0 4 0 28 6 1 0 0 13 2836 752 7316 4647 -6934 187 1418 -1750 1121 1868 -2855 5 709 -502 -50 -1198 2568 1 0
1065 1
1066 -1 -1 1417 8 0 21 0 4 12 0 2 10 1 0
1067 1
1068 -1 -1 2833 8 0 0 0 10 0 16 0 1 1 1
1069 -1 -1 2832 8 0 2 25 1 4 0 2 6 12 1416 -2621 -1392 -4377 2823 10 708 2768 460 -1048 6140 1 354 498 9 2488 7639 4 177 -103 -7597 1803 2230 1 0
1070 0
1071 0
1072 1
1073 -1 -1 1415 8 0 2 0 0 5 0 0 1 46 0
1074 1
1075 -1 -1 2829 8 0 18 0 2 0 3 7 0 10 1
1076 -1 -1 2828 8 0 3 0 17 12 0 3 1 1 1414 -3421 2477 4261 1715 0 707 786 -2780 3520 7267 303 1
1077 -1 -1 706 8 0 17 2 0 15 0 27 4 3 353 -4482 5568 978 -6931 384 0
1078 1
1079 -1 -1 705 8 0 5 0 1 6 11 0 24 0 0
1080 1
1081 -1 -1 1409 8 0 15 5 0 0 0 0 0 0 0
1082 1
1083 -1 -1 2817 8 0 0 0 0 0 0 0 4 0 0
1084 1
1085 -1 -1 5633 8 0 0 1 0 25 0 0 0 1 1
1086 -1 -1 5632 8 0 13 0 1 29 0 2 0 0 2816 3406 4062 2083 -3208 7 1408 1650 -1351 925 -340 8 704 -509 6533 2861 -3059 78 352 -1704 583 -4096 5317 7 176 -2327 570 4451 -4421 7 88 -19 -1665 559 7806 3 44 4602 -5925 -2375 -1574 27 22 2346 -2334 4699 -401 374 11 4855 5581 4647 5059 1 0
1087 0
1088 0
1089 0
1090 0
1091 1
1092 -1 -1 351 8 0 0 0 41 0 0 0 5 3 1
1093 -1 -1 350 8 0 10 0 0 0 4 0 4 12 175 1068 259 -2539 -6022 375 0
1094 0
1095 0
1096 1
1097 -1 -1 1399 8 0 0 0 0 0 2 0 0 0 0
1098 1
1099 -1 -1 2797 8 0 0 0 3 0 0 0 0 0 0
1100 0
1101 1
1102 -1 -1 11187 8 0 0 0 0 0 0 0 33 0 1
1103 -1 -1 11186 8 0 0 0 0 0 0 0 38 0 5593 -662 -982 -1521 -3289 310 1
1104 -1 -1 5592 8 0 0 0 1 1 0 0 0 0 2796 81 -812 -4095 -5606 170 1398 4870 2599 -754 7796 391 699 -1606 -7680 -2345 6825 342 0
1105 0
1106 1
1107 -1 -1 2795 8 0 0 0 14 2 4 0 0 0 1
1108 -1 -1 2794 8 0 0 0 1 1 66 0 0 1 1397 -2568 -2621 -3448 -631 15 0
1109 1
1110 -1 -1 2793 8 0 0 0 0 3 42 0 3 0 0
1111 0
1112 1
1113 -1 -1 11171 8 0 0 0 12 0 0 0 0 0 1
1114 -1 -1 11170 8 0 0 0 0 0 4 0 57 0 5585 3789 -3038 -4316 -1369 364 1
1115 -1 -1 5584 8 0 0 1 18 0 39 0 1 1 2792 3899 -7730 2007 5892 317 1396 -1120 974 -650 -6542 326 698 -3689 -2563 -1545 5988 281 349 2768 189 -807 -2127 35 0
1116 0
1117 1
1118 -1 -1 1395 8 0 1 0 0 2 44 0 15 0 1
1119 -1 -1 1394 8 0 0 0 0 0 0 0 17 0 697 3053 -1342 1748 6837 346 0
1120 1
1121 -1 -1 1393 8 0 0 8 2 6 9 0 2 4 0
1122 0
1123 1
1124 -1 -1 5571 8 0 0 1 3 0 0 0 0 0 0
1125 1
1126 -1 -1 11141 8 0 0 0 0 0 1 0 0 1 1
1127 -1 -1 11140 8 0 0 0 0 0 4 0 293 0 5570 -1003 5840 3363 -3337 25 2785 3814 1416 1606 -3370 1 1
1128 -1 -1 2784 8 0 0 7 0 1 1 0 2 4 1392 -137 4725 3695 2212 0 696 -4563 -5692 -3045 6851 13 348 364 -2964 45 7495 340 174 2682 -7569 -3380 -5761 285 87 -457 -732 902 -7276 369 0
1129 1
1130 -1 -1 173 8 0 2 1 40 4 5 0 5 6 0
1131 0
1132 1
1133 -1 -1 691 8 0 1 0 2 4 0 0 0 1 0
1134 1
1135 -1 -1 1381 8 0 0 0 0 0 0 0 2 0 0
1136 1
1137 -1 -1 2761 8 0 0 0 0 0 0 0 2 0 0
1138 1
1139 -1 -1 5521 8 0 0 0 0 0 0 0 0 9 0
1140 1
1141 -1 -1 11041 8 0 0 0 0 0 0 0 0 3 1
1142 -1 -1 11040 8 0 0 0 0 0 0 0 0 68 5520 -4652 -1619 -1985 3415 245 2760 3676 2967 185 -5129 171 1380 3851 4568 -3460 -1431 320 690 4067 2796 500 3688 148 345 -1699 5889 -4682 7672 4 0
1143 1
1144 -1 -1 689 8 0 2 7 1 1 0 0 0 16 1
1145 -1 -1 688 8 0 1 8 5 19 8 0 17 0 344 -2530 4277 3338 6597 385 172 4490 -6141 -920 2715 323 86 -1676 4696 -4159 4013 14 43 101 -39 -1721 4807 250 0
1146 0
1147 0
1148 0
1149 1
1150 -1 -1 687 8 0 2 1 0 3 0 0 0 13 0
1151 1
1152 -1 -1 1373 8 0 0 0 0 0 0 0 0 3 0
1153 1
1154 -1 -1 2745 8 0 0 1 1 0 0 0 0 0 0
1155 1
1156 -1 -1 5489 8 0 0 0 62 0 0 0 0 0 1
1157 -1 -1 5488 8 0 0 0 17 0 0 0 0 0 2744 -1805 3075 -3191 -7656 146 1372 1553 6000 901 224 182 686 -4575 1344 1915 -5545 378 343 -4082 292 4075 6816 309 0
1158 1
1159 -1 -1 685 8 0 1 0 7 1 0 0 3 16 0
1160 1
1161 -1 -1 1369 8 0 0 20 11 1 0 0 0 0 1
1162 -1 -1 1368 8 0 0 39 0 0 0 0 0 1 684 -3437 -2143 2297 -5345 255 342 4037 -1409 1956 7127 37 171 -3881 7520 1883 -7832 365 0
1163 1
1164 -1 -1 341 8 0 9 24 2 0 0 0 0 0 0
1165 0
1166 0
1167 0
1168 1
1169 -1 -1 5455 8 0 0 0 0 2 0 0 0 0 0
1170 1
1171 -1 -1 10909 8 0 0 0 0 0 0 0 0 12 1
1172 -1 -1 10908 8 0 0 0 0 0 0 0 0 93 5454 3310 2558 -3787 330 271 2727 2631 929 4232 14 350 1
1173 -1 -1 2726 8 0 0 3 0 1 0 0 0 0 1363 3108 -99 2924 7654 0 1
1174 -1 -1 1362 8 0 1 0 0 7 0 0 4 8 681 11 6943 2417 -6335 227 1
1175 -1 -1 680 8 0 3 30 0 3 0 0 0 20 340 -1610 7781 -4971 1282 4 170 -4134 6566 -3 2942 287 85 2301 -3214 -4558 -6961 335 0
1176 0
1177 0
1178 1
1179 -1 -1 679 8 0 0 0 0 0 0 0 0 1 1
1180 -1 -1 678 8 0 0 0 0 0 0 0 0 69 339 4350 5547 1925 1014 156 0
1181 1
1182 -1 -1 677 8 0 0 8 2 5 39 0 4 0 0
1183 1
1184 -1 -1 1353 8 0 0 2 1 3 27 0 18 14 0
1185 1
1186 -1 -1 2705 8 0 0 1 0 6 0 0 3 53 1
1187 -1 -1 2704 8 0 0 0 5 7 1 0 2 4 1352 2800 -2243 -2267 -4725 49 676 -1187 -1552 -427 3286 238 338 -1089 2541 -4460 6926 246 169 -3803 3638 1523 7212 393 0
1188 0
1189 1
1190 -1 -1 675 8 0 1 40 0 2 6 0 0 5 0
1191 1
1192 -1 -1 1349 8 0 2 9 2 10 0 4 4 31 0
1193 1
1194 -1 -1 2697 8 0 0 10 4 0 0 1 0 1 0
1195 1
1196 -1 -1 5393 8 0 1 0 3 1 0 0 0 6 0
1197 1
1198 -1 -1 10785 8 0 0 0 0 2 0 0 1 0 1
1199 -1 -1 10784 8 0 0 0 65 3 0 0 0 0 5392 4417 6663 -2959 1972 12 2696 -3608 6314 4140 6242 358 1348 -854 654 -3064 -1211 266 674 -83 5702 2951 6217 327 337 -1611 7921 -1691 -23 259 0
1200 0
1201 0
1202 1
1203 -1 -1 2695 8 0 0 1 0 3 0 0 0 16 1
1204 -1 -1 2694 8 0 0 5 0 3 42 0 6 3 1347 -3824 -7723 -4368 4149 305 0
1205 1
1206 -1 -1 2693 8 0 0 0 10 0 10 0 0 4 0
1207 0
1208 1
1209 -1 -1 10771 8 0 0 0 15 0 0 0 0 3 1
1210 -1 -1 10770 8 0 0 3 4 5 0 0 57 6 5385 4639 7526 -4969 -4767 359 1
1211 -1 -1 5384 8 0 0 0 1 5 0 0 9 44 2692 4912 -7078 358 5168 44 1346 4872 1849 4327 -6794 7 673 3264 -7484 4330 7040 266 0
1212 0
1213 1
1214 -1 -1 2691 8 0 1 2 42 2 0 0 4 11 0
1215 1
1216 -1 -1 5381 8 0 0 1 0 0 5 0 30 2 1
1217 -1 -1 5380 8 0 0 2 10 6 0 0 14 14 2690 4979 -175 -471 -341 0 1345 4692 1126 4864 3875 133 0
1218 1
1219 -1 -1 2689 8 0 0 2 1 3 29 0 0 1 0
1220 1
1221 -1 -1 5377 8 0 0 9 10 0 29 0 0 0 0
1222 1
1223 -1 -1 10753 8 0 0 59 14 3 2 0 8 0 1
1224 -1 -1 10752 8 0 2 17 34 11 1 0 40 15 5376 1449 -3250 -3849 1579 237 2688 2593 1247 -4152 998 254 1344 371 -7751 -2053 -2042 280 672 1817 -442 -2554 -7971 268 336 4422 -4763 -4916 4302 237 168 96 5810 4084 5664 282 84 -2064 1402 398 5725 227 42 967 -1253 2375 -7645 304 21 3792 -3732 -2290 7581 281 0
1225 0
1226 0
1227 0
1228 0
1229 1
1230 -1 -1 671 8 0 0 0 61 4 0 2 0 0 1
1231 -1 -1 670 8 0 0 11 5 17 11 4 1 0 335 2146 5581 512 -1393 51 0
1232 0
1233 1
1234 -1 -1 1339 8 0 1 0 0 3 1 2 33 0 1
1235 -1 -1 1338 8 0 3 0 4 13 2 2 0 8 669 3700 7798 3583 248 20 0
1236 1
1237 -1 -1 1337 8 0 2 3 22 1 0 0 0 0 0
1238 0
1239 1
1240 -1 -1 5347 8 0 0 0 9 7 4 0 0 5 0
1241 1
1242 -1 -1 10693 8 0 0 1 0 7 2 0 0 155 1
1243 -1 -1 10692 8 0 1 0 0 2 0 0 1 0 5346 3262 -1499 -1557 3279 0 2673 4093 4520 253 -1687 29 1
1244 -1 -1 2672 8 0 9 2 0 17 0 1 0 1 1336 4538 2660 856 -2137 1 668 4972 -1874 3044 6928 394 334 1905 -5795 -1692 7888 93 167 -1084 3186 -164 808 10 0
1245 0
1246 1
1247 -1 -1 667 8 0 0 0 1 1 29 0 17 0 1
1248 -1 -1 666 8 0 0 12 0 0 0 0 15 15 333 -675 -1069 -4173 2555 278 0
1249 1
1250 -1 -1 665 8 0 8 0 0 6 0 18 1 2 0
1251 1
1252 -1 -1 1329 8 0 0 1 0 1 17 0 0 0 0
1253 0
1254 1
1255 -1 -1 5315 8 0 0 1 9 19 0 9 11 3 0
1256 1
1257 -1 -1 10629 8 0 0 0 3 1 0 0 0 0 1
1258 -1 -1 10628 8 0 0 0 0 7 0 0 106 0 5314 462 1378 -931 -2762 389 2657 3416 -468 681 4990 1 1
1259 -1 -1 2656 8 0 0 0 5 31 2 5 0 2 1328 -4937 6477 -4984 -4620 0 664 4469 -6239 1813 1094 359 332 1006 412 -3217 5822 400 166 4563 -3146 -62 67 33 83 4654 1723 392 -7626 253 0
1260 0
1261 0
1262 0
1263 1
1264 -1 -1 1327 8 0 0 1 38 1 0 0 0 3 0
1265 1
1266 -1 -1 2653 8 0 0 1 1 12 0 2 6 5 0
1267 1
1268 -1 -1 5305 8 0 1 0 2 5 0 0 0 0 0
1269 1
1270 -1 -1 10609 8 0 0 81 0 0 0 0 0 0 1
1271 -1 -1 10608 8 0 0 8 0 2 0 0 0 0 5304 1918 577 4782 -7829 216 2652 -304 6656 3713 -3493 11 1326 1659 5149 948 -1445 5 663 4991 2620 -2730 -3941 285 0
1272 0
1273 1
1274 -1 -1 2651 8 0 0 0 0 0 1 0 13 0 0
1275 1
1276 -1 -1 5301 8 0 0 3 3 6 1 0 2 0 1
1277 -1 -1 5300 8 0 0 1 12 3 47 0 0 0 2650 -141 -281 -2616 -3843 253 1325 -764 18 1767 -1097 246 1
1278 -1 -1 1324 8 0 2 11 0 2 0 1 19 0 662 -1086 2103 -4337 -4702 0 331 2594 6422 -4755 3262 14 0
1279 1
1280 -1 -1 661 8 0 0 36 0 4 0 5 0 0 0
1281 0
1282 1
1283 -1 -1 2643 8 0 0 0 0 1 0 0 16 0 1
1284 -1 -1 2642 8 0 0 1 47 1 2 1 1 2 1321 1081 6491 -2240 -3930 400 0
1285 0
1286 1
1287 -1 -1 5283 8 0 0 0 30 1 9 0 0 0 1
1288 -1 -1 5282 8 0 0 6 11 14 0 0 4 0 2641 -4718 -930 876 7230 92 0
1289 1
1290 -1 -1 5281 8 0 0 0 0 0 0 1 0 21 0
1291 1
1292 -1 -1 10561 8 0 1 1 18 4 31 0 0 16 1
1293 -1 -1 10560 8 0 0 9 53 73 492 0 17 1 5280 4072 801 4634 -4285 281 2640 4378 -5286 -3178 3314 394 1320 -4471 2858 919 -3363 30 660 3851 6915 -3777 -521 380 330 -4930 -383 3073 -2325 337 165 -1791 -8 4369 1101 9 0
1294 0
1295 1
1296 -1 -1 659 8 0 0 2 0 2 0 0 0 30 0
1297 1
1298 -1 -1 1317 8 0 0 3 5 1 2 1 3 17 0
1299 1
1300 -1 -1 2633 8 0 0 5 7 0 0 0 0 0 0
1301 1
1302 -1 -1 5265 8 0 0 0 0 0 0 0 13 0 0
1303 1
1304 -1 -1 10529 8 0 0 0 0 0 83 0 0 0 1
1305 -1 -1 10528 8 0 0 1 0 0 1 0 5 0 5264 1989 -4728 3410 3721 85 2632 -802 -5764 -3969 2100 354 1316 -2866 5173 -3871 1327 5 658 -4200 -5089 -1121 5325 7 329 3033 7092 -4764 6960 6 0
1306 0
1307 0
1308 1
1309 -1 -1 2631 8 0 0 2 7 2 26 1 0 3 1
1310 -1 -1 2630 8 0 1 0 6 8 2 0 4 15 1315 4915 702 2459 -12 14 1
1311 -1 -1 1314 8 0 0 2 47 2 1 0 1 3 657 3642 -135 -1732 3492 0 0
1312 1
1313 -1 -1 1313 8 0 0 1 8 3 2 3 1 36 0
1314 0
1315 1
1316 -1 -1 5251 8 0 0 7 7 2 0 0 4 14 0
1317 1
1318 -1 -1 10501 8 0 0 0 4 0 4 0 1 2 1
1319 -1 -1 10500 8 0 0 2 2 5 1 0 61 3 5250 2575 2594 -404 2945 106 2625 -1249 -4128 -3617 6586 249 0
1320 0
1321 1
1322 -1 -1 10499 8 0 0 0 3 0 0 0 4 0 1
1323 -1 -1 10498 8 0 1 124 5 4 1 0 2 0 5249 522 7946 -3296 -5683 390 0
1324 1
1325 -1 -1 10497 8 0 0 47 13 8 0 1 3 0 1
1326 -1 -1 10496 8 0 0 12 16 5 3 0 63 0 5248 3295 4231 -2576 7201 3 2624 -893 33 4352 -5991 244 1312 4073 -6871 -292 -5401 14 656 3476 1026 2357 -7981 255 328 4584 791 -2581 -6760 262 164 372 -5596 3126 -1788 266 82 4639 -473 -3363 6703 188 41 2783 -2994 -4717 6857 298 0
1327 0
1328 0
1329 0
1330 1
1331 -1 -1 655 8 0 1 0 1 9 8 0 0 2 0
1332 1
1333 -1 -1 1309 8 0 0 0 12 2 0 0 4 6 0
1334 1
1335 -1 -1 2617 8 0 0 0 0 2 0 1 0 0 0
1336 1
1337 -1 -1 5233 8 0 0 0 0 2 0 0 0 0 0
1338 1
1339 -1 -1 10465 8 0 0 0 2 0 0 0 0 1 1
1340 -1 -1 10464 8 0 0 0 0 1 0 0 0 103 5232 -4156 -1313 -4383 5677 141 2616 -441 -972 4806 -5676 8 1308 -3809 -5188 2932 2782 35 654 2888 6436 340 -7692 307 327 1112 -3166 1585 875 396 0
1341 1
1342 -1 -1 653 8 0 0 0 0 8 0 1 37 0 1
1343 -1 -1 652 8 0 4 2 10 3 0 0 4 19 326 3499 -4372 -682 -230 137 163 2176 -4796 2041 -17 244 0
1344 0
1345 0
1346 1
1347 -1 -1 1303 8 0 0 3 19 8 2 1 0 0 0
1348 1
1349 -1 -1 2605 8 0 2 25 0 4 0 4 0 0 1
1350 -1 -1 2604 8 0 3 1 0 39 0 4 0 0 1302 4276 1765 2202 -7534 386 651 1124 3647 -2405 6100 11 0
1351 1
1352 -1 -1 1301 8 0 0 0 0 0 0 0 0 44 1
1353 -1 -1 1300 8 0 2 3 14 13 0 3 2 24 650 -4018 7714 -3674 3942 23 325 3712 6763 285 -2563 8 0
1354 0
1355 1
1356 -1 -1 1299 8 0 15 0 18 0 0 0 0 1 1
1357 -1 -1 1298 8 0 47 3 0 10 1 1 0 0 649 3518 4202 264 -1137 17 0
1358 0
1359 1
1360 -1 -1 2595 8 0 3 0 0 4 0 48 0 0 0
1361 1
1362 -1 -1 5189 8 0 0 0 0 24 0 0 0 3 0
1363 1
1364 -1 -1 10377 8 0 0 0 0 2 0 21 0 0 1
1365 -1 -1 10376 8 0 0 0 0 34 1 13 0 0 5188 1071 -1494 -3312 5070 24 2594 4637 -7025 2664 7380 193 1297 2185 -1818 -4668 311 354 0
1366 1
1367 -1 -1 2593 8 0 1 0 17 8 0 0 2 2 0
1368 1
1369 -1 -1 5185 8 0 9 0 0 3 0 0 0 0 0
1370 1
1371 -1 -1 10369 8 0 2 1 1 9 0 6 0 0 1
1372 -1 -1 10368 8 0 2 0 0 104 0 1 0 0 5184 4931 -432 3559 -6588 370 2592 -3538 -5749 3468 1347 15 1296 4031 4677 2738 597 16 648 4699 -7927 -3523 -4740 72 324 1360 5761 -1592 -7919 400 162 3774 -59 1547 -3287 4 81 3972 -3077 2668 638 184 0
1373 0
1374 0
1375 1
1376 -1 -1 647 8 0 4 3 6 3 11 4 3 31 0
1377 1
1378 -1 -1 1293 8 0 2 10 9 9 0 2 0 0 0
1379 1
1380 -1 -1 2585 8 0 9 2 0 11 0 0 0 0 1
1381 -1 -1 2584 8 0 9 0 0 10 0 31 1 0 1292 3187 7100 -2160 -5546 47 646 3414 -4661 4329 814 0 323 -620 5080 -445 818 24 0
1382 1
1383 -1 -1 645 8 0 1 18 0 4 3 0 0 38 0
1384 1
1385 -1 -1 1289 8 0 1 0 24 6 0 0 4 2 0
1386 0
1387 1
1388 -1 -1 5155 8 0 4 1 4 0 1 0 0 0 0
1389 1
1390 -1 -1 10309 8 0 1 0 2 0 0 0 0 0 1
1391 -1 -1 10308 8 0 0 208 0 2 0 0 0 2 5154 -2935 -4019 -2255 -2246 10 2577 -4435 -1058 4975 -7089 21 0
1392 1
1393 -1 -1 5153 8 0 1 0 1 1 0 0 0 9 0
1394 1
1395 -1 -1 10305 8 0 0 23 17 3 2 2 0 0 1
1396 -1 -1 10304 8 0 1 89 7 20 0 0 0 0 5152 4596 2242 -4691 3640 26 2576 -302 1933 2747 -4961 393 1288 4881 5717 1403 -4590 393 644 4145 -7241 3623 -1085 400 322 -633 2826 3793 6083 330 161 -4677 -6789 3728 -4840 3 0
1397 0
1398 0
1399 0
1400 0
1401 1
1402 -1 -1 5151 8 0 1 0 3 0 1 0 1 0 0
1403 1
1404 -1 -1 10301 8 0 0 0 0 1 0 0 0 0 1
1405 -1 -1 10300 8 0 0 0 0 0 143 0 0 0 5150 -1323 -4214 91 3682 321 2575 -2541 7056 -4492 -92 333 1
1406 -1 -1 2574 8 0 0 2 3 5 0 0 2 3 1287 4676 4450 -1560 698 2 0
1407 1
1408 -1 -1 2573 8 0 0 8 0 4 0 0 11 1 0
1409 0
1410 1
1411 -1 -1 10291 8 0 1 0 1 3 17 0 0 0 1
1412 -1 -1 10290 8 0 0 2 166 8 9 0 2 0 5145 -2641 -2061 -4031 -3093 291 1
1413 -1 -1 5144 8 0 0 1 12 9 35 0 9 2 2572 -2863 2411 -1184 -6623 35 1286 -4838 499 656 -6021 314 643 -2554 6732 -3637 2167 294 0
1414 0
1415 0
1416 0
1417 1
1418 -1 -1 10287 8 0 0 1 0 0 4 0 0 0 1
1419 -1 -1 10286 8 0 0 1 0 3 0 0 0 69 5143 -979 -7817 4247 -4321 133 1
1420 -1 -1 5142 8 0 0 1 5 5 6 0 3 1 2571 3541 -5182 -4618 1959 239 0
1421 1
1422 -1 -1 5141 8 0 0 6 1 41 0 3 0 3 1
1423 -1 -1 5140 8 0 0 0 0 9 1 0 0 22 2570 2913 -4016 -1460 -4905 5 1285 2820 6844 1093 -1326 11 0
1424 0
1425 1
1426 -1 -1 5139 8 0 0 13 0 1 0 0 0 29 0
1427 1
1428 -1 -1 10277 8 0 0 0 8 9 0 0 0 0 1
1429 -1 -1 10276 8 0 2 37 1 12 0 1 1 0 5138 2489 -5183 -2504 -7161 270 2569 -4497 3023 1168 2773 321 0
1430 1
1431 -1 -1 5137 8 0 2 2 18 2 32 0 0 1 0
1432 1
1433 -1 -1 10273 8 0 0 30 67 14 0 0 6 0 1
1434 -1 -1 10272 8 0 6 12 112 101 18 2 2 10 5136 522 1069 4600 -477 85 2568 -4373 1889 1058 -4232 291 1284 -1686 -1246 3301 7559 249 642 4868 -6513 -4307 -1696 279 321 2665 4367 -4968 -3131 298 0
1435 0
1436 0
1437 1
1438 -1 -1 2567 8 0 0 9 9 4 0 3 1 0 0
1439 1
1440 -1 -1 5133 8 0 0 5 2 1 0 0 0 0 0
1441 1
1442 -1 -1 10265 8 0 0 0 0 0 0 0 0 1 1
1443 -1 -1 10264 8 0 0 135 0 0 0 0 0 0 5132 -2 -720 723 3477 280 2566 -2126 4823 -1360 -5247 186 1283 1787 -6588 642 6206 241 0
1444 1
1445 -1 -1 2565 8 0 1 26 0 2 15 0 0 0 0
1446 1
1447 -1 -1 5129 8 0 2 6 44 6 0 0 0 2 1
1448 -1 -1 5128 8 0 1 8 0 4 4 0 0 9 2564 -838 1317 -176 -5522 0 1282 -2695 4257 4725 1281 343 641 3791 -4422 -1818 -1721 16 0
1449 0
1450 1
1451 -1 -1 2563 8 0 5 1 1 3 1 2 20 0 0
1452 1
1453 -1 -1 5125 8 0 1 38 5 18 0 2 0 0 0
1454 1
1455 -1 -1 10249 8 0 0 3 57 12 0 2 5 0 1
1456 -1 -1 10248 8 0 0 3 3 19 7 0 2 3 5124 1258 7047 -1730 2576 10 2562 1996 -3645 -1238 -4333 50 1281 4614 4611 2231 -7706 327 0
1457 0
1458 1
1459 -1 -1 5123 8 0 0 0 11 5 40 0 0 0 1
1460 -1 -1 5122 8 0 1 0 7 7 0 0 0 19 2561 3243 -5382 4541 -7807 3 0
1461 0
1462 1
1463 -1 -1 10243 8 0 0 15 0 0 0 0 0 0 1
1464 -1 -1 10242 8 0 0 6 7 33 4 24 0 32 5121 3023 2963 -1536 -1088 286 0
1465 1
1466 -1 -1 10241 8 0 15 2 0 4 0 1 2 2 1
1467 -1 -1 10240 8 0 13 0 8 59 1 32 0 0 5120 739 5724 3455 -7328 352 2560 4711 5730 578 -2238 15 1280 2020 -5184 -912 -1886 186 640 3380 -1270 -756 -753 10 320 280 -1849 -1107 5664 132 160 15 -1598 -4575 -6547 199 80 -616 5633 3585 -4678 311 40 3937 -3052 -3442 -7086 325 20 -328 -742 -3090 5955 204 10 2625 -1420 3641 3113 228 5 -128 -87 -1964 -6145 399 0
1468 0
1469 0
1470 0
1471 0
1472 0
1473 1
1474 -1 -1 319 8 0 14 2 0 0 0 2 0 2 0
1475 0
1476 0
1477 0
1478 1
1479 -1 -1 5103 8 0 0 0 0 0 0 0 0 49 1
1480 -1 -1 5102 8 0 0 0 0 0 0 0 0 61 2551 3799 6664 2916 2900 86 1
1481 -1 -1 2550 8 0 0 0 0 0 0 0 0 9 1275 -3763 -1135 2120 3569 52 1
1482 -1 -1 1274 8 0 0 0 0 0 0 0 0 3 637 -4509 7072 2700 4764 46 1
1483 -1 -1 636 8 0 0 3 0 3 0 0 0 2 318 4161 -2348 -1590 -6547 0 159 -1131 349 3451 47 347 0
1484 0
1485 0
1486 1
1487 -1 -1 1271 8 0 0 0 0 0 0 12 0 13 0
1488 1
1489 -1 -1 2541 8 0 0 1 0 3 0 0 0 1 0
1490 1
1491 -1 -1 5081 8 0 1 0 0 2 0 4 0 3 0
1492 1
1493 -1 -1 10161 8 0 0 0 0 3 0 0 0 0 1
1494 -1 -1 10160 8 0 1 0 0 3 0 115 0 0 5080 2152 -17 3617 7252 153 2540 -4974 6269 2219 6188 140 1270 2862 -5968 1266 -6552 1 635 -4602 -529 939 6267 141 1
1495 -1 -1 634 8 0 1 11 0 1 0 2 3 1 317 2309 -6894 -1887 -7699 0 0
1496 1
1497 -1 -1 633 8 0 11 3 0 20 0 4 10 14 0
1498 1
1499 -1 -1 1265 8 0 2 0 0 6 0 6 0 1 0
1500 1
1501 -1 -1 2529 8 0 18 0 0 1 1 7 0 1 0
1502 1
1503 -1 -1 5057 8 0 0 0 1 0 0 0 0 0 0
1504 1
1505 -1 -1 10113 8 0 78 0 0 0 0 0 0 0 1
1506 -1 -1 10112 8 0 1 0 0 0 0 0 0 0 5056 2702 -4896 1921 818 45 2528 -2031 -1317 -4997 -7780 1 1264 428 306 4752 5957 44 632 774 7281 -1806 -1257 34 316 -21 -5925 -3781 -4517 11 158 -2149 -339 1781 4743 38 79 -1801 2616 1622 4168 156 0
1507 0
1508 0
1509 1
1510 -1 -1 631 8 0 1 1 0 0 0 0 0 1 0
1511 1
1512 -1 -1 1261 8 0 0 0 0 2 0 0 0 18 0
1513 1
1514 -1 -1 2521 8 0 0 0 0 0 0 0 0 18 0
1515 1
1516 -1 -1 5041 8 0 0 0 0 0 0 0 0 64 1
1517 -1 -1 5040 8 0 0 0 0 0 0 0 0 27 2520 -4420 2007 4920 -468 114 1260 3046 3739 -2786 -7844 260 630 867 -948 2084 -951 311 315 -3743 -5230 3783 -7213 38 1
1518 -1 -1 314 8 0 0 15 0 0 0 1 0 31 157 -299 7748 4365 -452 389 0
1519 0
1520 1
1521 -1 -1 627 8 0 3 1 0 11 0 1 0 2 0
1522 1
1523 -1 -1 1253 8 0 0 2 0 1 0 6 0 4 0
1524 0
1525 0
1526 1
1527 -1 -1 10023 8 0 0 16 0 0 0 0 0 0 1
1528 -1 -1 10022 8 0 0 66 0 0 0 0 0 0 5011 -122 6014 1914 5521 158 1
1529 -1 -1 5010 8 0 0 0 0 1 0 0 0 0 2505 -4309 5092 4090 408 43 1
1530 -1 -1 2504 8 0 1 1 0 1 0 0 0 0 1252 -3178 6723 4549 453 202 626 1492 2218 4856 -3028 339 313 -823 666 -3837 7841 15 0
1531 0
1532 1
1533 -1 -1 1251 8 0 0 28 0 2 0 0 0 5 0
1534 1
1535 -1 -1 2501 8 0 1 0 0 0 0 6 0 0 0
1536 0
1537 1
1538 -1 -1 10003 8 0 0 9 0 1 0 0 0 17 1
1539 -1 -1 10002 8 0 0 0 0 0 0 0 0 52 5001 -4905 -4170 4425 4233 136 1
1540 -1 -1 5000 8 0 0 0 0 15 0 0 0 14 2500 -335 1160 3137 5900 282 1250 -4091 6908 14 7603 375 625 -3894 -7039 -3299 -2292 327 1
1541 -1 -1 624 8 0 14 12 0 0 1 7 0 2 312 -1507 -7388 -1482 2636 96 156 2039 6504 -3536 5213 1 78 1430 7766 -211 539 236 39 2257 -7299 -4357 5033 398 0
1542 0
1543 0
1544 0
1545 1
1546 -1 -1 623 8 0 0 3 27 2 2 0 0 5 0
1547 1
1548 -1 -1 1245 8 0 0 64 0 0 0 0 0 0 1
1549 -1 -1 1244 8 0 2 6 3 1 0 0 0 2 622 2114 7522 -4243 2892 38 311 -2759 2464 3611 4930 292 0
1550 0
1551 1
1552 -1 -1 1243 8 0 0 0 0 5 0 18 0 0 1
1553 -1 -1 1242 8 0 6 30 0 20 0 7 4 0 621 3658 -1878 2702 -3624 1 0
1554 1
1555 -1 -1 1241 8 0 18 3 0 0 0 0 2 3 0
1556 1
1557 -1 -1 2481 8 0 0 7 0 1 0 0 0 13 0
1558 0
1559 1
1560 -1 -1 9923 8 0 0 2 8 9 0 3 0 0 1
1561 -1 -1 9922 8 0 5 2 44 0 0 0 0 0 4961 -3327 2957 -4703 -5613 5 1
1562 -1 -1 4960 8 0 2 0 0 5 0 15 0 0 2480 -4386 -643 4947 -1632 196 1240 -1276 -1714 2153 5847 295 620 -1513 7474 45 -1315 381 310 -4488 -3372 2144 7437 294 155 3389 -3938 489 -568 200 0
1563 0
1564 1
1565 -1 -1 619 8 0 2 1 4 4 0 3 21 0 0
1566 0
1567 0
1568 0
1569 1
1570 -1 -1 9903 8 0 0 0 0 0 0 22 0 0 1
1571 -1 -1 9902 8 0 1 0 0 42 1 82 0 0 4951 2513 3676 216 -5609 117 1
1572 -1 -1 4950 8 0 0 0 2 16 0 4 0 1 2475 -736 7637 -4967 -4706 49 0
1573 1
1574 -1 -1 4949 8 0 0 0 0 4 0 52 0 0 1
1575 -1 -1 4948 8 0 8 3 1 9 0 25 0 0 2474 4722 7426 -2968 6346 22 1237 -2870 4920 -128 -4694 23 1
1576 -1 -1 1236 8 0 3 7 0 8 0 3 6 0 618 -2365 5849 -3842 -2207 11 309 55 4983 60 -6143 285 0
1577 0
1578 1
1579 -1 -1 1235 8 0 1 0 33 9 0 16 0 0 1
1580 -1 -1 1234 8 0 0 6 1 12 4 4 20 0 617 -1347 7727 4841 2828 397 1
1581 -1 -1 616 8 0 19 0 0 10 8 3 6 18 308 315 4021 -4148 3169 4 154 -1577 7769 -2305 3553 10 77 -1879 -7703 -4893 760 0 0
1582 0
1583 0
1584 0
1585 1
1586 -1 -1 1231 8 0 0 0 0 39 0 24 0 0 0
1587 1
1588 -1 -1 2461 8 0 5 0 0 3 11 4 5 0 0
1589 1
1590 -1 -1 4921 8 0 2 0 0 0 0 0 0 10 1
1591 -1 -1 4920 8 0 15 0 0 34 0 13 0 1 2460 -4077 -3629 -4028 1487 278 1230 1582 -967 -2167 1601 11 615 3772 6539 -96 -1311 181 1
1592 -1 -1 614 8 0 9 0 0 11 7 4 30 0 307 -667 822 -1082 -3541 8 0
1593 1
1594 -1 -1 613 8 0 13 26 0 2 0 6 0 1 0
1595 0
1596 0
1597 1
1598 -1 -1 4903 8 0 5 0 0 4 0 14 15 0 0
1599 1
1600 -1 -1 9805 8 0 2 0 1 1 0 0 16 0 1
1601 -1 -1 9804 8 0 50 0 3 9 0 2 7 0 4902 397 -5710 -1648 511 42 2451 -2545 7467 4858 -5798 136 0
1602 1
1603 -1 -1 4901 8 0 1 0 0 12 0 0 5 0 0
1604 1
1605 -1 -1 9801 8 0 163 0 0 12 0 1 4 0 1
1606 -1 -1 9800 8 0 11 0 0 2 5 4 2 0 4900 -1887 1484 -1875 7735 1 2450 4516 6147 -4299 -5724 164 1225 -2609 -4859 -671 1534 22 0
1607 1
1608 -1 -1 2449 8 0 5 1 0 15 0 3 20 1 1
1609 -1 -1 2448 8 0 28 13 5 10 0 2 4 0 1224 1369 -3009 -2165 -5793 4 612 179 -2366 -4581 6370 9 306 -4143 -7126 31 -199 46 153 -1625 1649 -2004 -4716 8 0
1610 0
1611 1
1612 -1 -1 611 8 0 0 1 0 0 0 3 41 0 1
1613 -1 -1 610 8 0 1 12 0 6 0 0 6 10 305 4338 4812 -2689 2634 100 0
1614 0
1615 0
1616 1
1617 -1 -1 2439 8 0 0 10 0 7 0 1 0 7 1
1618 -1 -1 2438 8 0 3 2 0 12 2 30 0 1 1219 1121 -5578 -231 5121 331 1
1619 -1 -1 1218 8 0 1 21 6 2 12 0 0 1 609 2878 -5097 -2088 -2634 6 1
1620 -1 -1 608 8 0 4 1 0 2 0 5 0 43 304 3466 -6974 -2468 7659 32 152 -1211 -3222 452 -47 90 76 -1321 206 4147 136 382 38 -857 5865 -368 -898 5 19 -1294 -5725 -2935 -140 242 0
1621 0
1622 0
1623 0
1624 1
1625 -1 -1 303 8 0 2 0 28 3 4 0 4 0 1
1626 -1 -1 302 8 0 5 7 3 9 0 3 0 27 151 -2126 -2804 -1187 3531 2 0
1627 0
1628 1
1629 -1 -1 603 8 0 6 7 7 6 2 11 24 0 1
1630 -1 -1 602 8 0 2 10 0 6 0 2 0 5 301 -4413 1123 4849 -6213 382 0
1631 0
1632 1
1633 -1 -1 1203 8 0 3 0 0 11 2 28 0 0 1
1634 -1 -1 1202 8 0 8 0 0 16 28 6 7 0 601 -4180 1501 585 -7033 36 0
1635 0
1636 1
1637 -1 -1 2403 8 0 0 0 30 13 2 2 8 0 0
1638 0
1639 1
1640 -1 -1 9611 8 0 3 0 0 20 0 79 1 0 1
1641 -1 -1 9610 8 0 0 1 0 22 4 6 0 0 4805 2671 1342 4682 779 392 0
1642 1
1643 -1 -1 9609 8 0 2 2 22 16 1 30 0 0 1
1644 -1 -1 9608 8 0 0 1 1 28 0 3 0 0 4804 2413 2877 4804 -702 379 2402 -1346 6077 -2882 -2419 26 1201 2585 -5563 -552 -3897 12 0
1645 0
1646 1
1647 -1 -1 4803 8 0 1 0 0 1 0 36 3 0 1
1648 -1 -1 4802 8 0 3 0 0 20 0 19 0 0 2401 -296 -4247 -2508 3596 50 0
1649 1
1650 -1 -1 4801 8 0 0 10 0 0 0 5 6 0 1
1651 -1 -1 4800 8 0 2 9 0 32 0 13 4 0 2400 -309 -3363 2311 6557 398 1200 4642 -4045 1498 -7873 11 600 -4089 4294 -1767 -1621 5 300 -2955 -1504 -2100 7704 374 150 -2701 -7204 3048 -7903 378 75 1267 -1936 -3202 -7455 372 0
1652 0
1653 0
1654 1
1655 -1 -1 599 8 0 4 6 20 0 6 0 0 0 1
1656 -1 -1 598 8 0 5 34 3 7 2 1 1 1 299 -2268 6441 -423 3742 23 0
1657 0
1658 1
1659 -1 -1 1195 8 0 2 0 5 18 0 9 0 1 1
1660 -1 -1 1194 8 0 3 1 6 3 33 2 0 0 597 238 6931 -3900 1441 24 0
1661 1
1662 -1 -1 1193 8 0 8 6 18 23 1 8 1 4 1
1663 -1 -1 1192 8 0 1 0 10 2 0 0 0 21 596 536 -3359 4789 -799 348 298 -4501 1357 -1643 -4792 11 149 -4957 -6210 -2535 2363 1 0
1664 0
1665 0
1666 1
1667 -1 -1 1191 8 0 2 8 0 4 0 0 0 9 0
1668 1
1669 -1 -1 2381 8 0 0 0 0 0 0 0 0 62 1
1670 -1 -1 2380 8 0 1 0 0 1 0 1 0 6 1190 4941 -4820 3981 -246 4 595 -4676 -6802 -1347 3834 227 0
1671 1
1672 -1 -1 1189 8 0 0 37 0 2 0 1 2 4 1
1673 -1 -1 1188 8 0 8 0 3 1 3 0 20 7 594 2759 -5970 1434 -1249 28 297 -4509 7249 4214 4115 1 0
1674 0
1675 1
1676 -1 -1 1187 8 0 1 1 0 1 3 0 48 4 0
1677 1
1678 -1 -1 2373 8 0 0 3 0 1 1 52 6 5 1
1679 -1 -1 2372 8 0 4 0 0 20 0 4 11 10 1186 -2559 -2525 -3179 2601 23 593 -340 -2616 -4413 2266 181 0
1680 0
1681 1
1682 -1 -1 2371 8 0 0 0 0 4 0 0 0 8 0
1683 1
1684 -1 -1 4741 8 0 9 5 1 8 1 2 6 0 0
1685 1
1686 -1 -1 9481 8 0 0 0 2 2 0 0 0 0 1
1687 -1 -1 9480 8 0 70 0 0 4 1 0 0 0 4740 -2565 -944 262 -4364 10 2370 -2934 7136 2690 7363 382 1185 -1252 -5585 205 -253 24 0
1688 1
1689 -1 -1 2369 8 0 11 0 3 4 5 1 19 7 0
1690 1
1691 -1 -1 4737 8 0 1 0 0 22 0 16 0 20 1
1692 -1 -1 4736 8 0 3 13 0 33 4 0 0 0 2368 -2356 711 -3305 -6699 6 1184 984 -3464 -3507 -5359 113 592 -3577 -5322 4733 1412 398 296 -34 -7192 -2670 -1790 34 148 2524 -7678 -1887 674 202 74 -973 7981 -672 -5024 7 37 2676 -1265 1659 -5430 5 0
1693 0
1694 0
1695 0
1696 0
1697 0
1698 1
1699 -1 -1 2367 8 0 0 0 0 1 0 0 8 7 0
1700 1
1701 -1 -1 4733 8 0 0 0 1 0 0 0 0 0 0
1702 1
1703 -1 -1 9465 8 0 0 0 0 0 0 0 140 0 1
1704 -1 -1 9464 8 0 0 0 0 1 0 0 10 0 4732 1081 -4846 -2541 -676 5 2366 -899 -1170 -979 -4320 60 1183 -2950 -2053 4211 -3131 302 1
1705 -1 -1 1182 8 0 0 0 6 1 0 0 0 3 591 4566 5838 -1297 -5768 129 1
1706 -1 -1 590 8 0 0 0 0 9 0 0 0 2 295 459 7295 -2136 -6086 199 0
1707 0
1708 0
1709 1
1710 -1 -1 2359 8 0 0 0 9 0 3 0 0 0 0
1711 1
1712 -1 -1 4717 8 0 4 0 0 0 0 0 0 0 0
1713 1
1714 -1 -1 9433 8 0 0 0 0 1 0 0 1 0 1
1715 -1 -1 9432 8 0 1 0 0 0 86 1 0 0 4716 1442 -519 -2581 -2170 11 2358 -714 -6142 4862 -198 350 1179 -4355 -5950 2833 2339 278 1
1716 -1 -1 1178 8 0 1 0 23 0 6 2 21 11 589 2684 -4511 60 -3708 1 0
1717 0
1718 0
1719 1
1720 -1 -1 4711 8 0 0 0 0 1 0 3 0 4 0
1721 1
1722 -1 -1 9421 8 0 1 0 0 3 0 0 0 1 1
1723 -1 -1 9420 8 0 0 0 0 0 0 1 71 0 4710 2184 5213 -3578 2316 391 2355 -2031 -3215 3750 -4323 326 1
1724 -1 -1 2354 8 0 1 0 5 5 2 1 2 0 1177 -4884 2677 1780 -4394 6 1
1725 -1 -1 1176 8 0 1 1 22 5 3 0 0 6 588 4762 7396 -654 -5001 250 294 -1510 -3519 -2794 -1363 2 147 -3603 -1872 4331 1400 284 0
1726 0
1727 0
1728 1
1729 -1 -1 1175 8 0 0 0 1 3 9 0 2 0 0
1730 0
1731 0
1732 1
1733 -1 -1 9399 8 0 0 0 25 0 0 0 0 0 1
1734 -1 -1 9398 8 0 0 0 62 0 0 0 0 0 4699 -4451 -4590 -2443 2257 85 1
1735 -1 -1 4698 8 0 0 0 19 0 0 0 0 0 2349 1677 -5901 -2907 -2863 0 1
1736 -1 -1 2348 8 0 1 3 30 2 10 0 3 0 1174 844 -1544 3456 -139 257 587 -2353 6369 4951 -4457 365 0
1737 0
1738 1
1739 -1 -1 2347 8 0 1 0 54 5 8 0 0 0 1
1740 -1 -1 2346 8 0 1 4 8 16 22 1 0 0 1173 -2265 5986 1332 2822 16 0
1741 1
1742 -1 -1 2345 8 0 2 19 1 0 1 0 11 0 0
1743 1
1744 -1 -1 4689 8 0 0 0 3 23 0 0 0 0 1
1745 -1 -1 4688 8 0 1 4 8 12 18 0 12 0 2344 -1351 -7990 4791 -4391 45 1172 -464 -479 123 -5201 87 586 -4388 -4176 -2219 -7094 1 293 -4867 6898 3937 2071 393 0
1746 1
1747 -1 -1 585 8 0 1 0 0 1 1 0 32 1 0
1748 0
1749 1
1750 -1 -1 2339 8 0 1 3 13 4 1 5 0 1 0
1751 0
1752 1
1753 -1 -1 9355 8 0 0 0 0 4 1 0 0 0 1
1754 -1 -1 9354 8 0 0 0 3 0 70 0 0 0 4677 733 -6030 -434 5628 29 1
1755 -1 -1 4676 8 0 0 0 11 4 16 0 8 3 2338 -2252 5538 -4539 -3076 78 1169 2019 -4065 -2983 -2534 195 0
1756 1
1757 -1 -1 2337 8 0 0 2 0 15 4 2 0 7 1
1758 -1 -1 2336 8 0 1 11 18 2 6 2 15 12 1168 206 -4710 51 -1397 5 584 -2930 -6166 2808 2643 1 292 -3288 -6626 -432 4783 303 146 998 7033 4287 -5929 136 73 -3615 6958 4632 -4844 389 0
1759 0
1760 0
1761 1
1762 -1 -1 583 8 0 2 3 0 17 0 41 0 0 0
1763 1
1764 -1 -1 1165 8 0 1 8 2 3 8 1 8 21 0
1765 1
1766 -1 -1 2329 8 0 3 1 2 6 6 3 0 0 0
1767 1
1768 -1 -1 4657 8 0 0 5 2 15 0 2 0 0 0
1769 1
1770 -1 -1 9313 8 0 2 2 0 0 0 0 0 3 1
1771 -1 -1 9312 8 0 0 103 0 4 0 3 0 0 4656 -1390 -1016 -2559 -6700 34 2328 1339 2941 -3134 -4238 9 1164 -3201 1930 504 2985 2 582 -1910 -5303 -4618 -6491 14 291 -366 -3318 3932 3085 296 0
1772 0
1773 0
1774 1
1775 -1 -1 2327 8 0 2 0 0 3 20 0 5 0 0
1776 1
1777 -1 -1 4653 8 0 3 0 0 2 0 7 0 9 1
1778 -1 -1 4652 8 0 0 5 0 30 4 5 7 3 2326 -2859 -1837 3518 4943 373 1163 3337 -4970 -2502 -4854 203 0
1779 1
1780 -1 -1 2325 8 0 0 7 0 2 7 0 6 2 0
1781 0
1782 1
1783 -1 -1 9299 8 0 1 1 0 7 2 0 0 17 1
1784 -1 -1 9298 8 0 0 0 0 2 0 0 0 140 4649 -44 2730 -3774 1230 2 1
1785 -1 -1 4648 8 0 0 3 1 5 2 3 3 3 2324 -898 -6949 -4725 7145 26 1162 2555 -2966 -370 -4263 22 581 588 -3292 1729 7423 279 0
1786 0
1787 1
1788 -1 -1 2323 8 0 0 3 0 4 41 4 0 3 1
1789 -1 -1 2322 8 0 5 1 0 18 2 1 20 18 1161 -4198 -1079 -2383 4485 222 0
1790 1
1791 -1 -1 2321 8 0 0 6 21 3 0 6 0 5 0
1792 1
1793 -1 -1 4641 8 0 1 26 0 3 0 2 2 1 1
1794 -1 -1 4640 8 0 2 5 0 4 3 0 26 0 2320 -1651 -3627 4636 5719 36 1160 -1480 918 3606 -7115 0 580 4933 -4315 4619 5208 5 290 -2060 -794 4637 6114 256 145 490 -1271 927 -4025 1 0
1795 0
1796 0
1797 0
1798 1
1799 -1 -1 2319 8 0 0 0 3 2 0 0 24 1 0
1800 0
1801 1
1802 -1 -1 9275 8 0 0 5 2 1 0 2 0 0 1
1803 -1 -1 9274 8 0 0 3 96 2 1 0 2 0 4637 2781 6852 3543 6253 2 1
1804 -1 -1 4636 8 0 1 15 7 14 0 0 4 2 2318 735 -7193 -912 4559 225 1159 3646 -2779 2785 -912 247 0
1805 0
1806 0
1807 1
1808 -1 -1 9271 8 0 0 0 0 0 0 0 13 0 1
1809 -1 -1 9270 8 0 0 0 0 0 0 0 67 0 4635 -2915 402 -2555 -951 191 1
1810 -1 -1 4634 8 0 1 0 3 2 2 0 1 0 2317 4732 -3578 -4594 -4414 45 0
1811 1
1812 -1 -1 4633 8 0 0 0 21 3 0 0 21 0 0
1813 1
1814 -1 -1 9265 8 0 0 6 1 4 90 0 6 0 1
1815 -1 -1 9264 8 0 0 6 18 6 16 4 4 0 4632 -2017 -1250 4957 1880 199 2316 614 -3103 -1146 -5484 21 1158 1328 -2262 4146 2054 258 579 -1435 -5108 -4735 7381 253 0
1816 0
1817 1
1818 -1 -1 2315 8 0 2 4 0 4 3 18 0 0 0
1819 1
1820 -1 -1 4629 8 0 0 0 0 6 0 0 0 29 0
1821 1
1822 -1 -1 9257 8 0 1 0 8 0 0 0 0 0 1
1823 -1 -1 9256 8 0 1 0 0 26 0 10 19 7 4628 1466 1214 1657 -3779 201 2314 -4584 -5026 -562 107 40 1157 168 -168 1693 1739 374 0
1824 0
1825 0
1826 1
1827 -1 -1 9255 8 0 0 2 1 4 0 0 0 0 1
1828 -1 -1 9254 8 0 0 63 0 0 0 0 0 0 4627 -2539 348 2940 5591 20 0
1829 1
1830 -1 -1 9253 8 0 0 0 0 11 0 1 22 5 1
1831 -1 -1 9252 8 0 1 43 1 3 1 0 22 4 4626 955 -1661 -804 -3891 7 2313 -946 3701 3214 -5634 68 0
1832 0
1833 1
1834 -1 -1 9251 8 0 0 32 0 1 2 0 2 9 1
1835 -1 -1 9250 8 0 0 56 218 36 16 5 16 15 4625 1763 -4018 -3400 -3990 234 0
1836 1
1837 -1 -1 9249 8 0 0 4 59 1 2 1 1 5 1
1838 -1 -1 9248 8 0 2 224 35 34 58 4 11 9 4624 -2195 -6563 -4873 -5015 271 2312 4551 -7594 703 -7459 0 1156 2407 6409 1079 858 181 578 139 -4888 -2206 6917 305 289 3575 -4514 -4268 -1089 201 0
1839 0
1840 1
1841 -1 -1 1155 8 0 4 6 8 4 1 31 0 0 0
1842 1
1843 -1 -1 2309 8 0 12 1 0 1 12 0 6 0 1
1844 -1 -1 2308 8 0 25 2 0 18 5 14 0 0 1154 -98 1779 3602 6289 349 577 3194 4295 -1230 -1823 21 0
1845 0
1846 0
1847 0
1848 1
1849 -1 -1 9231 8 0 1 5 3 6 2 1 0 38 1
1850 -1 -1 9230 8 0 2 4 5 0 4 0 6 0 4615 -3348 2413 -2685 -6940 277 0
1851 1
1852 -1 -1 9229 8 0 0 2 2 3 1 0 0 18 1
1853 -1 -1 9228 8 0 5 31 0 68 6 0 0 3 4614 -2386 3117 -713 128 31 2307 -1706 4628 -3036 -6443 232 0
1854 1
1855 -1 -1 4613 8 0 13 2 3 4 0 20 0 2 0
1856 1
1857 -1 -1 9225 8 0 2 0 0 13 0 1 0 4 1
1858 -1 -1 9224 8 0 0 1 40 9 6 1 1 0 4612 2189 -6011 -3797 4263 2 2306 -1159 1471 4589 -29 282 1153 -1769 2345 3567 -2998 17 0
1859 0
1860 0
1861 1
1862 -1 -1 9223 8 0 0 0 2 1 0 0 36 4 1
1863 -1 -1 9222 8 0 0 2 6 10 8 7 0 13 4611 -1195 2557 -356 -1796 14 0
1864 1
1865 -1 -1 9221 8 0 0 7 30 34 0 3 0 1 1
1866 -1 -1 9220 8 0 1 37 1 26 0 2 5 14 4610 1463 5250 -3115 -2869 8 2305 4271 2157 -4273 -3321 35 0
1867 0
1868 1
1869 -1 -1 9219 8 0 0 0 3 0 0 0 0 9 1
1870 -1 -1 9218 8 0 1 11 3 3 13 1 76 3 4609 -3293 -5444 -4524 2969 268 0
1871 1
1872 -1 -1 9217 8 0 0 7 24 8 43 4 10 5 1
1873 -1 -1 9216 8 0 15 8 66 20 4 10 24 2 4608 863 7984 -2398 -892 34 2304 580 1940 2836 -5646 210 1152 -4892 -2513 4085 -3132 17 576 -2928 4162 3595 6338 1 288 -4462 -7059 4558 -1554 393 144 -2015 -5907 -2355 6790 158 72 3078 -5600 2940 6818 272 36 -1823 7862 -2974 -2599 157 18 495 -5126 4373 1509 332 9 -1922 -7138 3494 440 393 0
1874 0
1875 0
1876 0
1877 0
1878 0
1879 0
1880 1
1881 -1 -1 1151 8 0 2 20 0 0 0 0 0 2 1
1882 -1 -1 1150 8 0 13 0 0 4 0 41 0 0 575 -2280 2114 2910 3180 76 0
1883 0
1884 1
1885 -1 -1 2299 8 0 3 0 0 0 0 0 0 0 0
1886 1
1887 -1 -1 4597 8 0 12 0 0 0 0 0 0 0 1
1888 -1 -1 4596 8 0 58 0 0 0 0 0 0 0 2298 3186 2002 3817 -2718 7 1149 2582 4222 4463 -3131 186 1
1889 -1 -1 1148 8 0 1 0 0 11 0 1 0 0 574 82 -7111 -2127 -24 384 287 384 1110 2317 5132 19 0
1890 0
1891 1
1892 -1 -1 1147 8 0 1 0 0 2 0 0 0 64 0
1893 1
1894 -1 -1 2293 8 0 4 1 0 3 7 15 0 13 1
1895 -1 -1 2292 8 0 1 2 0 26 0 0 0 18 1146 4037 -1516 -4881 4899 326 573 -4859 4674 2622 5333 274 0
1896 1
1897 -1 -1 1145 8 0 0 32 0 1 0 0 0 7 1
1898 -1 -1 1144 8 0 4 3 0 20 0 0 0 3 572 795 291 4781 -2050 226 286 4782 -6906 -4587 4749 350 143 -4200 -4595 -160 -5981 0 0
1899 0
1900 0
1901 1
1902 -1 -1 1143 8 0 0 0 0 9 0 0 0 1 0
1903 0
1904 1
1905 -1 -1 4571 8 0 0 0 0 0 0 22 0 0 1
1906 -1 -1 4570 8 0 20 0 0 2 0 31 0 0 2285 4796 7930 1781 -5919 38 0
1907 0
1908 1
1909 -1 -1 9139 8 0 0 0 0 2 0 4 0 1 1
1910 -1 -1 9138 8 0 4 0 0 0 0 140 0 0 4569 4033 -7056 2764 3510 399 1
1911 -1 -1 4568 8 0 1 0 0 12 0 19 0 0 2284 -2148 -3676 -4527 5910 345 1142 1631 6 -3785 6485 398 571 -3107 -6345 670 -6199 50 0
1912 1
1913 -1 -1 1141 8 0 3 0 3 1 12 5 7 0 1
1914 -1 -1 1140 8 0 4 0 0 6 2 29 0 6 570 -2388 -5578 2709 4306 348 285 -2590 -3442 3551 -2652 11 0
1915 0
1916 1
1917 -1 -1 1139 8 0 1 5 0 6 0 3 24 8 0
1918 1
1919 -1 -1 2277 8 0 19 0 0 3 0 1 0 0 1
1920 -1 -1 2276 8 0 4 1 0 8 0 6 1 29 1138 3177 -1727 -3847 5207 391 569 4866 628 3374 -4684 8 0
1921 1
1922 -1 -1 1137 8 0 3 3 11 6 1 31 0 3 0
1923 1
1924 -1 -1 2273 8 0 2 0 0 2 49 3 0 0 0
1925 1
1926 -1 -1 4545 8 0 7 0 0 3 12 7 0 0 1
1927 -1 -1 4544 8 0 11 0 0 26 3 5 10 0 2272 1395 -4594 -1677 709 371 1136 279 1924 -3461 3055 227 568 2524 -5894 -563 -7542 16 284 -2287 -5865 4632 -6793 4 142 -564 -1118 2352 -1333 7 71 288 -7739 30 -1315 163 0
1928 0
1929 0
1930 0
1931 0
1932 1
1933 -1 -1 2271 8 0 1 0 0 0 0 0 0 0 0
1934 1
1935 -1 -1 4541 8 0 0 0 0 4 0 30 0 0 0
1936 1
1937 -1 -1 9081 8 0 0 0 0 0 0 29 0 0 1
1938 -1 -1 9080 8 0 0 0 0 0 0 65 0 0 4540 -1932 3558 3421 876 17 2270 3102 7173 3760 -4813 120 1135 2775 -1348 496 -7103 340 0
1939 1
1940 -1 -1 2269 8 0 10 0 0 10 0 16 0 0 0
1941 1
1942 -1 -1 4537 8 0 1 0 0 0 0 66 0 0 1
1943 -1 -1 4536 8 0 5 0 0 0 0 4 0 0 2268 1039 5591 -4822 -1827 52 1134 4235 7014 -663 -6943 96 567 2236 534 -2424 -7014 76 0
1944 0
1945 1
1946 -1 -1 2267 8 0 2 0 0 35 0 14 0 0 0
1947 1
1948 -1 -1 4533 8 0 0 0 0 2 0 0 4 0 0
1949 1
1950 -1 -1 9065 8 0 8 0 0 18 0 164 0 0 1
1951 -1 -1 9064 8 0 6 0 0 7 0 9 0 0 4532 4982 6524 -4883 -6079 33 2266 3803 -841 1966 -2826 24 1133 3758 6124 449 -7672 87 0
1952 1
1953 -1 -1 2265 8 0 3 0 1 4 0 34 1 0 0
1954 1
1955 -1 -1 4529 8 0 11 0 0 27 0 28 0 0 1
1956 -1 -1 4528 8 0 20 0 0 34 6 2 0 0 2264 2573 189 -4338 -6798 16 1132 -4307 2030 -3554 -2970 8 566 2555 3408 361 -4998 17 283 1766 757 2355 -4636 30 0
1957 0
1958 0
1959 0
1960 1
1961 -1 -1 4527 8 0 9 0 0 0 0 0 0 0 0
1962 1
1963 -1 -1 9053 8 0 10 0 0 17 0 6 0 0 1
1964 -1 -1 9052 8 0 0 0 0 64 0 16 0 0 4526 -4560 547 -4257 -2531 21 2263 4996 -4295 2040 6077 359 1
1965 -1 -1 2262 8 0 0 0 0 21 0 39 0 0 1131 4530 2770 -2167 7327 364 0
1966 1
1967 -1 -1 2261 8 0 3 0 0 2 0 0 3 0 0
1968 1
1969 -1 -1 4521 8 0 0 0 0 15 0 5 0 0 0
1970 1
1971 -1 -1 9041 8 0 0 0 0 0 0 0 1 0 1
1972 -1 -1 9040 8 0 1 0 0 109 0 0 0 0 4520 475 -5203 2562 -1770 353 2260 -3418 4494 -4906 2823 5 1130 4383 -3318 1522 -1624 28 565 501 2859 1510 1697 8 0
1973 0
1974 1
1975 -1 -1 2259 8 0 1 0 2 6 0 19 1 0 1
1976 -1 -1 2258 8 0 1 0 0 35 0 4 3 0 1129 -2272 2041 -1403 -3410 18 0
1977 1
1978 -1 -1 2257 8 0 0 0 0 15 1 5 2 0 1
1979 -1 -1 2256 8 0 2 1 0 5 1 0 58 1 1128 2208 5926 2992 4052 6 564 692 18 -481 -4489 7 282 -3443 -7737 -3583 6979 285 141 905 -7419 -2512 6954 390 0
1980 0
1981 0
1982 0
1983 1
1984 -1 -1 2255 8 0 1 0 0 0 0 60 0 0 1
1985 -1 -1 2254 8 0 5 0 0 8 0 14 0 0 1127 2714 2231 737 -5211 85 0
1986 1
1987 -1 -1 2253 8 0 8 0 2 5 0 45 0 0 0
1988 0
1989 1
1990 -1 -1 9011 8 0 32 0 0 9 0 44 0 0 1
1991 -1 -1 9010 8 0 22 0 0 76 0 39 0 0 4505 780 531 -462 -5189 31 0
1992 1
1993 -1 -1 9009 8 0 19 0 0 48 0 33 3 0 1
1994 -1 -1 9008 8 0 34 0 0 60 0 8 63 0 4504 4728 -7190 -1559 -6604 1 2252 1590 -2423 -1274 -7463 16 1126 -4299 408 -3465 -1011 7 563 4472 -1343 -210 -3807 53 0
1995 1
1996 -1 -1 1125 8 0 0 0 9 2 5 1 0 6 0
1997 0
1998 1
1999 -1 -1 4499 8 0 4 0 0 56 0 1 0 0 1
2000 -1 -1 4498 8 0 3 1 0 6 0 0 0 3 2249 4310 -6214 -2470 7781 307 1
2001 -1 -1 2248 8 0 11 0 0 21 1 10 0 0 1124 2944 -2862 980 -6204 9 562 4861 -1153 886 -7603 341 281 -1181 -7090 -4915 3672 327 0
2002 0
2003 0
2004 1
2005 -1 -1 2247 8 0 29 0 0 2 0 16 2 0 0
2006 0
2007 1
2008 -1 -1 8987 8 0 150 0 0 1 0 1 0 0 1
2009 -1 -1 8986 8 0 7 0 0 5 0 0 0 0 4493 -1135 -3909 853 3347 1 1
2010 -1 -1 4492 8 0 8 0 0 4 1 4 0 0 2246 -592 -825 3516 4468 4 1123 -634 533 1547 506 8 0
2011 1
2012 -1 -1 2245 8 0 0 0 0 2 0 19 0 0 0
2013 1
2014 -1 -1 4489 8 0 32 0 0 7 0 0 0 0 1
2015 -1 -1 4488 8 0 12 0 0 20 0 10 0 0 2244 4334 1398 -1036 6331 397 1122 -4875 -569 1530 -143 35 561 -713 368 -921 -470 0 0
2016 0
2017 1
2018 -1 -1 2243 8 0 4 0 0 1 32 0 0 3 0
2019 1
2020 -1 -1 4485 8 0 0 0 0 2 0 0 31 2 0
2021 1
2022 -1 -1 8969 8 0 4 0 0 2 13 2 25 0 1
2023 -1 -1 8968 8 0 32 0 0 41 0 10 4 0 4484 -1512 437 3258 -1830 0 2242 -572 1769 -949 -1826 123 1121 4015 4891 -4818 7765 354 0
2024 0
2025 1
2026 -1 -1 4483 8 0 4 2 33 9 0 0 0 0 0
2027 1
2028 -1 -1 8965 8 0 35 0 0 8 0 0 0 5 1
2029 -1 -1 8964 8 0 6 0 0 2 10 0 12 0 4482 1222 -4893 -3827 -799 21 2241 4205 -4800 2120 5910 91 0
2030 0
2031 1
2032 -1 -1 8963 8 0 107 0 0 73 0 5 0 4 1
2033 -1 -1 8962 8 0 35 0 0 13 10 0 0 0 4481 1246 2238 -4768 -492 1 1
2034 -1 -1 4480 8 0 9 0 0 46 0 5 1 1 2240 1906 -274 -2592 5942 396 1120 -26 2254 -3539 -7518 111 560 659 -3520 2191 2970 352 280 -2760 -3976 4357 902 9 140 2166 1549 2518 -4015 7 70 2994 6416 1820 1163 9 35 -862 -6129 3449 1274 41 0
2035 0
2036 0
2037 1
2038 -1 -1 279 8 0 14 0 11 6 1 0 0 1 0
2039 1
2040 -1 -1 557 8 0 5 0 2 2 0 29 0 7 1
2041 -1 -1 556 8 0 4 0 0 2 0 2 0 43 278 4863 -4835 3970 -7813 1 139 2214 4901 2308 -6180 290 0
2042 1
2043 -1 -1 277 8 0 2 7 1 0 1 0 10 16 0
2044 0
2045 1
2046 -1 -1 1107 8 0 3 0 0 0 3 0 0 0 0
2047 1
2048 -1 -1 2213 8 0 5 0 0 1 0 2 0 1 0
2049 1
2050 -1 -1 4425 8 0 10 0 0 0 0 0 0 0 0
2051 1
2052 -1 -1 8849 8 0 8 0 0 0 0 0 0 0 1
2053 -1 -1 8848 8 0 119 0 0 0 0 0 0 0 4424 494 5774 831 -6492 343 2212 -4286 3685 -2460 -6340 117 1106 2324 1739 4005 -5209 8 553 1136 -736 2883 3695 107 0
2054 1
2055 -1 -1 1105 8 0 1 4 7 0 0 0 5 0 0
2056 1
2057 -1 -1 2209 8 0 0 0 0 0 10 0 2 1 0
2058 1
2059 -1 -1 4417 8 0 5 0 0 4 0 13 0 0 0
2060 1
2061 -1 -1 8833 8 0 0 0 2 1 0 2 1 0 1
2062 -1 -1 8832 8 0 56 0 1 9 2 0 0 0 4416 2843 -5938 1484 808 36 2208 -2760 7287 -2001 -3251 97 1104 2306 2786 1322 -934 196 552 1607 -5065 4905 -799 87 276 3948 3943 726 5335 295 138 -1120 -264 4872 137 78 69 822 -54 2433 -6117 23 0
2063 0
2064 0
2065 0
2066 0
2067 0
2068 1
2069 -1 -1 4415 8 0 0 3 0 0 0 31 0 0 1
2070 -1 -1 4414 8 0 2 10 0 27 0 10 5 1 2207 -2495 -3344 -339 7526 359 1
2071 -1 -1 2206 8 0 0 0 12 2 0 0 2 5 1103 2751 -7243 3744 3943 1 0
2072 1
2073 -1 -1 2205 8 0 0 0 0 0 0 0 0 54 0
2074 1
2075 -1 -1 4409 8 0 1 12 3 15 0 4 4 3 0
2076 1
2077 -1 -1 8817 8 0 0 0 0 0 0 7 1 48 1
2078 -1 -1 8816 8 0 2 3 0 23 12 5 0 14 4408 -4175 -5233 -1990 5989 291 2204 -1464 -1422 -4568 3094 9 1102 -1361 4490 4570 5360 282 551 2655 988 -589 6537 13 0
2079 1
2080 -1 -1 1101 8 0 1 0 4 2 1 0 27 0 0
2081 1
2082 -1 -1 2201 8 0 4 8 16 17 0 2 0 0 0
2083 1
2084 -1 -1 4401 8 0 4 2 0 41 4 3 3 7 0
2085 1
2086 -1 -1 8801 8 0 9 0 1 10 0 1 0 2 1
2087 -1 -1 8800 8 0 4 0 0 19 0 89 0 1 4400 -2784 2992 -1482 5973 46 2200 -4166 -4323 -1545 4938 184 1100 -142 5453 -3970 -574 5 550 770 6772 457 4593 276 275 3829 -6018 -3175 4824 253 0
2088 0
2089 0
2090 1
2091 -1 -1 2199 8 0 1 2 0 19 0 1 2 1 0
2092 1
2093 -1 -1 4397 8 0 0 0 51 9 1 0 0 1 1
2094 -1 -1 4396 8 0 4 0 0 2 0 0 5 0 2198 103 2599 -3220 2577 0 1099 542 5196 -1724 -1943 2 1
2095 -1 -1 1098 8 0 1 0 0 6 22 2 0 0 549 1020 2902 2671 -7988 0 0
2096 0
2097 1
2098 -1 -1 2195 8 0 0 0 0 1 35 0 0 0 1
2099 -1 -1 2194 8 0 4 1 1 11 7 3 36 0 1097 652 2631 3789 4005 54 0
2100 1
2101 -1 -1 2193 8 0 5 15 0 7 2 17 9 0 0
2102 1
2103 -1 -1 4385 8 0 0 0 0 2 13 0 2 1 0
2104 1
2105 -1 -1 8769 8 0 13 0 0 12 0 0 8 1 1
2106 -1 -1 8768 8 0 15 0 1 24 4 22 0 0 4384 -4336 -1695 1238 7636 134 2192 2043 7547 2500 -3061 211 1096 3208 -1091 568 -2766 7 548 -4501 6150 -572 -3467 289 274 980 -74 -1038 -7231 26 137 2576 -6905 1243 -780 10 0
2107 0
2108 0
2109 0
2110 1
2111 -1 -1 2191 8 0 0 0 1 9 0 27 0 3 0
2112 1
2113 -1 -1 4381 8 0 0 0 0 1 2 0 50 7 1
2114 -1 -1 4380 8 0 0 0 2 9 0 0 0 0 2190 1182 1614 620 -1418 12 1095 -3229 -4920 -2625 6770 247 0
2115 1
2116 -1 -1 2189 8 0 6 0 0 6 1 1 12 40 0
2117 0
2118 1
2119 -1 -1 8755 8 0 0 0 8 18 1 0 0 7 1
2120 -1 -1 8754 8 0 0 1 72 6 0 0 4 2 4377 2072 -6799 -4658 3918 281 1
2121 -1 -1 4376 8 0 0 0 6 13 2 0 6 33 2188 3454 -4774 -4412 -3823 9 1094 -3288 -2889 -750 4504 317 547 3353 -1274 -1202 -7915 20 0
2122 0
2123 0
2124 0
2125 1
2126 -1 -1 8751 8 0 2 10 7 24 18 1 38 0 1
2127 -1 -1 8750 8 0 0 5 92 3 28 2 7 18 4375 -1187 -6585 -804 6543 262 0
2128 1
2129 -1 -1 8749 8 0 0 0 0 39 117 0 10 7 1
2130 -1 -1 8748 8 0 5 5 10 45 43 1 88 42 4374 -607 -2540 3873 4888 250 2187 -2439 -5995 -4495 1614 249 0
2131 0
2132 1
2133 -1 -1 8747 8 0 0 7 0 6 10 1 18 6 1
2134 -1 -1 8746 8 0 0 0 0 11 12 1 206 0 4373 -3581 -620 -2758 6349 242 0
2135 1
2136 -1 -1 8745 8 0 0 0 0 5 62 0 2 6 1
2137 -1 -1 8744 8 0 0 2 0 0 8 0 33 0 4372 4074 98 -2339 -5295 0 2186 -2162 -7608 -1960 7972 224 1093 -449 -4601 -240 7587 235 0
2138 0
2139 1
2140 -1 -1 4371 8 0 1 0 0 8 0 0 33 0 0
2141 1
2142 -1 -1 8741 8 0 0 0 57 4 11 2 1 0 1
2143 -1 -1 8740 8 0 0 1 42 14 229 0 15 0 4370 3833 2756 -3061 -2338 31 2185 3282 -584 26 4050 330 0
2144 1
2145 -1 -1 4369 8 0 3 10 5 10 0 1 5 12 0
2146 1
2147 -1 -1 8737 8 0 1 0 12 0 25 0 0 0 1
2148 -1 -1 8736 8 0 8 0 5 20 9 0 3 1 4368 3777 -3310 -993 4433 368 2184 -2065 1499 4346 -7309 25 1092 4565 -2510 -3476 3829 195 546 -2527 -4047 562 7771 212 273 3693 3774 -3446 4131 279 0
2149 0
2150 0
2151 0
2152 1
2153 -1 -1 4367 8 0 0 0 28 3 0 0 0 9 0
2154 1
2155 -1 -1 8733 8 0 0 13 9 6 51 3 31 33 1
2156 -1 -1 8732 8 0 7 16 11 11 5 4 159 7 4366 -3600 -6736 1984 -13 19 2183 2497 7852 -1129 -7869 49 0
2157 0
2158 1
2159 -1 -1 8731 8 0 1 0 4 6 0 1 0 0 1
2160 -1 -1 8730 8 0 1 82 0 0 0 0 0 0 4365 1972 -4209 -2995 2795 322 0
2161 1
2162 -1 -1 8729 8 0 1 91 113 6 1 1 25 0 1
2163 -1 -1 8728 8 0 0 57 145 53 90 7 192 4 4364 757 -4276 3952 -424 16 2182 3915 -7912 -1999 -1301 344 1091 2814 -2641 3314 3774 251 0
2164 0
2165 0
2166 1
2167 -1 -1 8727 8 0 0 0 38 2 0 0 0 1 1
2168 -1 -1 8726 8 0 2 5 3 15 0 1 3 3 4363 1751 8000 -458 6257 399 0
2169 1
2170 -1 -1 8725 8 0 0 1 0 10 8 5 82 2 1
2171 -1 -1 8724 8 0 2 10 7 19 1 1 6 6 4362 4838 -849 -4450 777 261 2181 370 -4389 -2139 -896 47 0
2172 0
2173 1
2174 -1 -1 8723 8 0 2 0 5 5 0 6 0 6 1
2175 -1 -1 8722 8 0 1 6 6 8 3 2 36 3 4361 2443 7480 4504 5280 10 0
2176 1
2177 -1 -1 8721 8 0 3 1 0 6 0 3 2 11 1
2178 -1 -1 8720 8 0 8 2 56 43 221 7 23 3 4360 -636 5968 876 -7219 332 2180 2197 -7386 -2858 7763 253 1090 387 -7449 -4171 4485 258 545 2017 -4625 1724 7169 96 0
2179 0
2180 0
2181 1
2182 -1 -1 4359 8 0 0 0 3 0 14 0 15 2 1
2183 -1 -1 4358 8 0 7 2 6 18 1 1 8 1 2179 3939 -2699 -1297 -7947 231 0
2184 0
2185 1
2186 -1 -1 8715 8 0 2 0 0 27 0 43 0 0 1
2187 -1 -1 8714 8 0 9 0 0 0 0 1 1 0 4357 2450 -4146 -2755 3955 25 1
2188 -1 -1 4356 8 0 24 2 8 34 0 1 0 0 2178 4457 -6235 1260 4009 112 1089 -265 2370 -4542 3713 157 0
2189 0
2190 1
2191 -1 -1 4355 8 0 1 0 9 27 2 5 0 0 0
2192 1
2193 -1 -1 8709 8 0 0 0 0 1 0 1 2 41 1
2194 -1 -1 8708 8 0 1 0 1 14 4 0 2 7 4354 4732 5890 -375 -2556 50 2177 2642 -6655 -362 7300 274 0
2195 1
2196 -1 -1 4353 8 0 2 1 0 7 4 0 20 3 0
2197 1
2198 -1 -1 8705 8 0 0 10 0 27 1 8 0 1 1
2199 -1 -1 8704 8 0 7 11 74 20 6 3 3 2 4352 -1107 -2046 -3971 6271 256 2176 2915 6985 -637 4422 186 1088 625 -7194 1232 7144 237 544 -2540 196 -3384 2960 2 272 -2046 7120 -2994 3318 0 136 -2416 -1369 -62 5095 205 68 -4736 6250 1960 4950 1 34 3674 -601 -3507 3661 400 17 -579 -5568 -4840 6086 314 0
2200 0
2201 0
2202 0
2203 0
2204 1
2205 -1 -1 543 8 0 2 9 0 0 5 9 0 0 0
2206 0
2207 0
2208 1
2209 -1 -1 4343 8 0 1 0 0 0 0 3 0 0 0
2210 1
2211 -1 -1 8685 8 0 0 0 0 1 0 0 0 0 1
2212 -1 -1 8684 8 0 0 0 0 0 0 154 0 0 4342 -4226 4999 -1573 792 77 2171 -3564 -7942 -3633 332 300 1
2213 -1 -1 2170 8 0 2 0 0 5 0 44 0 0 1085 4343 -517 3914 -6489 55 0
2214 1
2215 -1 -1 2169 8 0 5 0 0 34 0 28 0 0 0
2216 0
2217 1
2218 -1 -1 8675 8 0 1 0 0 0 0 99 0 0 1
2219 -1 -1 8674 8 0 2 0 0 2 0 6 0 0 4337 -2457 -423 -2955 -5799 11 0
2220 1
2221 -1 -1 8673 8 0 13 0 0 19 0 26 0 0 1
2222 -1 -1 8672 8 0 0 0 0 0 0 21 0 1 4336 -573 78 -188 -5977 5 2168 2931 2337 3188 -2394 17 1084 4421 6327 617 2439 47 542 1095 -1377 1791 -5519 27 271 -2274 -6207 2473 5524 3 0
2223 1
2224 -1 -1 541 8 0 4 2 0 6 0 10 1 7 1
2225 -1 -1 540 8 0 2 0 0 3 0 1 39 0 270 -1834 7216 849 6479 14 135 823 6436 -3950 -3410 11 0
2226 0
2227 0
2228 0
2229 1
2230 -1 -1 2159 8 0 2 0 0 3 0 0 27 8 0
2231 0
2232 1
2233 -1 -1 8635 8 0 1 0 12 6 25 0 0 0 1
2234 -1 -1 8634 8 0 3 2 0 24 11 0 0 8 4317 -1650 6231 -278 3224 50 0
2235 1
2236 -1 -1 8633 8 0 1 9 4 3 0 0 0 11 1
2237 -1 -1 8632 8 0 1 0 0 44 4 24 7 13 4316 1325 3976 -1057 -6236 263 2158 -773 2931 2783 757 30 1079 1138 4702 -2395 5865 13 0
2238 0
2239 0
2240 1
2241 -1 -1 8631 8 0 10 0 0 42 0 164 5 0 1
2242 -1 -1 8630 8 0 8 0 0 32 0 19 0 0 4315 -4139 6974 -524 4282 26 0
2243 1
2244 -1 -1 8629 8 0 0 0 0 18 1 30 5 2 1
2245 -1 -1 8628 8 0 3 0 1 15 0 0 8 4 4314 2709 5407 -1493 -7727 60 2157 2985 -5531 3896 -7582 2 0
2246 0
2247 1
2248 -1 -1 8627 8 0 49 0 0 47 1 6 0 3 1
2249 -1 -1 8626 8 0 11 0 0 109 2 13 3 0 4313 194 6160 3735 7790 4 0
2250 1
2251 -1 -1 8625 8 0 2 0 0 21 2 12 0 2 1
2252 -1 -1 8624 8 0 0 0 4 2 17 4 16 1 4312 2225 -4993 3584 -7586 4 2156 1566 356 3611 -1586 3 1078 -4782 6736 2247 -5998 68 539 935 7253 3906 -6090 224 0
2253 0
2254 0
2255 1
2256 -1 -1 4311 8 0 0 0 0 1 0 45 11 0 1
2257 -1 -1 4310 8 0 1 0 0 7 5 4 5 0 2155 4941 4871 161 2535 31 1
2258 -1 -1 2154 8 0 0 15 2 34 0 12 1 0 1077 4207 4980 -258 181 38 0
2259 0
2260 1
2261 -1 -1 4307 8 0 0 0 0 4 9 0 2 9 1
2262 -1 -1 4306 8 0 1 0 28 22 0 7 11 0 2153 -1596 4777 3647 7414 396 0
2263 1
2264 -1 -1 4305 8 0 3 4 0 1 1 7 6 3 0
2265 1
2266 -1 -1 8609 8 0 3 0 0 8 2 4 228 0 1
2267 -1 -1 8608 8 0 1 0 0 7 0 0 0 0 4304 -3724 5972 -4094 -4882 2 2152 3783 3609 3611 -6107 78 1076 -1119 -7668 4841 -6883 12 538 -4681 2128 -2710 -7119 45 269 -3069 4202 4406 873 6 0
2268 0
2269 0
2270 0
2271 1
2272 -1 -1 4303 8 0 1 0 0 13 0 17 0 0 0
2273 1
2274 -1 -1 8605 8 0 5 0 0 0 0 70 0 0 1
2275 -1 -1 8604 8 0 5 0 0 3 0 3 0 0 4302 1909 -2994 -1338 -5425 12 2151 -1247 -6577 1631 -6988 0 1
2276 -1 -1 2150 8 0 3 3 14 6 0 0 0 0 1075 -265 4565 -3931 -1340 8 0
2277 1
2278 -1 -1 2149 8 0 4 16 27 1 2 2 11 0 1
2279 -1 -1 2148 8 0 11 0 3 20 3 12 2 0 1074 3435 2039 650 -3872 21 537 -1962 -1324 -4948 -5898 4 0
2280 0
2281 0
2282 1
2283 -1 -1 4295 8 0 1 0 0 8 11 2 0 20 0
2284 1
2285 -1 -1 8589 8 0 1 0 5 7 1 0 3 10 1
2286 -1 -1 8588 8 0 1 0 87 0 3 0 0 1 4294 1236 1992 731 -217 3 2147 -1477 -732 4257 -7731 263 0
2287 1
2288 -1 -1 4293 8 0 2 4 9 1 0 0 2 0 0
2289 1
2290 -1 -1 8585 8 0 0 0 1 3 2 2 10 1 1
2291 -1 -1 8584 8 0 1 0 4 14 98 4 5 5 4292 1921 -739 -3352 -7294 46 2146 -2650 1939 -2435 5902 0 1073 2892 -2658 4900 -7232 231 0
2292 0
2293 0
2294 1
2295 -1 -1 8583 8 0 15 10 0 4 1 9 16 1 1
2296 -1 -1 8582 8 0 5 0 0 26 4 35 0 0 4291 -407 6850 3428 -4217 270 0
2297 1
2298 -1 -1 8581 8 0 3 1 26 28 4 34 0 3 1
2299 -1 -1 8580 8 0 18 8 58 177 174 32 111 11 4290 4487 4646 2544 -7067 305 2145 3287 6410 -4083 565 386 0
2300 0
2301 1
2302 -1 -1 8579 8 0 0 0 0 4 24 1 2 0 1
2303 -1 -1 8578 8 0 2 14 20 8 8 2 0 0 4289 4955 539 3148 -7875 41 0
2304 1
2305 -1 -1 8577 8 0 15 0 30 11 17 2 0 4 1
2306 -1 -1 8576 8 0 23 4 66 141 2 42 1 0 4288 1578 5805 48 886 22 2144 1912 1262 -1494 -2198 21 1072 -1056 3631 -4927 -2245 17 536 4788 5642 -781 4679 39 268 -1005 -6986 4980 -5326 394 134 -3670 274 921 -3906 13 67 -3262 -5706 -4977 7326 394 0
2307 0
2308 0
2309 0
2310 0
2311 1
2312 -1 -1 2143 8 0 27 0 0 0 1 1 0 0 0
2313 1
2314 -1 -1 4285 8 0 26 0 0 0 0 7 0 0 0
2315 1
2316 -1 -1 8569 8 0 18 0 0 0 0 59 0 0 1
2317 -1 -1 8568 8 0 26 0 0 0 0 17 0 0 4284 889 -6763 4975 522 12 2142 -730 -2555 3636 -5887 4 1071 -2283 -4642 -4426 2241 11 1
2318 -1 -1 1070 8 0 3 1 2 13 4 10 1 10 535 -1642 5962 -4988 -6497 389 0
2319 1
2320 -1 -1 1069 8 0 4 6 0 0 0 0 25 0 0
2321 0
2322 1
2323 -1 -1 4275 8 0 41 0 0 13 0 0 0 0 0
2324 1
2325 -1 -1 8549 8 0 0 0 0 0 3 0 0 0 1
2326 -1 -1 8548 8 0 85 0 0 0 0 5 0 0 4274 -3652 -1304 -4019 4680 214 2137 3275 -7601 -1109 32 27 1
2327 -1 -1 2136 8 0 27 15 5 5 3 0 0 6 1068 283 -6759 1639 -3839 1 534 -4090 -1698 4877 -1940 135 267 -3887 -4608 -141 -6774 1 0
2328 0
2329 0
2330 0
2331 1
2332 -1 -1 4271 8 0 0 2 0 0 0 0 28 0 0
2333 1
2334 -1 -1 8541 8 0 0 27 0 0 3 0 3 0 1
2335 -1 -1 8540 8 0 0 5 26 0 22 0 0 8 4270 -1987 5135 -4562 -5929 359 2135 4217 3842 -343 -90 313 0
2336 1
2337 -1 -1 4269 8 0 0 0 12 17 1 3 0 0 1
2338 -1 -1 4268 8 0 4 0 0 15 41 1 2 2 2134 3187 7030 -4431 6756 28 1067 3192 6863 1671 -3634 289 0
2339 0
2340 1
2341 -1 -1 4267 8 0 0 4 0 0 0 1 0 1 0
2342 1
2343 -1 -1 8533 8 0 0 0 0 1 82 0 0 0 1
2344 -1 -1 8532 8 0 2 0 3 22 33 4 0 0 4266 -4369 2697 -1333 -829 36 2133 -1855 2653 4733 -3975 297 0
2345 0
2346 1
2347 -1 -1 8531 8 0 1 0 4 30 9 4 4 3 1
2348 -1 -1 8530 8 0 0 0 10 52 5 90 0 0 4265 2256 7623 -3448 -4063 220 0
2349 1
2350 -1 -1 8529 8 0 6 0 6 22 3 31 3 1 1
2351 -1 -1 8528 8 0 14 2 29 39 127 17 18 2 4264 2130 -4125 516 -7885 8 2132 -2215 4977 -500 -6456 80 1066 274 -5526 33 419 6 533 3562 3714 -4070 -5727 273 0
2352 0
2353 0
2354 0
2355 1
2356 -1 -1 8527 8 0 0 0 0 0 0 0 0 74 1
2357 -1 -1 8526 8 0 0 0 0 0 0 1 0 0 4263 2012 -6842 -2129 280 5 1
2358 -1 -1 4262 8 0 1 1 3 0 0 5 0 3 2131 3715 7739 417 1127 211 1
2359 -1 -1 2130 8 0 0 17 2 1 0 0 0 0 1065 -170 6128 4350 6000 9 0
2360 0
2361 0
2362 1
2363 -1 -1 8519 8 0 0 0 0 2 0 2 5 2 1
2364 -1 -1 8518 8 0 0 0 4 5 54 0 2 3 4259 4137 3621 -1575 3068 55 1
2365 -1 -1 4258 8 0 2 5 22 24 8 3 0 0 2129 4050 3810 723 -3139 10 0
2366 1
2367 -1 -1 4257 8 0 0 26 0 1 0 0 3 11 0
2368 1
2369 -1 -1 8513 8 0 1 0 2 11 5 0 0 24 1
2370 -1 -1 8512 8 0 6 12 8 27 4 7 2 0 4256 2899 -3413 814 -118 14 2128 1382 4549 -2133 -5258 268 1064 4745 7941 -2049 -4956 1 532 2466 -4788 -4941 2315 180 266 3816 6419 560 -5590 10 133 -640 5721 -199 -6856 398 0
2371 0
2372 1
2373 -1 -1 531 8 0 5 10 0 5 2 1 1 15 0
2374 0
2375 1
2376 -1 -1 2123 8 0 3 1 0 2 0 37 0 0 0
2377 1
2378 -1 -1 4245 8 0 1 0 0 11 18 9 0 2 0
2379 1
2380 -1 -1 8489 8 0 3 1 2 1 0 0 1 0 1
2381 -1 -1 8488 8 0 3 0 0 52 0 21 0 0 4244 -1396 2701 1501 4663 346 2122 -4731 -830 -2175 33 13 1061 -1067 -7807 -1285 3273 70 0
2382 0
2383 0
2384 1
2385 -1 -1 8487 8 0 1 0 39 7 2 6 0 0 1
2386 -1 -1 8486 8 0 15 0 12 28 1 74 0 0 4243 4626 -4221 -4365 -3613 18 0
2387 1
2388 -1 -1 8485 8 0 1 0 4 12 0 5 0 0 1
2389 -1 -1 8484 8 0 0 17 63 5 2 4 0 0 4242 4128 -5287 520 2185 2 2121 -2215 -1905 978 -7254 3 0
2390 1
2391 -1 -1 4241 8 0 13 0 0 13 6 15 0 0 0
2392 1
2393 -1 -1 8481 8 0 0 0 0 0 4 0 2 0 1
2394 -1 -1 8480 8 0 7 1 7 67 0 11 0 2 4240 -2473 4850 82 4636 390 2120 4134 3033 4603 6891 399 1060 -3825 625 176 -6324 0 530 -4987 395 -888 -2424 9 265 -1269 1231 -2512 -3170 31 0
2395 0
2396 0
2397 1
2398 -1 -1 2119 8 0 2 7 0 6 0 0 0 43 1
2399 -1 -1 2118 8 0 27 5 0 14 4 0 0 9 1059 -4783 -3098 775 2 32 0
2400 0
2401 1
2402 -1 -1 4235 8 0 2 0 22 7 18 2 0 0 1
2403 -1 -1 4234 8 0 3 1 1 4 0 13 0 24 2117 3695 4116 -3418 6487 2 0
2404 0
2405 1
2406 -1 -1 8467 8 0 3 0 0 15 0 1 0 0 1
2407 -1 -1 8466 8 0 5 0 1 24 1 66 1 0 4233 -3479 6025 2593 5226 75 1
2408 -1 -1 4232 8 0 18 0 1 7 2 5 0 4 2116 -1601 -7797 3412 -1756 60 1058 2948 5223 -1759 46 4 529 -1737 -7027 -1340 1357 226 0
2409 0
2410 0
2411 0
2412 1
2413 -1 -1 8463 8 0 4 1 2 41 45 35 15 0 1
2414 -1 -1 8462 8 0 1 0 0 16 8 76 0 8 4231 303 7572 -2340 -4629 18 0
2415 1
2416 -1 -1 8461 8 0 17 1 9 48 1 7 5 3 1
2417 -1 -1 8460 8 0 120 0 5 119 12 233 34 2 4230 -1489 4801 -4585 4793 4 2115 898 85 -4472 -7438 32 0
2418 0
2419 1
2420 -1 -1 8459 8 0 3 0 0 2 0 0 10 0 1
2421 -1 -1 8458 8 0 9 0 0 25 1 50 1 0 4229 -299 -2862 -1774 -876 8 0
2422 1
2423 -1 -1 8457 8 0 13 2 36 101 43 33 5 0 1
2424 -1 -1 8456 8 0 233 0 79 155 37 72 6 2 4228 -918 470 -4945 -7903 29 2114 -1639 -13 -4822 6542 369 1057 -3679 1399 3454 -6960 8 0
2425 0
2426 1
2427 -1 -1 4227 8 0 2 2 2 2 12 0 0 0 0
2428 1
2429 -1 -1 8453 8 0 32 0 1 2 1 12 0 2 1
2430 -1 -1 8452 8 0 4 1 0 8 0 35 0 0 4226 1096 7084 -1806 -5549 398 2113 -1247 5704 2299 1829 314 0
2431 0
2432 1
2433 -1 -1 8451 8 0 12 0 0 16 0 31 0 0 1
2434 -1 -1 8450 8 0 254 0 1 36 0 25 0 2 4225 3218 606 -4336 -5621 11 0
2435 1
2436 -1 -1 8449 8 0 2 0 0 0 0 4 7 0 1
2437 -1 -1 8448 8 0 179 2 1 152 0 23 1 0 4224 -2309 179 4286 -5829 210 2112 -4909 711 4696 -6948 11 1056 -3185 7308 -2036 -1419 173 528 4569 6159 797 687 9 264 -655 -7826 -1234 -2462 31 132 -1764 2491 4580 6408 166 66 1017 5364 71 -1119 31 33 1952 1611 4609 -6310 18 0
2438 0
2439 0
2440 0
2441 0
2442 1
2443 -1 -1 1055 8 0 5 0 0 6 0 55 0 0 1
2444 -1 -1 1054 8 0 24 4 1 8 2 11 0 3 527 4608 -435 -366 967 22 0
2445 1
2446 -1 -1 1053 8 0 0 0 5 2 29 1 0 1 0
2447 1
2448 -1 -1 2105 8 0 1 0 6 0 11 0 0 0 0
2449 1
2450 -1 -1 4209 8 0 8 0 0 31 0 20 0 2 0
2451 1
2452 -1 -1 8417 8 0 8 0 11 1 0 0 0 0 1
2453 -1 -1 8416 8 0 62 0 1 12 0 8 0 0 4208 4451 3067 2145 2134 8 2104 2499 3614 1527 -2012 5 1052 4126 -6654 -167 -634 50 526 2933 7965 1705 -7567 298 263 -3383 -5459 -228 4488 50 0
2454 0
2455 1
2456 -1 -1 1051 8 0 9 0 0 8 25 7 0 0 0
2457 1
2458 -1 -1 2101 8 0 1 16 0 2 0 1 0 4 1
2459 -1 -1 2100 8 0 17 0 0 14 0 24 0 3 1050 1838 -6696 -1001 -1870 197 525 4682 -3412 1744 5729 380 0
2460 0
2461 0
2462 0
2463 1
2464 -1 -1 8399 8 0 0 47 0 0 0 1 0 0 1
2465 -1 -1 8398 8 0 0 10 1 6 0 1 4 0 4199 4017 -5427 -3320 -3999 41 1
2466 -1 -1 4198 8 0 0 0 16 1 0 0 28 0 2099 -1292 -3196 1787 7793 235 0
2467 1
2468 -1 -1 4197 8 0 0 0 20 3 0 1 36 5 0
2469 1
2470 -1 -1 8393 8 0 8 0 0 0 0 0 0 0 1
2471 -1 -1 8392 8 0 0 10 1 17 31 4 43 0 4196 -146 -1812 477 -6159 385 2098 -3030 -253 -1680 -2394 6 1049 4040 -7027 -671 -2706 15 0
2472 0
2473 1
2474 -1 -1 4195 8 0 1 0 0 3 36 0 1 0 0
2475 1
2476 -1 -1 8389 8 0 0 0 1 0 8 0 3 4 1
2477 -1 -1 8388 8 0 1 3 54 3 6 0 1 0 4194 1851 2334 2304 3831 14 2097 3985 -2976 1829 3508 339 0
2478 1
2479 -1 -1 4193 8 0 1 12 4 4 16 0 7 0 0
2480 1
2481 -1 -1 8385 8 0 1 4 4 5 3 9 0 3 1
2482 -1 -1 8384 8 0 6 3 5 97 11 2 2 2 4192 -1470 -6560 3355 857 56 2096 -3941 291 -1645 -137 54 1048 1742 -294 404 -3577 21 524 592 -2705 -4454 2464 228 262 486 -7226 -197 7188 359 131 660 -3340 -915 7777 378 0
2483 0
2484 0
2485 0
2486 1
2487 -1 -1 2095 8 0 6 0 1 9 0 16 0 0 0
2488 1
2489 -1 -1 4189 8 0 19 0 0 3 0 47 0 0 0
2490 1
2491 -1 -1 8377 8 0 3 0 0 0 0 162 0 0 1
2492 -1 -1 8376 8 0 3 0 0 1 0 5 0 0 4188 4639 -6516 -2931 4021 45 2094 -1156 -5408 4618 -2346 19 1047 4957 6557 -2336 2605 34 0
2493 0
2494 0
2495 1
2496 -1 -1 8375 8 0 0 0 0 7 0 77 0 0 1
2497 -1 -1 8374 8 0 0 0 0 7 0 0 0 0 4187 270 -4892 -343 -3376 3 1
2498 -1 -1 4186 8 0 9 0 0 20 0 24 0 0 2093 1224 -3355 3946 7823 80 0
2499 1
2500 -1 -1 4185 8 0 1 0 0 23 2 0 0 0 0
2501 1
2502 -1 -1 8369 8 0 9 0 1 15 0 12 0 0 1
2503 -1 -1 8368 8 0 35 0 0 7 0 3 0 0 4184 -591 -6819 1254 422 57 2092 -2567 5203 3697 -4686 13 1046 -228 -1479 3065 4822 47 523 4371 -3204 -2846 7837 77 0
2504 1
2505 -1 -1 1045 8 0 13 4 0 13 1 30 0 0 1
2506 -1 -1 1044 8 0 6 3 7 12 11 2 0 4 522 1194 -5620 1695 -3489 3 261 -1061 -5298 939 3772 42 0
2507 0
2508 1
2509 -1 -1 1043 8 0 3 4 11 8 0 4 1 5 1
2510 -1 -1 1042 8 0 4 11 0 30 14 6 0 0 521 -4925 6486 -3858 -3552 44 0
2511 0
2512 1
2513 -1 -1 2083 8 0 3 1 0 5 7 4 1 0 0
2514 1
2515 -1 -1 4165 8 0 33 0 0 17 0 0 1 0 1
2516 -1 -1 4164 8 0 5 2 5 12 0 0 2 2 2082 -2095 -7769 192 4058 4 1041 -3156 7856 2784 502 13 0
2517 0
2518 1
2519 -1 -1 4163 8 0 11 0 0 1 0 0 0 0 1
2520 -1 -1 4162 8 0 7 0 0 13 0 42 1 1 2081 -1560 4942 4184 -6040 391 0
2521 0
2522 1
2523 -1 -1 8323 8 0 5 0 0 8 0 1 0 0 1
2524 -1 -1 8322 8 0 109 0 0 18 0 0 0 0 4161 2965 6205 -3474 7330 59 1
2525 -1 -1 4160 8 0 14 0 0 7 0 11 0 0 2080 3293 1562 -4214 6788 1 1040 -4587 1759 3877 -4768 15 520 1428 -888 -1967 -3724 0 260 45 2964 -844 909 4 130 2981 -7752 971 1214 45 65 332 -1970 372 7232 160 0
2526 0
2527 0
2528 0
2529 1
2530 -1 -1 1039 8 0 5 0 13 0 20 6 2 0 1
2531 -1 -1 1038 8 0 10 1 5 5 0 14 0 0 519 3936 -6080 -2131 -2613 9 0
2532 0
2533 1
2534 -1 -1 2075 8 0 16 14 0 5 0 1 0 4 0
2535 1
2536 -1 -1 4149 8 0 0 1 0 0 0 0 0 16 1
2537 -1 -1 4148 8 0 3 35 6 1 4 0 1 11 2074 -976 7691 -2504 6880 4 1037 583 -124 -2335 3993 1 0
2538 0
2539 1
2540 -1 -1 4147 8 0 6 11 1 18 0 2 15 3 1
2541 -1 -1 4146 8 0 1 38 1 3 3 1 0 0 2073 -4558 655 2681 -705 286 0
2542 0
2543 1
2544 -1 -1 8291 8 0 1 1 15 14 0 18 0 3 1
2545 -1 -1 8290 8 0 2 11 3 4 0 5 23 5 4145 -4545 6589 1886 -1800 4 0
2546 1
2547 -1 -1 8289 8 0 1 3 2 24 2 2 0 0 1
2548 -1 -1 8288 8 0 3 3 2 20 43 2 9 13 4144 779 -7077 -2122 7400 12 2072 2576 4926 -671 -5805 282 1036 -3721 1867 3471 3629 239 518 -1088 164 -4554 -2183 350 259 3351 3061 -1787 -1511 398 0
2549 0
2550 0
2551 1
2552 -1 -1 2071 8 0 1 3 16 4 0 2 0 0 1
2553 -1 -1 2070 8 0 11 1 3 14 8 8 2 16 1035 -2199 4654 -4938 6697 54 0
2554 1
2555 -1 -1 2069 8 0 34 0 0 8 0 0 0 5 0
2556 1
2557 -1 -1 4137 8 0 0 0 1 1 5 1 0 1 0
2558 1
2559 -1 -1 8273 8 0 1 0 0 13 0 6 1 5 1
2560 -1 -1 8272 8 0 18 0 0 38 0 2 0 2 4136 -2280 6583 1738 -4448 88 2068 -1709 3737 -534 6508 336 1034 -3578 2110 -3258 -3946 399 517 -422 672 3811 -5295 161 0
2561 1
2562 -1 -1 1033 8 0 7 9 2 12 0 21 1 3 0
2563 0
2564 1
2565 -1 -1 4131 8 0 4 0 0 6 13 4 33 0 1
2566 -1 -1 4130 8 0 4 0 8 6 4 0 1 0 2065 -1582 2947 988 -7400 11 0
2567 1
2568 -1 -1 4129 8 0 3 0 0 3 0 0 25 0 0
2569 1
2570 -1 -1 8257 8 0 6 4 6 7 0 0 5 0 1
2571 -1 -1 8256 8 0 43 0 0 11 0 0 0 0 4128 -660 -375 -3971 -2128 25 2064 3498 776 -3934 7609 246 1032 4916 7147 1538 -1344 13 516 -3521 -3790 4726 4087 117 258 264 3775 -4441 -4329 41 129 -930 -3777 1440 -1032 0 0
2572 0
2573 0
2574 0
2575 1
2576 -1 -1 2063 8 0 11 0 40 0 0 0 0 0 0
2577 1
2578 -1 -1 4125 8 0 1 0 0 1 5 0 8 0 0
2579 1
2580 -1 -1 8249 8 0 67 0 0 0 1 20 0 0 1
2581 -1 -1 8248 8 0 0 0 5 0 0 0 0 0 4124 -1207 4852 1440 -3894 5 2062 -3773 -7312 4305 -819 206 1031 4832 -365 -3925 -7767 152 0
2582 1
2583 -1 -1 2061 8 0 0 8 38 10 1 2 0 2 0
2584 1
2585 -1 -1 4121 8 0 1 5 0 19 1 9 3 14 1
2586 -1 -1 4120 8 0 8 0 10 14 16 7 4 0 2060 3060 7298 3511 377 48 1030 3020 5205 4219 -4428 239 515 -4350 5613 -1901 -1967 360 0
2587 0
2588 1
2589 -1 -1 2059 8 0 17 1 0 21 6 4 0 2 0
2590 1
2591 -1 -1 4117 8 0 5 1 0 15 0 13 0 0 1
2592 -1 -1 4116 8 0 1 2 20 4 0 4 0 9 2058 -4266 4996 2861 -6802 8 1029 1842 1794 -4260 2465 3 0
2593 0
2594 1
2595 -1 -1 4115 8 0 14 0 8 3 0 6 0 1 0
2596 1
2597 -1 -1 8229 8 0 5 2 0 2 0 0 0 0 1
2598 -1 -1 8228 8 0 9 0 0 37 0 24 0 0 4114 -2977 -7674 -4016 -70 116 2057 973 -4999 1260 2151 33 0
2599 0
2600 1
2601 -1 -1 8227 8 0 3 2 0 14 4 0 19 0 1
2602 -1 -1 8226 8 0 18 0 0 9 1 1 2 0 4113 2140 6053 -382 5020 2 0
2603 1
2604 -1 -1 8225 8 0 8 17 0 24 1 7 4 0 1
2605 -1 -1 8224 8 0 133 3 0 87 0 31 3 1 4112 -2543 5299 -4117 -7170 43 2056 1626 2049 1446 -2315 18 1028 4555 -7064 -1151 -1127 28 514 4020 7298 4057 2842 11 257 3543 6891 2239 -74 28 0
2606 0
2607 0
2608 0
2609 1
2610 -1 -1 4111 8 0 10 3 0 17 0 15 0 2 1
2611 -1 -1 4110 8 0 12 11 4 11 30 0 1 0 2055 -4220 -7742 -938 4018 40 0
2612 1
2613 -1 -1 4109 8 0 4 1 0 25 0 12 0 0 0
2614 1
2615 -1 -1 8217 8 0 2 0 0 15 2 4 0 0 1
2616 -1 -1 8216 8 0 283 0 3 109 2 5 3 0 4108 3931 -5218 -3098 5660 73 2054 3686 -7454 -3659 -3272 66 1027 4149 -4809 -1356 -997 46 0
2617 0
2618 1
2619 -1 -1 4107 8 0 3 0 44 15 0 3 0 0 1
2620 -1 -1 4106 8 0 6 6 0 9 1 0 0 3 2053 -260 -4474 2328 2363 17 0
2621 0
2622 1
2623 -1 -1 8211 8 0 3 0 0 13 5 4 0 0 1
2624 -1 -1 8210 8 0 49 1 0 14 0 104 0 1 4105 -2840 -7529 1018 6129 95 1
2625 -1 -1 4104 8 0 10 13 3 13 1 4 10 0 2052 1697 -3362 1167 -489 5 1026 -3107 -1298 -4215 -3908 1 513 -166 -3284 -3791 2963 15 0
2626 0
2627 0
2628 0
2629 1
2630 -1 -1 8207 8 0 8 0 0 25 3 22 3 0 1
2631 -1 -1 8206 8 0 12 0 2 53 0 0 0 1 4103 1966 7900 2804 -5902 385 0
2632 1
2633 -1 -1 8205 8 0 4 0 0 14 0 0 0 0 1
2634 -1 -1 8204 8 0 8 8 0 12 1 48 0 0 4102 -4047 -4593 -2263 4047 222 2051 3774 1967 -2506 5712 4 0
2635 1
2636 -1 -1 4101 8 0 6 0 1 23 0 6 8 0 0
2637 1
2638 -1 -1 8201 8 0 0 0 0 14 0 0 0 1 1
2639 -1 -1 8200 8 0 81 0 0 59 0 0 0 0 4100 -4705 -4036 -297 -1579 32 2050 3021 7690 -1405 -2311 5 1025 3148 6862 4552 -3205 0 0
2640 0
2641 0
2642 1
2643 -1 -1 8199 8 0 38 0 0 7 0 0 0 0 1
2644 -1 -1 8198 8 0 18 0 0 52 1 0 0 1 4099 1816 -5216 -4995 -3472 349 0
2645 1
2646 -1 -1 8197 8 0 4 1 4 12 7 10 0 0 1
2647 -1 -1 8196 8 0 68 1 4 25 2 1 32 3 4098 4102 7558 4073 42 5 2049 -686 -4117 -3089 5543 12 0
2648 0
2649 1
2650 -1 -1 8195 8 0 27 0 0 18 0 28 3 0 1
2651 -1 -1 8194 8 0 1428 1 2 125 0 116 0 1 4097 -2816 7478 -34 -7972 88 0
2652 1
2653 -1 -1 8193 8 0 55 0 0 86 10 6 0 0 1
2654 -1 -1 8192 8 0 1831 2 16 312 5 29 16 2 4096 -4437 -1161 2431 7744 61 2048 -3478 616 2961 454 2 1024 -336 1646 -2464 -3482 13 512 -3894 -5669 2698 -7041 84 256 3995 -3734 3653 1364 20 128 2046 6951 1467 -2906 8 64 -1541 436 -1219 -3815 16 32 527 -2332 -922 6634 43 16 -1033 6940 227 1379 5 8 2914 -4280 -2570 5942 157 4 -1100 -1853 4424 339 146 2 -133 -1582 -1525 -6598 143 1 766 56 2452 -3357 138 1 4
