22 serialization::archive 15 0 0 2 0 1 0
0 0 0 0
1 0
2 0
3 0
4 0
5 0
6 0
7 1 1 0
8 -1 -1 511 8 0 1 0 0 19 0 1 1 0 1
9 -1 -1 510 8 0 1 0 0 20 0 39 0 0 255 0 0 4700 552 -2701 -992 10 0
10 1
11 -1 -1 509 8 0 3 0 0 0 0 34 0 0 0
12 0
13 0
14 1
15 -1 -1 4071 8 0 0 0 0 0 0 24 0 0 0
16 1
17 -1 -1 8141 8 0 0 0 0 0 0 2 0 0 0
18 1
19 -1 -1 16281 8 0 0 0 0 0 0 8 0 0 1
20 -1 -1 16280 8 0 0 0 0 0 0 71 0 0 8140 -2957 5664 2981 2290 17 4070 -3909 4389 -2498 -1624 71 2035 71 -4128 -1863 47 116 1
21 -1 -1 2034 8 0 0 0 0 5 0 17 0 0 1017 -1128 -7309 -4655 4163 399 0
22 1
23 -1 -1 2033 8 0 0 0 0 14 0 53 0 0 1
24 -1 -1 2032 8 0 0 0 0 10 0 0 0 0 1016 -853 -5239 -4439 6350 400 508 -352 -652 1740 -7442 36 254 -4655 -54 -2252 380 1 127 -3861 -6182 -3323 2202 297 0
25 0
26 1
27 -1 -1 507 8 0 1 0 0 4 0 1 0 6 0
28 0
29 1
30 -1 -1 2027 8 0 2 0 0 3 0 63 0 0 0
31 1
32 -1 -1 4053 8 0 8 0 0 14 0 3 0 0 0
33 0
34 1
35 -1 -1 16211 8 0 6 0 0 4 0 3 4 0 1
36 -1 -1 16210 8 0 15 0 0 28 0 127 3 0 8105 552 -7653 1276 3713 397 1
37 -1 -1 8104 8 0 5 0 0 30 0 21 0 0 4052 2202 -6934 -4501 5309 397 2026 -1289 -4003 3873 3470 15 1013 4402 -3236 1007 -5179 20 1
38 -1 -1 1012 8 0 0 0 0 4 0 3 10 0 506 305 564 4326 -3534 1 253 683 -7613 -256 -2446 362 0
39 1
40 -1 -1 505 8 0 1 1 2 1 0 36 0 0 0
41 1
42 -1 -1 1009 8 0 24 2 2 20 0 16 0 1 0
43 1
44 -1 -1 2017 8 0 0 0 0 19 0 0 9 0 1
45 -1 -1 2016 8 0 21 0 0 41 0 5 0 0 1008 -45 6912 -4442 1470 7 504 10 -19 3229 2513 3 252 -3203 1520 1926 1980 25 126 119 -6981 -4883 -7373 3 63 2136 7236 221 429 27 0
46 0
47 0
48 1
49 -1 -1 503 8 0 5 0 0 18 0 27 0 0 0
50 0
51 0
52 1
53 -1 -1 4023 8 0 3 0 0 0 0 0 0 0 0
54 0
55 1
56 -1 -1 16091 8 0 3 0 0 0 0 0 0 0 1
57 -1 -1 16090 8 0 0 0 0 0 0 0 69 0 8045 -3151 -3812 1621 -7910 15 1
58 -1 -1 8044 8 0 0 0 0 0 0 1 0 0 4022 -4236 -6557 -3438 4725 399 2011 2599 -6027 4435 1584 9 1
59 -1 -1 2010 8 0 0 0 0 7 0 1 5 0 1005 -3896 -7835 -838 4754 390 1
60 -1 -1 1004 8 0 1 0 0 6 0 0 0 0 502 4908 -1889 -4659 -4151 15 251 4762 -2494 -3854 -3623 48 0
61 1
62 -1 -1 501 8 0 1 7 0 0 0 0 0 0 0
63 1
64 -1 -1 1001 8 0 40 0 0 9 0 9 0 0 0
65 0
66 0
67 1
68 -1 -1 8007 8 0 2 0 0 2 0 14 0 0 1
69 -1 -1 8006 8 0 3 0 0 45 0 13 1 0 4003 -1352 -7071 2390 -5351 5 0
70 1
71 -1 -1 8005 8 0 6 0 0 17 0 15 0 0 1
72 -1 -1 8004 8 0 11 0 0 4 0 26 0 0 4002 -1537 -2134 -4980 -4603 13 2001 2032 6525 3107 -2120 5 1
73 -1 -1 2000 8 0 16 0 0 37 0 5 4 0 1000 4617 4050 -2574 -6755 20 500 -2502 -6733 -16 -2656 1 250 -4330 3901 -2724 290 293 125 4846 -542 -681 -5504 31 0
74 1
75 -1 -1 249 8 0 2 2 0 24 10 4 0 20 0
76 0
77 1
78 -1 -1 995 8 0 7 0 0 58 0 3 0 0 1
79 -1 -1 994 8 0 0 1 0 13 0 10 0 0 497 4197 3758 -3851 4573 36 1
80 -1 -1 496 8 0 15 0 0 7 0 3 0 1 248 4615 1427 2898 -4940 14 124 1676 5484 1539 7361 5 62 1401 -7717 -4870 1520 386 31 -885 877 1336 -811 5 0
81 0
82 0
83 0
84 1
85 -1 -1 495 8 0 0 0 0 0 0 3 0 52 1
86 -1 -1 494 8 0 3 0 0 9 0 5 0 1 247 754 3494 -2196 6775 80 0
87 0
88 0
89 1
90 -1 -1 1975 8 0 5 0 0 15 0 9 0 1 0
91 0
92 0
93 1
94 -1 -1 15799 8 0 0 0 0 2 0 48 0 0 1
95 -1 -1 15798 8 0 1 0 0 8 0 24 0 0 7899 1707 361 4753 -7399 15 1
96 -1 -1 7898 8 0 2 0 0 3 0 1 0 0 3949 4242 -535 -1846 -1673 320 1
97 -1 -1 3948 8 0 0 0 0 5 0 0 0 0 1974 2517 355 3993 -1745 0 987 2937 6404 51 5238 1 1
98 -1 -1 986 8 0 18 0 0 13 0 3 2 0 493 -428 498 1506 -121 1 1
99 -1 -1 492 8 0 4 0 0 5 0 2 18 3 246 4290 -3132 -2833 -1892 26 123 -182 -875 4212 7392 42 0
100 1
101 -1 -1 245 8 0 1 5 6 0 0 0 0 0 0
102 1
103 -1 -1 489 8 0 11 1 0 14 4 2 2 9 1
104 -1 -1 488 8 0 30 0 0 1 0 1 2 1 244 1736 1252 2368 -5645 8 122 -1108 -5444 3392 1611 184 61 3362 -1993 17 -5398 12 0
105 0
106 0
107 1
108 -1 -1 487 8 0 1 4 15 1 8 0 0 0 1
109 -1 -1 486 8 0 9 26 0 9 0 25 0 0 243 321 3209 4788 1862 373 0
110 1
111 -1 -1 485 8 0 20 0 0 10 0 1 0 9 0
112 0
113 1
114 -1 -1 1939 8 0 1 0 0 0 0 0 0 8 0
115 1
116 -1 -1 3877 8 0 0 0 0 1 0 0 0 2 0
117 0
118 1
119 -1 -1 15507 8 0 0 0 0 1 0 0 0 0 1
120 -1 -1 15506 8 0 0 124 0 0 0 0 0 0 7753 -2413 4167 -4412 -3726 55 1
121 -1 -1 7752 8 0 1 1 0 1 0 0 0 1 3876 2617 1354 1834 -2922 2 1938 -4626 -3010 2537 -3463 387 969 -1320 -1105 1613 6589 398 1
122 -1 -1 968 8 0 23 11 1 5 0 2 0 20 484 3418 2274 -433 -871 13 242 -1455 -2404 -4743 1679 400 121 -1744 5333 2834 -2451 7 0
123 0
124 0
125 1
126 -1 -1 967 8 0 20 0 0 13 1 13 0 1 1
127 -1 -1 966 8 0 0 13 6 10 0 1 0 0 483 -2916 7893 -4316 -2147 80 0
128 0
129 1
130 -1 -1 1931 8 0 2 0 0 7 0 2 0 0 0
131 1
132 -1 -1 3861 8 0 1 0 0 2 0 2 0 0 0
133 1
134 -1 -1 7721 8 0 2 0 0 0 0 0 0 0 0
135 1
136 -1 -1 15441 8 0 0 0 12 4 0 0 0 0 1
137 -1 -1 15440 8 0 0 0 55 0 0 0 0 0 7720 -3968 303 604 -3474 3 3860 -4527 -7778 -1846 -4378 3 1930 -4596 -1200 3478 -6602 288 965 4960 -1818 -1671 -3053 398 1
138 -1 -1 964 8 0 11 0 0 9 0 0 0 0 482 4538 5980 -3830 -5944 272 241 769 4358 1602 1023 0 0
139 1
140 -1 -1 481 8 0 5 0 0 0 10 0 0 0 1
141 -1 -1 480 8 0 47 0 1 3 0 4 0 0 240 -3869 7744 -2478 -2572 58 120 369 7395 -3133 -7682 68 60 1888 1628 -4706 7717 394 30 4395 -5191 -3141 -2240 6 15 -426 -5655 -4790 6276 320 0
142 0
143 0
144 0
145 1
146 -1 -1 239 8 0 3 47 1 2 0 0 0 0 1
147 -1 -1 238 8 0 41 5 0 13 0 3 0 0 119 450 -5262 2703 -1899 61 0
148 1
149 -1 -1 237 8 0 33 0 6 10 0 0 0 16 0
150 1
151 -1 -1 473 8 0 15 0 12 0 0 0 0 0 0
152 1
153 -1 -1 945 8 0 9 0 2 5 0 0 0 0 0
154 1
155 -1 -1 1889 8 0 1 0 0 0 0 2 1 0 0
156 1
157 -1 -1 3777 8 0 16 0 0 0 0 0 0 0 0
158 0
159 1
160 -1 -1 15107 8 0 63 0 0 0 0 0 0 0 1
161 -1 -1 15106 8 0 12 0 0 0 0 0 0 0 7553 -148 4585 -3794 -6037 365 1
162 -1 -1 7552 8 0 55 0 0 0 0 0 0 0 3776 2965 -6572 4868 225 349 1888 -3338 4646 3945 -1320 319 944 1724 3047 -239 -36 10 472 -3741 -3100 -1502 2105 23 236 -4102 4286 -2430 -4419 248 118 2142 -4743 140 -7828 5 59 -4017 -7743 -781 7646 172 0
163 0
164 0
165 1
166 -1 -1 471 8 0 16 0 28 3 0 0 0 0 0
167 1
168 -1 -1 941 8 0 14 0 0 1 0 0 0 47 1
169 -1 -1 940 8 0 20 0 0 5 0 0 35 2 470 4283 -6198 1570 -780 6 235 -2035 -2339 -3584 -3004 2 0
170 0
171 1
172 -1 -1 939 8 0 11 0 0 11 0 46 0 0 1
173 -1 -1 938 8 0 17 0 0 23 0 8 11 0 469 513 1334 -405 -4284 25 1
174 -1 -1 468 8 0 44 0 3 1 0 10 1 9 234 -1985 -4485 -4733 5647 22 117 3938 -2828 -2701 -7668 159 0
175 0
176 1
177 -1 -1 467 8 0 2 0 53 0 0 9 0 5 1
178 -1 -1 466 8 0 18 0 0 2 1 0 0 5 233 731 4260 -1350 -5430 60 0
179 0
180 1
181 -1 -1 931 8 0 7 0 0 3 11 10 2 1 0
182 0
183 1
184 -1 -1 3723 8 0 3 0 1 0 2 0 0 0 0
185 1
186 -1 -1 7445 8 0 1 1 2 0 0 0 0 0 0
187 1
188 -1 -1 14889 8 0 3 0 0 2 0 0 0 0 1
189 -1 -1 14888 8 0 9 0 0 1 0 0 0 131 7444 4350 -6513 3834 3061 274 3722 -3418 6611 -2655 -6441 60 1861 4325 -1902 -1468 5873 18 0
190 1
191 -1 -1 3721 8 0 3 0 2 5 0 0 0 31 1
192 -1 -1 3720 8 0 21 0 0 5 0 0 29 6 1860 -3561 -1564 1138 -7599 45 930 -1759 -2526 3832 -4983 400 465 4533 538 2420 -1961 1 0
193 0
194 1
195 -1 -1 1859 8 0 1 11 1 0 1 0 0 29 1
196 -1 -1 1858 8 0 12 4 10 4 24 0 0 5 929 -2503 -841 4279 2071 202 1
197 -1 -1 928 8 0 38 5 5 4 6 0 1 1 464 -531 6236 3019 -7033 223 232 -1446 -1688 -4986 4022 348 116 -2893 7736 -625 7738 1 58 4880 -3515 -4440 1957 1 29 1562 -6456 604 -82 1 0
198 1
199 -1 -1 57 8 0 10 1 15 0 15 1 10 0 0
200 0
201 0
202 1
203 -1 -1 455 8 0 2 0 0 6 0 61 0 0 1
204 -1 -1 454 8 0 20 0 0 7 0 18 0 0 227 2919 -7136 988 -150 39 1
205 -1 -1 226 8 0 30 4 0 12 0 9 0 6 113 2761 -6661 4532 -4065 11 0
206 1
207 -1 -1 225 8 0 7 10 0 0 5 8 0 1 0
208 0
209 0
210 1
211 -1 -1 1799 8 0 3 0 0 7 0 0 0 12 0
212 1
213 -1 -1 3597 8 0 10 0 0 1 0 22 0 0 0
214 1
215 -1 -1 7193 8 0 3 0 0 9 0 2 0 0 0
216 1
217 -1 -1 14385 8 0 2 0 0 0 0 0 0 2 1
218 -1 -1 14384 8 0 70 1 0 12 0 0 0 0 7192 4872 363 2987 1079 261 3596 144 1093 4911 -4533 15 1798 617 -83 4230 -3605 22 899 -945 3365 -1915 -2792 371 0
219 0
220 0
221 1
222 -1 -1 7191 8 0 16 0 0 2 0 0 0 0 0
223 1
224 -1 -1 14381 8 0 43 0 0 0 0 0 0 0 1
225 -1 -1 14380 8 0 164 0 0 0 0 0 0 0 7190 2102 -2071 -525 2098 108 3595 -4655 -6893 -2152 6968 394 1
226 -1 -1 3594 8 0 33 0 0 4 0 3 0 0 1797 2709 5784 -3133 7658 6 0
227 1
228 -1 -1 3593 8 0 59 0 0 4 0 0 0 0 0
229 1
230 -1 -1 7185 8 0 41 0 0 9 0 0 0 0 1
231 -1 -1 7184 8 0 17 0 0 13 0 12 0 0 3592 1193 -6990 2096 4900 8 1796 -1370 521 1579 -7593 4 898 4311 -316 -55 6891 12 449 3125 -4396 1547 6343 58 0
232 1
233 -1 -1 897 8 0 11 0 0 11 0 3 22 0 0
234 1
235 -1 -1 1793 8 0 8 0 0 15 1 0 0 0 1
236 -1 -1 1792 8 0 39 0 0 3 0 4 0 0 896 2759 2244 4743 -7641 74 448 -3908 -378 -4828 6454 363 224 2235 -3532 2780 5553 0 112 418 -1154 1259 -79 15 56 1821 -3629 3081 -437 19 28 -667 6794 4546 1868 284 14 -4275 7407 4379 2503 0 7 4467 3039 4597 -4123 1 0
237 0
238 0
239 0
240 0
241 0
242 1
243 -1 -1 447 8 0 6 3 50 1 0 2 0 6 1
244 -1 -1 446 8 0 4 0 0 7 0 6 0 38 223 782 299 2889 2544 376 0
245 0
246 0
247 1
248 -1 -1 1783 8 0 1 0 0 3 0 0 0 0 0
249 1
250 -1 -1 3565 8 0 0 0 0 4 0 0 0 0 0
251 1
252 -1 -1 7129 8 0 0 0 0 1 0 54 0 0 1
253 -1 -1 7128 8 0 4 0 0 0 0 15 0 0 3564 -224 -7626 1223 -4914 4 1782 1715 -6331 4202 752 396 891 3576 6720 -4060 1225 376 1
254 -1 -1 890 8 0 19 0 0 15 0 15 3 2 445 -3530 -1789 2990 -4572 26 1
255 -1 -1 444 8 0 1 5 2 7 4 11 1 13 222 -943 -5659 -2388 5015 330 111 1305 135 3643 -4003 300 0
256 0
257 0
258 0
259 1
260 -1 -1 1775 8 0 2 4 0 3 0 1 0 14 0
261 1
262 -1 -1 3549 8 0 0 1 8 1 8 0 1 7 0
263 1
264 -1 -1 7097 8 0 0 0 1 0 3 0 2 1 0
265 1
266 -1 -1 14193 8 0 0 0 0 0 0 1 1 0 1
267 -1 -1 14192 8 0 0 0 0 0 78 0 0 0 7096 -1586 -3220 -4565 -1179 119 3548 3166 -2696 98 -3121 9 1774 3293 -5036 594 205 11 887 619 -5458 -3853 6804 394 1
268 -1 -1 886 8 0 0 24 0 1 0 0 0 19 443 4077 -630 4987 7415 0 0
269 0
270 0
271 1
272 -1 -1 3543 8 0 0 2 7 0 0 0 0 0 0
273 1
274 -1 -1 7085 8 0 0 2 0 0 0 0 0 0 0
275 1
276 -1 -1 14169 8 0 0 0 1 0 0 0 0 0 1
277 -1 -1 14168 8 0 0 1 0 0 0 0 0 109 7084 3299 7628 420 -620 67 3542 -4980 2560 -263 -1700 145 1771 3035 -6600 -3781 -6374 19 0
278 1
279 -1 -1 3541 8 0 0 0 0 1 0 2 0 31 1
280 -1 -1 3540 8 0 11 12 1 12 1 6 11 13 1770 -4568 1536 2974 -4553 46 885 4245 -5957 112 -5135 8 0
281 1
282 -1 -1 1769 8 0 0 0 1 0 24 9 1 10 0
283 1
284 -1 -1 3537 8 0 0 14 0 1 0 0 0 0 1
285 -1 -1 3536 8 0 5 1 0 2 3 48 0 0 1768 2179 2378 693 -5310 18 884 4701 -4432 -240 43 263 442 -764 6837 3625 6240 0 221 361 -2136 3504 2095 272 0
286 0
287 1
288 -1 -1 883 8 0 12 1 10 4 14 0 0 1 0
289 1
290 -1 -1 1765 8 0 0 0 0 0 7 0 0 1 0
291 1
292 -1 -1 3529 8 0 2 0 0 0 0 6 0 1 0
293 1
294 -1 -1 7057 8 0 0 0 0 1 0 0 0 0 0
295 1
296 -1 -1 14113 8 0 1 0 0 0 0 0 0 72 1
297 -1 -1 14112 8 0 1 0 0 0 1 0 0 0 7056 -4675 -7391 1538 -3781 53 3528 -1984 -2305 -1218 587 383 1764 1823 -5868 2315 -3036 5 882 3589 -7822 537 -7799 172 441 -3049 -366 -4168 -7217 0 0
298 0
299 1
300 -1 -1 1763 8 0 1 1 6 1 0 7 0 3 0
301 1
302 -1 -1 3525 8 0 0 10 0 2 0 0 0 6 0
303 1
304 -1 -1 7049 8 0 1 0 0 2 0 0 0 0 0
305 1
306 -1 -1 14097 8 0 0 29 0 3 0 0 0 0 1
307 -1 -1 14096 8 0 0 89 0 0 0 0 0 0 7048 -805 -1266 3761 6559 333 3524 -668 1743 3689 -5486 400 1762 1034 -110 -1282 -4556 6 881 705 -179 -4295 7467 341 0
308 0
309 1
310 -1 -1 3523 8 0 0 0 0 20 0 0 0 0 1
311 -1 -1 3522 8 0 1 61 0 1 0 0 0 0 1761 4617 -1539 -4711 4144 2 0
312 0
313 1
314 -1 -1 7043 8 0 0 0 6 15 0 1 8 10 0
315 1
316 -1 -1 14085 8 0 1 0 1 0 0 0 6 0 1
317 -1 -1 14084 8 0 0 0 0 0 0 0 6 140 7042 -676 -3757 2124 -4904 360 3521 3981 -5046 -3607 2338 277 0
318 1
319 -1 -1 7041 8 0 0 46 0 14 0 8 0 1 1
320 -1 -1 7040 8 0 1 3 10 13 0 0 0 24 3520 1142 -1271 -3445 6538 308 1760 3920 -6878 -4716 1813 143 880 514 -7854 -4707 475 311 440 -318 -221 4300 3351 316 220 125 176 3052 5972 351 110 1735 -5857 3987 4091 35 55 1975 331 -3970 7906 376 0
321 0
322 0
323 0
324 1
325 -1 -1 879 8 0 0 29 0 6 0 2 0 0 1
326 -1 -1 878 8 0 0 5 1 2 0 0 8 41 439 989 -5300 -1766 2103 336 0
327 0
328 1
329 -1 -1 1755 8 0 1 7 0 1 0 0 0 0 0
330 1
331 -1 -1 3509 8 0 0 0 0 0 0 5 0 0 0
332 1
333 -1 -1 7017 8 0 0 0 0 0 3 1 0 3 0
334 1
335 -1 -1 14033 8 0 0 1 0 2 117 0 0 0 1
336 -1 -1 14032 8 0 1 0 1 0 0 0 0 0 7016 2296 -5592 -1577 5622 6 3508 866 5529 -154 -1214 132 1754 -3827 3964 -864 6149 180 877 -4345 610 -4810 6830 391 0
337 1
338 -1 -1 1753 8 0 0 11 3 0 7 11 2 0 0
339 1
340 -1 -1 3505 8 0 1 3 0 0 0 8 0 36 0
341 0
342 1
343 -1 -1 14019 8 0 1 1 0 0 20 0 0 2 1
344 -1 -1 14018 8 0 11 1 0 5 5 3 0 35 7009 1106 5320 -877 -790 2 1
345 -1 -1 7008 8 0 0 4 0 7 18 1 0 0 3504 -2056 -7604 4970 -79 33 1752 -2926 5145 -998 1804 5 876 -3030 -977 379 -632 71 438 3168 1997 -3207 2256 199 219 4242 -4922 2005 -6601 9 0
346 0
347 1
348 -1 -1 875 8 0 1 2 0 1 0 12 0 0 0
349 1
350 -1 -1 1749 8 0 2 0 3 20 0 5 2 2 1
351 -1 -1 1748 8 0 2 0 8 6 2 2 0 30 874 -4070 -4296 -1510 -6543 2 437 1520 2674 -1903 -6813 337 0
352 0
353 0
354 1
355 -1 -1 3495 8 0 1 0 0 3 0 8 0 0 1
356 -1 -1 3494 8 0 7 0 0 5 9 2 42 0 1747 4400 2357 -1190 -1576 58 1
357 -1 -1 1746 8 0 1 0 0 2 23 0 0 3 873 343 -69 -266 7488 343 1
358 -1 -1 872 8 0 16 2 8 14 13 13 0 1 436 7 -3584 4310 -7061 2 218 -980 -4633 4353 -3363 38 109 2487 -4507 -1133 34 15 0
359 0
360 0
361 0
362 0
363 1
364 -1 -1 3487 8 0 1 0 0 8 0 14 4 0 1
365 -1 -1 3486 8 0 7 0 0 40 0 5 0 0 1743 3669 556 -3100 -6784 47 1
366 -1 -1 1742 8 0 6 0 5 3 4 2 11 0 871 4763 874 -4727 7676 398 1
367 -1 -1 870 8 0 60 0 0 7 0 0 0 0 435 675 -464 -464 -6756 9 0
368 1
369 -1 -1 869 8 0 11 0 0 30 0 8 0 3 0
370 1
371 -1 -1 1737 8 0 0 0 0 0 0 43 0 0 0
372 1
373 -1 -1 3473 8 0 5 0 1 26 0 21 1 1 1
374 -1 -1 3472 8 0 0 0 0 5 0 36 0 0 1736 2524 -2447 1918 -6927 11 868 4000 4055 896 -3698 91 434 -3773 -6008 -3527 -3566 0 217 -3588 -2636 25 7134 394 0
375 0
376 0
377 1
378 -1 -1 1735 8 0 0 0 0 0 0 0 16 0 1
379 -1 -1 1734 8 0 4 2 7 14 32 0 2 0 867 2320 1429 -2344 -2728 28 0
380 0
381 0
382 1
383 -1 -1 6935 8 0 3 0 0 16 0 3 0 1 0
384 1
385 -1 -1 13869 8 0 0 0 0 0 0 24 0 0 1
386 -1 -1 13868 8 0 21 0 0 5 3 30 0 0 6934 -248 -2173 -3034 -4449 34 3467 4497 7794 -2806 1708 120 0
387 1
388 -1 -1 6933 8 0 3 0 4 19 0 0 28 0 1
389 -1 -1 6932 8 0 6 0 0 9 5 26 11 0 3466 -235 1993 -3761 -7030 34 1733 3346 3708 3041 -5788 26 0
390 0
391 1
392 -1 -1 6931 8 0 1 0 6 3 13 10 0 0 1
393 -1 -1 6930 8 0 40 0 0 4 4 2 0 0 3465 -2542 1732 -4818 -6791 10 1
394 -1 -1 3464 8 0 2 0 5 33 8 2 0 5 1732 448 -2306 -3629 4226 382 866 1042 341 -4612 -7187 22 433 -264 -5213 -4638 -7563 59 0
395 0
396 0
397 1
398 -1 -1 3463 8 0 4 0 3 5 33 0 0 6 1
399 -1 -1 3462 8 0 6 0 31 4 5 2 0 0 1731 -925 -3556 2102 1361 11 0
400 0
401 1
402 -1 -1 6923 8 0 17 0 0 17 7 11 7 0 0
403 1
404 -1 -1 13845 8 0 1 0 0 13 3 0 12 2 1
405 -1 -1 13844 8 0 1 0 7 108 0 8 2 3 6922 -785 -6032 -4335 4134 359 3461 4206 -1476 -3398 5978 395 0
406 1
407 -1 -1 6921 8 0 0 2 0 5 0 0 5 29 1
408 -1 -1 6920 8 0 6 1 6 6 6 4 24 2 3460 2517 -1574 -4382 3147 270 1730 3874 -2134 -3314 6134 301 865 1093 -6070 3895 6197 351 0
409 1
410 -1 -1 1729 8 0 2 1 0 2 27 0 14 11 0
411 1
412 -1 -1 3457 8 0 0 2 0 11 15 0 0 5 0
413 1
414 -1 -1 6913 8 0 1 3 31 0 26 0 0 1 0
415 1
416 -1 -1 13825 8 0 4 0 0 4 0 0 0 0 1
417 -1 -1 13824 8 0 9 0 111 4 6 1 0 2 6912 1464 4917 -3320 2477 325 3456 4793 -748 -191 3489 224 1728 -865 -7764 4642 -6252 1 864 -2131 -7676 -3403 -3903 193 432 -413 -4128 -4982 4405 1 216 -3016 -1858 -205 7625 345 108 4473 142 4808 7928 365 54 -890 -5023 1669 521 23 27 -2962 -5477 1816 -3373 16 0
418 0
419 0
420 1
421 -1 -1 215 8 0 5 13 15 8 0 1 2 0 1
422 -1 -1 214 8 0 53 0 1 2 0 3 0 3 107 4952 7207 3917 -7161 84 0
423 0
424 0
425 0
426 0
427 1
428 -1 -1 3423 8 0 0 0 0 1 0 0 13 0 0
429 1
430 -1 -1 6845 8 0 0 1 0 2 0 0 1 1 0
431 1
432 -1 -1 13689 8 0 0 0 3 0 0 0 1 0 1
433 -1 -1 13688 8 0 0 179 1 0 0 0 0 0 6844 4473 -6701 801 -6780 284 3422 2698 -1851 2003 -7598 244 1711 1257 -3279 -1949 -1864 250 0
434 1
435 -1 -1 3421 8 0 0 1 0 0 0 0 8 0 1
436 -1 -1 3420 8 0 0 8 38 4 8 0 0 4 1710 3327 19 3886 2284 3 855 3611 5718 2561 -5360 365 0
437 1
438 -1 -1 1709 8 0 0 3 0 2 0 0 53 3 0
439 1
440 -1 -1 3417 8 0 0 0 0 0 0 0 15 10 0
441 1
442 -1 -1 6833 8 0 0 9 0 10 6 0 10 0 0
443 1
444 -1 -1 13665 8 0 0 15 3 1 9 0 0 0 1
445 -1 -1 13664 8 0 0 10 109 3 3 4 4 0 6832 -1322 -6542 -316 -3707 9 3416 -3563 -5095 -4507 6512 201 1708 417 -7889 -2332 3481 311 854 1475 1835 -879 6618 391 427 4439 5493 3747 -1314 375 0
446 0
447 1
448 -1 -1 1707 8 0 0 2 2 5 5 1 0 0 0
449 0
450 0
451 1
452 -1 -1 13655 8 0 0 0 0 0 0 0 0 6 1
453 -1 -1 13654 8 0 0 0 0 0 0 0 0 74 6827 1219 -4303 1713 7415 74 1
454 -1 -1 6826 8 0 0 0 0 2 0 0 0 0 3413 4983 3822 -1628 4445 105 1
455 -1 -1 3412 8 0 0 3 0 8 2 4 3 27 1706 -278 6840 -2520 1108 162 853 2205 7745 4967 6198 10 0
456 0
457 0
458 1
459 -1 -1 6823 8 0 0 0 0 0 0 0 36 0 1
460 -1 -1 6822 8 0 0 14 1 0 0 0 11 8 3411 -4664 1071 4736 2751 25 0
461 1
462 -1 -1 6821 8 0 0 14 3 0 0 0 4 3 1
463 -1 -1 6820 8 0 0 5 0 9 5 1 2 44 3410 869 -1233 -3231 -3189 271 1705 -4275 -7705 -2545 -5043 5 0
464 0
465 1
466 -1 -1 6819 8 0 0 10 3 0 0 0 3 34 1
467 -1 -1 6818 8 0 0 3 12 3 0 0 3 0 3409 1927 -6040 -830 -4184 7 0
468 1
469 -1 -1 6817 8 0 0 21 0 5 0 3 23 11 0
470 1
471 -1 -1 13633 8 0 0 13 16 0 13 0 1 2 1
472 -1 -1 13632 8 0 2 245 10 3 4 1 11 16 6816 846 -4502 -3315 -7660 2 3408 -663 -4506 -217 7192 299 1704 2916 -4186 3992 2206 274 852 -1418 7723 -2693 2064 101 426 -3539 2229 -2345 5818 333 213 2556 7535 -4640 4555 369 0
473 0
474 0
475 1
476 -1 -1 1703 8 0 4 23 5 0 0 0 0 21 0
477 1
478 -1 -1 3405 8 0 1 8 0 1 0 0 0 0 0
479 0
480 1
481 -1 -1 13619 8 0 0 3 0 0 0 0 0 29 1
482 -1 -1 13618 8 0 0 0 0 0 0 0 0 170 6809 -298 4157 1067 -1827 389 1
483 -1 -1 6808 8 0 2 0 1 0 0 0 2 9 3404 4356 7690 -4487 48 2 1702 -2479 6687 -1646 -1717 4 851 -1550 1627 2037 4037 0 0
484 1
485 -1 -1 1701 8 0 8 0 6 0 0 0 0 0 1
486 -1 -1 1700 8 0 4 30 3 5 0 1 6 13 850 -1247 7955 3118 4107 384 425 3132 5793 -2626 -6404 343 0
487 1
488 -1 -1 849 8 0 0 19 1 2 0 2 1 12 0
489 1
490 -1 -1 1697 8 0 1 8 10 6 12 2 0 6 0
491 1
492 -1 -1 3393 8 0 5 3 4 1 5 1 0 0 0
493 1
494 -1 -1 6785 8 0 0 2 40 0 0 0 0 1 1
495 -1 -1 6784 8 0 5 14 15 0 0 0 7 1 3392 -3665 -4739 -3684 -251 5 1696 1052 7424 -214 -1252 383 848 2665 3074 -3488 3225 16 424 -3472 -1486 -3212 7075 196 212 -133 616 -3832 3712 317 106 2842 5842 -439 -112 19 53 -2172 -825 -3169 -7238 396 0
496 0
497 0
498 1
499 -1 -1 423 8 0 27 0 0 3 0 3 0 0 1
500 -1 -1 422 8 0 11 0 0 1 2 0 40 10 211 4420 443 -4250 -4641 9 0
501 1
502 -1 -1 421 8 0 22 0 6 4 0 0 1 31 0
503 0
504 1
505 -1 -1 1683 8 0 12 3 0 2 0 14 0 13 1
506 -1 -1 1682 8 0 32 0 0 0 0 4 0 3 841 2318 -3896 -2308 7428 345 0
507 0
508 1
509 -1 -1 3363 8 0 12 0 2 0 2 0 0 2 1
510 -1 -1 3362 8 0 54 0 0 0 0 1 0 0 1681 4189 -2775 105 -6875 6 1
511 -1 -1 1680 8 0 40 1 2 12 0 6 1 0 840 -480 -7430 3247 1235 0 420 748 -6994 3605 1126 2 210 4042 -6352 3934 175 300 105 3133 -2856 2357 -5976 367 0
512 0
513 0
514 0
515 0
516 0
517 1
518 -1 -1 6719 8 0 1 0 0 0 25 1 0 0 1
519 -1 -1 6718 8 0 3 0 7 13 2 30 1 0 3359 -483 -6599 -2140 1741 358 0
520 1
521 -1 -1 6717 8 0 0 0 1 28 7 1 11 7 0
522 1
523 -1 -1 13433 8 0 0 0 0 2 0 17 28 0 1
524 -1 -1 13432 8 0 0 1 0 7 0 0 157 0 6716 2723 -1563 2138 -3740 9 3358 2567 1948 -4813 4816 307 1679 379 -7988 -2717 4379 331 0
525 0
526 0
527 1
528 -1 -1 13431 8 0 0 51 1 0 0 0 0 11 1
529 -1 -1 13430 8 0 0 0 14 7 6 0 3 9 6715 3065 -2731 1790 6931 264 0
530 1
531 -1 -1 13429 8 0 0 9 78 35 19 0 18 17 1
532 -1 -1 13428 8 0 0 7 23 17 10 0 106 2 6714 2862 -5499 328 7575 255 3357 -4908 -4037 1855 -3156 30 0
533 1
534 -1 -1 6713 8 0 0 1 0 56 1 8 0 0 0
535 1
536 -1 -1 13425 8 0 0 3 145 10 22 4 6 0 1
537 -1 -1 13424 8 0 0 8 6 7 40 0 0 3 6712 -238 -3371 -3741 3945 256 3356 1951 -6258 -2961 6867 276 1678 3507 -2194 2432 -782 0 839 2590 -3771 -3611 2968 312 0
538 0
539 0
540 0
541 1
542 -1 -1 13423 8 0 0 0 29 1 88 0 19 14 1
543 -1 -1 13422 8 0 2 68 84 4 9 0 28 2 6711 3543 -1682 992 3319 360 0
544 1
545 -1 -1 13421 8 0 1 42 3 20 99 0 241 2 1
546 -1 -1 13420 8 0 1 1 47 5 20 0 335 14 6710 3217 -4253 -2449 7495 251 3355 3924 -2260 -4516 1626 341 0
547 0
548 1
549 -1 -1 13419 8 0 0 1 0 4 76 0 0 30 1
550 -1 -1 13418 8 0 0 7 30 46 173 0 218 3 6709 -2205 -7684 1274 7769 343 0
551 1
552 -1 -1 13417 8 0 2 12 17 20 13 0 68 1 1
553 -1 -1 13416 8 0 1 35 6 17 43 0 43 168 6708 2262 -6846 -1896 -4959 9 3354 188 209 -669 4167 259 1677 1927 -1058 -1562 -7484 254 0
554 0
555 0
556 1
557 -1 -1 13415 8 0 1 1 0 2 184 0 9 2 1
558 -1 -1 13414 8 0 0 18 20 29 123 4 13 1 6707 -2029 -5984 2990 5901 202 0
559 1
560 -1 -1 13413 8 0 2 3 0 0 21 0 16 0 1
561 -1 -1 13412 8 0 0 13 50 5 6 2 3 0 6706 -1834 -4941 -2539 189 0 3353 1803 -2236 -3398 1079 7 0
562 0
563 1
564 -1 -1 13411 8 0 0 1 0 9 43 0 231 0 1
565 -1 -1 13410 8 0 2 0 2 4 94 0 34 0 6705 4842 -342 -559 6588 199 0
566 1
567 -1 -1 13409 8 0 3 31 103 6 124 0 47 0 1
568 -1 -1 13408 8 0 1 6 59 15 11 0 147 3 6704 3720 -6649 1900 5549 179 3352 -2238 -5250 -4591 -2115 3 1676 80 -4097 -2301 -7665 3 838 2209 -1591 -2804 4062 240 419 -1632 -5569 -3715 3771 250 0
569 0
570 0
571 0
572 1
573 -1 -1 6703 8 0 0 1 0 2 8 0 6 43 0
574 1
575 -1 -1 13405 8 0 0 0 2 5 1 0 72 1 1
576 -1 -1 13404 8 0 1 6 4 0 6 0 1 0 6702 3788 -6008 3081 675 22 3351 2400 -7954 1540 -3952 19 0
577 0
578 1
579 -1 -1 13403 8 0 0 0 0 4 1 0 14 1 1
580 -1 -1 13402 8 0 0 0 0 0 57 0 3 0 6701 188 -2300 -465 -4916 328 0
581 1
582 -1 -1 13401 8 0 0 2 25 0 1 0 10 0 1
583 -1 -1 13400 8 0 0 5 0 10 6 10 1 0 6700 299 -34 -4779 -7008 161 3350 4299 -4756 4801 962 329 1675 2737 -4779 -1103 -144 21 0
584 1
585 -1 -1 3349 8 0 1 6 0 3 18 0 3 24 0
586 1
587 -1 -1 6697 8 0 0 11 5 1 36 3 6 0 0
588 1
589 -1 -1 13393 8 0 0 4 9 1 0 0 23 0 1
590 -1 -1 13392 8 0 0 8 247 1 9 0 7 0 6696 4923 4792 1656 4928 324 3348 -3262 -7315 381 4762 256 1674 3380 -7099 3898 6785 383 837 2997 -3204 -4246 3758 3 0
591 0
592 0
593 1
594 -1 -1 6695 8 0 2 0 0 0 13 2 0 0 0
595 1
596 -1 -1 13389 8 0 1 2 0 1 0 0 0 0 1
597 -1 -1 13388 8 0 0 3 63 0 0 0 0 0 6694 -3546 -2311 2120 6830 286 3347 3095 -622 1091 -3253 392 0
598 1
599 -1 -1 6693 8 0 0 2 0 0 0 0 0 44 0
600 1
601 -1 -1 13385 8 0 2 2 29 1 0 0 0 0 1
602 -1 -1 13384 8 0 2 35 0 0 0 0 0 5 6692 3828 2458 -3313 -7208 387 3346 1107 -2044 -3700 1334 321 1673 1200 -1149 4839 4299 295 0
603 0
604 0
605 1
606 -1 -1 13383 8 0 0 0 5 0 0 0 0 18 1
607 -1 -1 13382 8 0 7 34 6 0 0 0 0 0 6691 4658 782 -1447 7537 299 0
608 1
609 -1 -1 13381 8 0 0 91 36 7 19 0 436 5 1
610 -1 -1 13380 8 0 0 44 23 6 5 0 5 1 6690 3591 -5269 14 7641 0 3345 -550 129 -2732 -6932 302 0
611 0
612 1
613 -1 -1 13379 8 0 0 2 4 0 25 0 0 0 1
614 -1 -1 13378 8 0 1 10 3 3 24 0 190 1 6689 -4536 -6007 3985 7685 384 0
615 1
616 -1 -1 13377 8 0 3 214 80 18 130 4 21 79 1
617 -1 -1 13376 8 0 5 145 69 17 197 8 213 27 6688 -3751 -2801 2263 5161 29 3344 -865 -4241 -3297 1675 314 1672 1749 872 1128 -4867 197 836 3036 1486 2981 -6417 318 418 4993 -6697 -1824 4513 299 209 4175 -2241 -1896 5147 10 0
618 0
619 0
620 0
621 0
622 1
623 -1 -1 6687 8 0 0 7 0 0 0 0 0 0 0
624 1
625 -1 -1 13373 8 0 0 0 0 0 0 1 0 1 1
626 -1 -1 13372 8 0 0 0 0 0 89 0 0 0 6686 985 -2355 -4287 -441 373 3343 2933 4279 -797 895 110 1
627 -1 -1 3342 8 0 6 0 14 2 3 1 0 11 1671 4779 -6346 3514 -4688 10 0
628 1
629 -1 -1 3341 8 0 1 31 0 0 1 1 3 10 0
630 1
631 -1 -1 6681 8 0 6 0 0 0 0 6 0 0 0
632 1
633 -1 -1 13361 8 0 0 1 0 1 0 2 0 43 1
634 -1 -1 13360 8 0 0 1 18 0 0 0 2 12 6680 2254 3082 912 894 1 3340 4965 1506 -307 6280 297 1670 -3133 -2487 4133 3321 244 835 -1665 -501 -4427 5874 278 0
635 0
636 0
637 0
638 1
639 -1 -1 13359 8 0 0 0 36 5 0 1 13 0 1
640 -1 -1 13358 8 0 0 0 0 34 0 6 0 0 6679 3210 2968 -3097 -6791 370 0
641 1
642 -1 -1 13357 8 0 0 0 7 4 0 2 0 0 1
643 -1 -1 13356 8 0 1 0 2 5 3 0 121 0 6678 4316 -2315 -1097 7588 387 3339 99 -3354 1137 -7945 6 0
644 1
645 -1 -1 6677 8 0 1 0 0 2 2 33 22 0 0
646 1
647 -1 -1 13353 8 0 12 1 4 58 0 0 8 55 1
648 -1 -1 13352 8 0 15 12 21 23 4 3 16 2 6676 2644 3953 -2884 2967 329 3338 4518 -6236 3070 -262 26 1669 2522 2377 1787 -299 9 0
649 0
650 1
651 -1 -1 6675 8 0 2 3 11 1 0 4 33 0 0
652 1
653 -1 -1 13349 8 0 2 0 1 8 0 1 1 125 1
654 -1 -1 13348 8 0 3 1 6 2 40 0 17 82 6674 4894 -5084 -1508 -3209 248 3337 -4715 4343 463 -6388 46 0
655 0
656 1
657 -1 -1 13347 8 0 0 0 0 0 0 0 3 9 1
658 -1 -1 13346 8 0 0 0 56 1 0 0 2 3 6673 952 -4941 -1504 -808 128 0
659 1
660 -1 -1 13345 8 0 0 0 0 0 0 1 0 18 1
661 -1 -1 13344 8 0 7 13 20 11 4 7 46 5 6672 1533 -6377 -1693 -3828 331 3336 3630 -4141 -3848 -4266 353 1668 1808 -2525 -4077 -4198 274 834 483 347 -4786 7519 319 417 4114 -6703 851 5476 396 0
662 0
663 0
664 0
665 0
666 1
667 -1 -1 13343 8 0 0 0 19 31 1 6 1 0 1
668 -1 -1 13342 8 0 0 0 90 6 4 0 1 0 6671 4639 1099 -4934 4890 244 0
669 1
670 -1 -1 13341 8 0 0 1 5 0 0 6 0 14 1
671 -1 -1 13340 8 0 0 1 11 22 37 5 9 0 6670 -3384 -1616 4026 8 241 3335 3337 7405 -4224 -544 42 0
672 0
673 1
674 -1 -1 13339 8 0 1 2 0 36 11 5 167 15 1
675 -1 -1 13338 8 0 1 1 0 11 0 1 1 24 6669 4096 4896 -908 2664 9 0
676 1
677 -1 -1 13337 8 0 0 2 0 2 0 0 21 3 1
678 -1 -1 13336 8 0 1 7 58 13 22 5 8 13 6668 1309 4588 2951 -7310 227 3334 -219 -195 -4336 -2866 3 1667 -1059 -3131 -4678 -7018 16 0
679 0
680 0
681 1
682 -1 -1 13335 8 0 0 61 0 0 0 0 0 0 1
683 -1 -1 13334 8 0 0 9 0 0 2 0 0 17 6667 3161 4544 524 567 15 0
684 1
685 -1 -1 13333 8 0 2 77 65 10 36 1 21 21 1
686 -1 -1 13332 8 0 1 20 95 4 64 2 1 4 6666 -84 -575 -1127 4671 223 3333 2631 -98 -1825 3066 328 0
687 0
688 1
689 -1 -1 13331 8 0 0 8 75 3 50 0 22 4 1
690 -1 -1 13330 8 0 1 23 25 32 382 17 68 8 6665 4944 64 3387 -5807 285 0
691 1
692 -1 -1 13329 8 0 3 34 50 8 17 0 163 2 1
693 -1 -1 13328 8 0 0 121 102 57 150 13 80 64 6664 -272 -1221 -3394 5287 250 3332 4861 200 -3895 4918 238 1666 4126 5602 -239 6550 336 833 -4371 -2310 -4637 5398 190 0
694 0
695 0
696 1
697 -1 -1 6663 8 0 1 1 44 4 4 0 0 0 1
698 -1 -1 6662 8 0 1 17 5 2 8 1 21 1 3331 1863 -2342 3188 4793 26 0
699 1
700 -1 -1 6661 8 0 1 0 3 0 0 1 53 2 0
701 1
702 -1 -1 13321 8 0 12 3 5 0 7 0 0 1 1
703 -1 -1 13320 8 0 1 2 18 14 3 0 23 211 6660 4986 7444 870 -7111 389 3330 465 -343 4166 2130 329 1665 3571 -7644 -3169 2706 185 0
704 0
705 0
706 1
707 -1 -1 13319 8 0 0 33 5 2 0 0 5 0 1
708 -1 -1 13318 8 0 0 2 5 2 0 0 19 64 6659 2712 21 -2390 -5231 193 0
709 1
710 -1 -1 13317 8 0 0 14 14 10 28 0 10 8 1
711 -1 -1 13316 8 0 1 302 62 67 20 1 7 26 6658 4375 6526 -3945 -7929 302 3329 -998 -407 4636 1536 152 0
712 0
713 1
714 -1 -1 13315 8 0 0 83 17 2 3 1 27 23 1
715 -1 -1 13314 8 0 0 13 64 30 48 1 83 24 6657 342 714 91 -3060 242 0
716 1
717 -1 -1 13313 8 0 9 156 197 43 33 1 22 15 1
718 -1 -1 13312 8 0 8 40 107 55 108 18 19 25 6656 4271 -7015 479 -1684 11 3328 739 871 -960 -7166 175 1664 3452 -3759 -1428 -6737 144 832 3353 266 1393 -4652 306 416 4316 5474 3050 -661 14 208 2865 -3869 -3605 4981 310 104 329 -769 4310 5944 193 52 134 -423 912 3521 400 26 2834 6196 4613 -1952 332 13 -3557 -5461 -3277 6771 321 0
719 0
720 0
721 0
722 0
723 1
724 -1 -1 415 8 0 3 0 0 7 0 20 5 0 0
725 1
726 -1 -1 829 8 0 1 0 0 9 0 0 0 0 1
727 -1 -1 828 8 0 2 0 0 8 46 2 3 1 414 -986 -865 -4301 6849 22 207 -27 5782 -3616 6042 12 0
728 0
729 1
730 -1 -1 827 8 0 43 0 12 1 0 3 0 3 0
731 1
732 -1 -1 1653 8 0 3 2 0 3 0 10 0 0 0
733 1
734 -1 -1 3305 8 0 2 2 3 0 1 6 0 0 0
735 1
736 -1 -1 6609 8 0 1 0 0 0 0 0 0 63 1
737 -1 -1 6608 8 0 4 0 0 3 0 0 0 9 3304 2192 6017 1138 -658 16 1652 2560 2252 1806 3044 3 826 -2215 2272 961 -705 198 413 -633 7546 1361 464 396 0
738 1
739 -1 -1 825 8 0 17 1 0 24 0 1 0 3 1
740 -1 -1 824 8 0 14 0 36 6 0 0 0 0 412 331 7121 778 3576 0 206 -273 6847 4652 -291 258 103 4103 5697 1208 6713 11 0
741 0
742 0
743 1
744 -1 -1 823 8 0 1 0 0 2 21 35 4 0 0
745 1
746 -1 -1 1645 8 0 3 0 0 1 3 0 27 0 1
747 -1 -1 1644 8 0 0 0 4 11 0 0 0 29 822 -961 -1792 3999 -4014 398 411 -3863 4521 -1797 -4890 313 0
748 0
749 1
750 -1 -1 1643 8 0 4 6 22 0 0 0 0 16 1
751 -1 -1 1642 8 0 37 0 7 2 0 11 0 0 821 4241 -5953 -1286 -3843 89 0
752 0
753 1
754 -1 -1 3283 8 0 1 11 2 3 14 0 0 0 0
755 1
756 -1 -1 6565 8 0 0 1 0 1 2 0 0 2 0
757 1
758 -1 -1 13129 8 0 0 10 0 3 0 0 0 0 1
759 -1 -1 13128 8 0 0 162 0 0 0 0 0 0 6564 -3048 -3703 -3901 2237 368 3282 329 5306 3476 0 23 1641 -3640 2700 -3183 -2186 350 0
760 0
761 0
762 1
763 -1 -1 13127 8 0 5 13 1 21 0 36 0 0 1
764 -1 -1 13126 8 0 0 4 0 1 7 0 0 5 6563 -4340 -1598 -2662 -5602 177 0
765 1
766 -1 -1 13125 8 0 4 0 4 0 31 0 0 0 1
767 -1 -1 13124 8 0 7 0 10 15 2 2 0 4 6562 4160 1429 -2672 3112 17 3281 2705 5280 -3671 2389 12 0
768 1
769 -1 -1 6561 8 0 1 0 18 13 0 0 0 4 0
770 1
771 -1 -1 13121 8 0 1 52 0 5 0 0 0 0 1
772 -1 -1 13120 8 0 0 39 1 62 0 9 1 3 6560 -1855 -2315 4635 4856 336 3280 -2016 7962 -4881 -1406 370 1640 -641 2339 4148 -6331 380 820 4787 4467 -4618 754 374 410 3039 7969 287 -610 82 205 4754 876 43 6321 28 0
773 0
774 0
775 0
776 1
777 -1 -1 3279 8 0 2 0 13 0 4 0 4 6 1
778 -1 -1 3278 8 0 0 3 4 5 38 0 0 0 1639 -1659 6488 4777 145 381 0
779 1
780 -1 -1 3277 8 0 0 3 0 0 0 0 0 1 0
781 1
782 -1 -1 6553 8 0 0 0 0 2 0 0 0 0 1
783 -1 -1 6552 8 0 0 0 68 1 0 0 0 0 3276 -4426 -2596 174 -2125 24 1638 4247 6417 1557 1794 79 819 -3013 6345 4621 662 330 0
784 0
785 1
786 -1 -1 3275 8 0 0 0 21 0 17 1 0 1 1
787 -1 -1 3274 8 0 2 13 7 13 0 4 2 9 1637 -1763 7790 3937 1816 384 0
788 0
789 1
790 -1 -1 6547 8 0 0 13 0 3 44 0 0 4 0
791 1
792 -1 -1 13093 8 0 0 1 36 0 0 0 0 1 1
793 -1 -1 13092 8 0 1 32 12 0 0 1 0 1 6546 819 -762 -4114 -6992 310 3273 -4455 7005 -2253 4157 16 0
794 1
795 -1 -1 6545 8 0 3 4 13 6 4 0 5 1 0
796 1
797 -1 -1 13089 8 0 0 430 13 18 3 0 0 1 1
798 -1 -1 13088 8 0 3 157 70 3 4 0 2 3 6544 825 -991 -4727 -6132 270 3272 -1506 -5485 2067 -7735 1 1636 95 1251 4477 434 283 818 -3959 -4541 3960 -613 19 409 -2398 438 4654 1305 282 0
799 0
800 1
801 -1 -1 1635 8 0 0 6 2 0 11 0 29 6 0
802 0
803 0
804 1
805 -1 -1 13079 8 0 0 46 80 3 0 0 1 0 1
806 -1 -1 13078 8 0 0 46 5 0 0 0 1 0 6539 2220 6171 -3060 6797 10 0
807 1
808 -1 -1 13077 8 0 0 15 1 0 0 0 1 0 1
809 -1 -1 13076 8 0 0 13 225 9 15 2 1 0 6538 -2129 7559 943 -4220 337 3269 -1017 1131 4025 1233 138 0
810 1
811 -1 -1 6537 8 0 0 7 4 3 8 0 0 19 0
812 1
813 -1 -1 13073 8 0 0 8 0 1 4 0 0 0 1
814 -1 -1 13072 8 0 0 1 48 17 1 0 1 0 6536 -626 -5732 -2237 2742 217 3268 2931 5940 -4425 3601 280 1634 3479 5457 2073 -6187 111 817 3510 4741 2645 -6647 400 0
815 0
816 1
817 -1 -1 3267 8 0 1 0 0 6 0 0 0 6 0
818 1
819 -1 -1 6533 8 0 0 2 3 0 0 0 3 7 1
820 -1 -1 6532 8 0 0 0 3 0 0 0 56 0 3266 4879 -6295 1233 4876 39 1633 -2424 -3241 -1368 4673 20 0
821 0
822 1
823 -1 -1 6531 8 0 1 0 0 0 0 0 10 5 1
824 -1 -1 6530 8 0 0 5 43 2 1 0 8 0 3265 4720 -7170 1649 -2781 78 0
825 1
826 -1 -1 6529 8 0 0 23 3 4 2 0 16 2 1
827 -1 -1 6528 8 0 1 10 4 13 27 3 0 0 3264 3514 6425 -481 2112 18 1632 211 3735 -1536 -6715 271 816 -4807 -2590 477 3992 11 408 1956 5959 -2423 378 17 204 -2795 6947 3018 -3912 286 102 -574 550 -2992 -6093 339 51 566 294 -3217 -4193 400 0
828 0
829 0
830 0
831 0
832 0
833 1
834 -1 -1 3263 8 0 3 0 0 8 0 5 0 9 0
835 1
836 -1 -1 6525 8 0 8 0 0 6 0 0 0 0 0
837 1
838 -1 -1 13049 8 0 6 2 0 15 0 1 0 0 1
839 -1 -1 13048 8 0 0 41 0 5 0 0 0 0 6524 4031 -522 -4504 -4271 21 3262 539 -239 -3363 7954 0 1631 -4112 -2505 -4317 6928 2 1
840 -1 -1 1630 8 0 2 1 8 7 7 0 7 0 815 -2193 -452 3213 -4100 10 0
841 0
842 1
843 -1 -1 3259 8 0 0 10 0 1 0 0 24 0 1
844 -1 -1 3258 8 0 2 1 40 0 0 0 7 0 1629 2511 4664 -4220 -1094 381 0
845 1
846 -1 -1 3257 8 0 0 0 0 12 0 0 27 0 0
847 0
848 1
849 -1 -1 13027 8 0 0 0 0 0 0 0 5 0 1
850 -1 -1 13026 8 0 0 0 0 2 0 0 1 72 6513 4299 -844 851 -1149 50 1
851 -1 -1 6512 8 0 2 1 1 0 3 0 3 0 3256 3538 1667 -3901 -6983 179 1628 3098 -1111 -2608 -7052 368 814 4340 7379 1177 -6740 376 407 -3331 1544 1509 -3881 2 0
852 0
853 1
854 -1 -1 1627 8 0 1 0 0 7 0 1 42 1 0
855 1
856 -1 -1 3253 8 0 2 0 1 10 29 0 10 0 0
857 1
858 -1 -1 6505 8 0 0 0 2 29 2 0 3 6 0
859 1
860 -1 -1 13009 8 0 2 1 0 4 0 16 0 1 1
861 -1 -1 13008 8 0 27 0 2 48 1 6 4 1 6504 1594 101 1605 5379 11 3252 3911 4894 4151 2656 4 1626 3501 -1945 4934 3829 19 813 -1636 2513 -4168 7313 346 0
862 0
863 1
864 -1 -1 3251 8 0 5 0 0 22 0 4 0 0 0
865 1
866 -1 -1 6501 8 0 0 0 0 7 0 0 1 0 0
867 1
868 -1 -1 13001 8 0 2 0 0 10 0 14 0 0 1
869 -1 -1 13000 8 0 1 0 0 2 0 54 0 0 6500 1616 -3976 -3954 7038 3 3250 4945 7412 -1332 7313 17 1625 -1206 141 1120 -4751 34 1
870 -1 -1 1624 8 0 9 0 0 10 0 9 6 34 812 -1046 905 4409 -6579 3 406 2990 -668 -1267 1577 1 203 4036 2956 3285 -3397 27 0
871 0
872 0
873 0
874 0
875 0
876 1
877 -1 -1 12991 8 0 0 0 0 0 1 0 0 0 1
878 -1 -1 12990 8 0 0 0 113 0 0 0 0 0 6495 2896 943 3364 7228 272 1
879 -1 -1 6494 8 0 0 1 2 2 0 0 0 1 3247 2354 5500 1063 1070 29 1
880 -1 -1 3246 8 0 0 0 2 0 0 0 1 21 1623 2352 6303 -1223 3366 12 0
881 0
882 0
883 1
884 -1 -1 12983 8 0 0 0 0 0 10 0 0 0 1
885 -1 -1 12982 8 0 0 0 86 3 3 0 0 0 6491 -2323 -1336 1275 -5130 255 1
886 -1 -1 6490 8 0 0 0 9 0 35 0 0 0 3245 2222 4850 3590 -521 22 0
887 0
888 1
889 -1 -1 12979 8 0 0 0 9 3 0 0 0 5 1
890 -1 -1 12978 8 0 0 0 3 1 82 0 0 0 6489 3001 -4592 1772 -7046 217 1
891 -1 -1 6488 8 0 2 0 0 2 0 2 11 1 3244 3902 2888 -2882 -4197 229 1622 -2518 2092 -4910 -4473 181 811 946 7992 -4691 -7245 323 0
892 0
893 0
894 1
895 -1 -1 6487 8 0 1 3 0 7 0 0 1 1 0
896 1
897 -1 -1 12973 8 0 0 0 0 26 223 0 0 1 1
898 -1 -1 12972 8 0 0 0 2 12 10 0 0 1 6486 4475 1819 2696 -438 1 3243 514 6114 -2510 -4644 339 1
899 -1 -1 3242 8 0 0 0 24 4 3 1 0 0 1621 4765 6583 806 -7449 2 0
900 1
901 -1 -1 3241 8 0 1 0 42 15 1 0 0 0 0
902 1
903 -1 -1 6481 8 0 0 0 0 1 13 0 0 3 1
904 -1 -1 6480 8 0 0 0 1 52 0 5 1 7 3240 2820 -4349 1344 5271 31 1620 1405 4873 4348 -6389 265 810 297 1236 -4014 1474 15 405 4202 3260 868 13 41 0
905 0
906 0
907 0
908 1
909 -1 -1 6479 8 0 0 0 1 0 0 0 0 33 1
910 -1 -1 6478 8 0 0 0 7 9 30 0 0 4 3239 4602 -7139 -4162 -5047 310 0
911 1
912 -1 -1 6477 8 0 2 0 0 1 0 1 0 0 0
913 1
914 -1 -1 12953 8 0 0 0 0 2 0 0 0 0 1
915 -1 -1 12952 8 0 0 0 0 1 0 0 0 118 6476 3775 7485 2419 2876 311 3238 140 1121 477 -4579 315 1619 3708 2910 2505 -5381 5 0
916 1
917 -1 -1 3237 8 0 0 0 0 2 16 0 0 2 0
918 1
919 -1 -1 6473 8 0 0 0 1 12 0 18 0 4 0
920 1
921 -1 -1 12945 8 0 2 0 9 0 0 0 0 0 1
922 -1 -1 12944 8 0 0 1 4 47 0 0 3 5 6472 2828 -3170 -745 7435 394 3236 4645 -5686 4211 -1279 25 1618 1467 2679 -1874 1897 33 809 3567 5942 -3983 3434 58 0
923 0
924 1
925 -1 -1 3235 8 0 0 0 0 1 0 0 0 33 0
926 1
927 -1 -1 6469 8 0 1 9 0 5 8 0 0 4 0
928 1
929 -1 -1 12937 8 0 6 0 14 28 10 0 2 0 1
930 -1 -1 12936 8 0 0 0 118 30 5 0 0 1 6468 -2970 7324 -1988 -5737 255 3234 -483 7030 -1499 -3845 295 1617 -2991 6324 99 3160 271 0
931 1
932 -1 -1 3233 8 0 3 42 0 4 0 6 2 0 0
933 1
934 -1 -1 6465 8 0 0 2 27 5 0 0 0 2 0
935 1
936 -1 -1 12929 8 0 2 20 0 9 4 0 4 11 1
937 -1 -1 12928 8 0 13 1 0 53 3 0 2 6 6464 4208 -535 -390 -1393 28 3232 4119 -933 -1347 -7840 249 1616 -883 -1943 -450 -7545 251 808 1674 4054 -2486 -6714 247 404 4822 -3932 -3037 -7494 299 202 592 6690 91 50 14 101 464 6708 -4024 -6784 350 0
938 0
939 0
940 1
941 -1 -1 807 8 0 0 0 46 3 0 0 6 3 0
942 1
943 -1 -1 1613 8 0 2 0 0 0 0 0 29 4 0
944 1
945 -1 -1 3225 8 0 2 6 21 2 0 0 0 1 0
946 1
947 -1 -1 6449 8 0 1 10 0 2 0 0 5 6 0
948 1
949 -1 -1 12897 8 0 0 2 12 1 0 0 5 11 1
950 -1 -1 12896 8 0 1 2 7 11 0 1 3 230 6448 -598 4314 -4128 6380 344 3224 -4261 6248 1085 4869 53 1612 689 1341 -546 -3120 381 806 3845 -1386 986 -3196 372 403 1988 810 -3274 6073 342 0
951 0
952 1
953 -1 -1 1611 8 0 0 48 3 3 0 0 0 0 0
954 0
955 1
956 -1 -1 6443 8 0 0 1 0 4 0 0 1 21 0
957 1
958 -1 -1 12885 8 0 0 5 188 7 0 1 3 3 1
959 -1 -1 12884 8 0 0 4 0 0 0 0 0 15 6442 -1875 -4825 -2348 -6305 0 3221 -1454 437 -1841 -5692 283 0
960 0
961 1
962 -1 -1 12883 8 0 0 1 0 0 0 0 2 23 1
963 -1 -1 12882 8 0 0 20 3 12 3 3 0 3 6441 -442 -6526 -2388 -697 22 0
964 1
965 -1 -1 12881 8 0 0 0 44 10 0 0 0 5 1
966 -1 -1 12880 8 0 1 6 7 47 11 0 0 13 6440 3470 -3890 4846 -916 290 3220 -1310 6762 -4240 -5787 399 1610 547 3611 235 -1278 24 805 -1041 -2998 -1734 2620 359 0
967 0
968 0
969 0
970 1
971 -1 -1 12879 8 0 0 13 0 0 0 0 0 4 1
972 -1 -1 12878 8 0 0 7 0 4 0 0 0 133 6439 2430 4521 -2533 6467 1 1
973 -1 -1 6438 8 0 0 19 0 1 2 0 0 2 3219 -4829 6576 -2415 -6699 310 0
974 1
975 -1 -1 6437 8 0 0 9 2 1 0 0 0 18 0
976 1
977 -1 -1 12873 8 0 0 10 0 3 0 0 0 0 1
978 -1 -1 12872 8 0 0 116 0 0 0 0 0 0 6436 2430 -7681 -4890 -1867 23 3218 -3234 3196 840 -5819 348 1609 -4046 1782 -942 -2725 35 0
979 1
980 -1 -1 3217 8 0 0 35 5 5 0 0 3 3 0
981 1
982 -1 -1 6433 8 0 0 7 0 4 1 0 2 18 0
983 1
984 -1 -1 12865 8 0 1 1 2 8 4 2 0 15 1
985 -1 -1 12864 8 0 0 1 66 7 9 0 2 9 6432 -4894 648 3330 -4112 18 3216 3928 -103 3044 -3510 280 1608 -982 400 3115 1393 224 804 -4854 5664 3675 1660 248 402 1911 -5013 -4635 -5289 3 201 -2136 6710 -2856 -2620 327 0
986 0
987 0
988 1
989 -1 -1 1607 8 0 16 0 6 24 0 0 5 1 0
990 1
991 -1 -1 3213 8 0 6 0 0 9 0 49 0 1 0
992 1
993 -1 -1 6425 8 0 5 0 0 15 0 26 0 0 1
994 -1 -1 6424 8 0 15 1 0 36 2 0 0 0 3212 -1119 -885 981 -801 0 1606 -689 1108 -3744 4936 17 803 -4955 -3138 3111 -6314 0 0
995 1
996 -1 -1 1605 8 0 11 10 1 6 0 25 0 12 0
997 1
998 -1 -1 3209 8 0 6 0 7 5 0 0 0 50 1
999 -1 -1 3208 8 0 8 0 7 15 0 3 0 0 1604 1790 7435 -95 -7280 264 802 3053 -6332 4014 6157 24 401 -2944 7564 -4640 -4938 317 0
1000 0
1001 0
1002 1
1003 -1 -1 3207 8 0 14 0 5 3 0 0 2 2 1
1004 -1 -1 3206 8 0 3 0 7 1 0 0 45 1 1603 -93 395 3258 -6579 390 0
1005 1
1006 -1 -1 3205 8 0 9 2 2 2 0 0 7 16 1
1007 -1 -1 3204 8 0 5 34 0 3 0 0 0 2 1602 497 7522 4450 -5945 392 801 -790 909 -3891 -1000 301 0
1008 0
1009 0
1010 1
1011 -1 -1 6407 8 0 0 0 0 0 0 2 0 46 1
1012 -1 -1 6406 8 0 0 2 0 10 0 0 0 17 3203 -2692 783 -2484 7104 16 0
1013 0
1014 1
1015 -1 -1 12811 8 0 0 1 0 0 0 2 0 39 1
1016 -1 -1 12810 8 0 0 9 0 7 0 1 0 11 6405 -4713 7351 1740 -2480 268 0
1017 1
1018 -1 -1 12809 8 0 3 5 42 8 0 5 0 0 1
1019 -1 -1 12808 8 0 1 126 23 9 2 1 0 13 6404 -48 -7253 3607 7192 283 3202 879 6859 -3983 -4311 344 1601 2496 -6170 -2829 371 256 0
1020 0
1021 1
1022 -1 -1 6403 8 0 2 1 0 6 0 0 0 44 0
1023 1
1024 -1 -1 12805 8 0 0 0 2 0 0 0 0 10 1
1025 -1 -1 12804 8 0 4 28 1 63 0 5 5 7 6402 -1102 -4481 249 400 276 3201 2657 -4928 -2502 7110 311 0
1026 1
1027 -1 -1 6401 8 0 1 21 23 4 5 0 0 0 0
1028 1
1029 -1 -1 12801 8 0 18 15 0 6 0 1 0 0 1
1030 -1 -1 12800 8 0 13 9 9 33 19 8 11 12 6400 -1163 4442 3941 -4455 334 3200 4406 7606 4250 -3253 20 1600 4584 -6223 -4880 -1718 188 800 30 4451 -101 729 3 400 -1346 6792 -3953 -2443 358 200 4546 -754 -3180 -5265 303 100 -1560 7317 244 -522 15 50 4578 3030 1315 -6543 7 25 4174 7620 4896 -3415 277 0
1031 0
1032 0
1033 0
1034 0
1035 0
1036 1
1037 -1 -1 1599 8 0 0 3 23 4 1 0 0 0 0
1038 0
1039 1
1040 -1 -1 6395 8 0 0 0 0 16 0 0 0 0 0
1041 1
1042 -1 -1 12789 8 0 1 6 0 8 0 0 0 0 1
1043 -1 -1 12788 8 0 0 58 0 3 0 0 0 0 6394 -2264 -6424 -687 -1077 400 3197 2146 5676 1474 7859 4 1
1044 -1 -1 3196 8 0 4 12 9 2 0 1 0 1 1598 -1058 -6993 1593 7841 198 799 2814 -494 4808 -2685 201 0
1045 1
1046 -1 -1 1597 8 0 1 2 8 15 3 1 0 2 1
1047 -1 -1 1596 8 0 5 4 2 5 0 0 0 35 798 254 -5373 -6 7984 156 399 2329 7256 -1400 7232 3 0
1048 0
1049 1
1050 -1 -1 1595 8 0 3 1 2 13 1 20 0 10 1
1051 -1 -1 1594 8 0 0 2 18 11 1 0 0 2 797 -1548 2448 4089 -2068 22 0
1052 1
1053 -1 -1 1593 8 0 0 0 1 0 46 0 4 0 1
1054 -1 -1 1592 8 0 7 5 3 20 8 1 0 1 796 1730 7256 -173 233 43 398 442 1075 4679 -1293 0 199 4168 -5998 -3888 -2412 180 0
1055 0
1056 0
1057 0
1058 1
1059 -1 -1 3183 8 0 5 1 0 0 0 0 0 0 1
1060 -1 -1 3182 8 0 2 0 1 2 61 0 1 0 1591 -3805 -2412 4429 -1464 302 1
1061 -1 -1 1590 8 0 6 0 6 5 3 5 41 0 795 4813 -6706 -748 -5982 5 0
1062 0
1063 1
1064 -1 -1 3179 8 0 56 0 0 0 0 8 0 0 1
1065 -1 -1 3178 8 0 20 0 45 2 1 0 0 0 1589 -3160 -6780 3662 -1685 14 0
1066 1
1067 -1 -1 3177 8 0 5 0 0 2 1 14 0 0 0
1068 1
1069 -1 -1 6353 8 0 9 1 0 3 19 0 0 0 0
1070 1
1071 -1 -1 12705 8 0 59 0 0 2 0 0 0 1 1
1072 -1 -1 12704 8 0 2 3 0 2 2 0 0 0 6352 3383 3958 -2405 -4226 339 3176 1652 -5887 2581 -1992 14 1588 -2467 -343 4042 -5272 0 794 -3176 -1948 207 -266 5 397 -3248 -3490 3782 -296 233 0
1073 0
1074 1
1075 -1 -1 1587 8 0 3 0 6 4 1 4 0 34 1
1076 -1 -1 1586 8 0 8 0 3 7 0 29 9 1 793 -1081 7309 -2223 -4474 89 0
1077 0
1078 0
1079 1
1080 -1 -1 6343 8 0 1 6 11 1 23 0 2 0 1
1081 -1 -1 6342 8 0 3 0 4 3 11 6 6 33 3171 4066 6165 -4378 -3227 234 0
1082 1
1083 -1 -1 6341 8 0 0 1 34 2 2 0 1 0 0
1084 1
1085 -1 -1 12681 8 0 1 0 13 8 119 1 4 5 1
1086 -1 -1 12680 8 0 1 0 42 2 35 3 0 0 6340 -775 3802 786 -7354 9 3170 3356 -3817 -1225 6168 26 1585 4845 4615 285 -3104 67 0
1087 0
1088 1
1089 -1 -1 6339 8 0 0 0 12 2 2 0 37 0 0
1090 1
1091 -1 -1 12677 8 0 1 1 37 3 10 4 0 0 1
1092 -1 -1 12676 8 0 0 0 6 3 35 4 5 0 6338 4193 2129 165 4406 4 3169 -2094 -2016 4091 4834 246 0
1093 1
1094 -1 -1 6337 8 0 2 7 18 21 0 0 5 4 0
1095 1
1096 -1 -1 12673 8 0 0 2 0 2 7 0 0 1 1
1097 -1 -1 12672 8 0 15 0 0 16 0 16 11 0 6336 -4647 -2068 -2205 109 3 3168 -2491 -6778 -1096 -715 0 1584 2845 7855 -234 166 42 792 190 4024 -345 1077 14 396 -1996 -3270 630 -5671 291 198 3176 7661 -644 -1146 396 99 1230 -7809 4780 7362 19 0
1098 0
1099 0
1100 0
1101 0
1102 0
1103 1
1104 -1 -1 6335 8 0 2 0 0 0 0 0 0 0 0
1105 1
1106 -1 -1 12669 8 0 0 0 0 0 0 101 0 0 1
1107 -1 -1 12668 8 0 2 0 0 0 0 1 0 0 6334 -4608 -6347 3721 -6159 273 3167 3376 -6820 3057 351 359 1
1108 -1 -1 3166 8 0 7 0 0 0 0 0 0 0 1583 3516 130 -4141 -1957 124 0
1109 0
1110 0
1111 1
1112 -1 -1 12663 8 0 0 0 0 0 0 0 9 0 1
1113 -1 -1 12662 8 0 39 0 0 1 0 35 0 0 6331 -493 -1410 1935 293 70 0
1114 1
1115 -1 -1 12661 8 0 1 0 0 2 2 1 0 0 1
1116 -1 -1 12660 8 0 62 0 3 0 0 2 0 0 6330 -4509 -1296 -912 6765 3 3165 2277 -6468 3244 -2305 7 1
1117 -1 -1 3164 8 0 3 9 16 5 0 1 0 1 1582 -3403 7404 2560 -770 329 791 538 -7619 -3538 -4233 369 0
1118 0
1119 1
1120 -1 -1 3163 8 0 2 0 1 4 0 0 52 0 1
1121 -1 -1 3162 8 0 1 0 2 2 8 5 1 0 1581 -4681 2638 -1150 -5322 60 0
1122 0
1123 1
1124 -1 -1 6323 8 0 1 1 0 4 0 54 0 0 1
1125 -1 -1 6322 8 0 3 19 0 28 1 12 0 3 3161 1921 3665 -2279 2963 23 0
1126 0
1127 1
1128 -1 -1 12643 8 0 1 0 0 1 2 9 0 0 1
1129 -1 -1 12642 8 0 0 5 8 18 0 3 0 90 6321 4673 3893 -4856 2333 32 0
1130 1
1131 -1 -1 12641 8 0 4 0 3 15 0 20 1 8 1
1132 -1 -1 12640 8 0 8 3 0 2 0 1 5 0 6320 -2289 4124 -4545 -3176 10 3160 -3445 1411 -3524 -6113 20 1580 -1661 6896 -4902 2740 23 790 3273 6804 -40 -119 73 395 -2198 5177 -844 7573 0 0
1133 0
1134 0
1135 0
1136 1
1137 -1 -1 6319 8 0 0 0 24 0 0 0 0 0 1
1138 -1 -1 6318 8 0 0 2 1 2 58 1 0 1 3159 1230 -1371 2569 -3877 299 0
1139 0
1140 1
1141 -1 -1 12635 8 0 0 0 52 7 9 1 1 13 1
1142 -1 -1 12634 8 0 2 0 4 10 1 8 0 28 6317 4129 4763 4794 -7037 40 0
1143 1
1144 -1 -1 12633 8 0 1 41 5 14 22 0 21 25 1
1145 -1 -1 12632 8 0 0 4 37 33 13 0 12 5 6316 331 7815 2729 -4345 338 3158 -4281 4659 4498 -2729 358 1579 3454 -7173 -325 -6256 302 0
1146 0
1147 1
1148 -1 -1 6315 8 0 1 3 9 9 0 2 13 0 0
1149 1
1150 -1 -1 12629 8 0 0 0 0 11 0 0 0 0 1
1151 -1 -1 12628 8 0 2 1 98 9 0 2 0 0 6314 -2873 1738 -905 -4598 44 3157 2082 -2065 -377 50 8 0
1152 1
1153 -1 -1 6313 8 0 0 0 3 0 0 38 0 0 0
1154 1
1155 -1 -1 12625 8 0 2 5 14 3 11 0 21 1 1
1156 -1 -1 12624 8 0 6 53 77 61 11 29 5 6 6312 -3582 6433 207 591 215 3156 -1126 -5081 4656 -1649 400 1578 1322 -6672 -2835 -2469 3 789 -2665 2967 2368 1255 16 0
1157 0
1158 0
1159 1
1160 -1 -1 6311 8 0 0 17 3 11 18 2 0 1 1
1161 -1 -1 6310 8 0 1 9 5 34 2 7 5 6 3155 2950 2856 3861 -1119 49 0
1162 1
1163 -1 -1 6309 8 0 1 1 0 6 0 0 5 51 1
1164 -1 -1 6308 8 0 3 15 0 5 2 0 3 0 3154 -104 2886 -1506 -6492 9 1577 -496 6014 -3519 -7280 58 0
1165 0
1166 0
1167 1
1168 -1 -1 12615 8 0 0 0 0 3 14 1 1 4 1
1169 -1 -1 12614 8 0 5 3 2 119 6 37 0 4 6307 -2355 -391 -4147 1755 4 0
1170 1
1171 -1 -1 12613 8 0 0 0 28 41 103 4 115 0 1
1172 -1 -1 12612 8 0 5 9 6 21 6 17 16 3 6306 4251 243 -1328 -3082 11 3153 -734 6894 2509 4413 9 0
1173 0
1174 1
1175 -1 -1 12611 8 0 9 0 31 102 11 28 4 2 1
1176 -1 -1 12610 8 0 79 2 4 59 1 39 3 0 6305 4138 7721 4982 -3616 22 0
1177 1
1178 -1 -1 12609 8 0 4 1 6 19 0 19 0 3 1
1179 -1 -1 12608 8 0 9 7 6 12 0 0 30 1 6304 -3727 2590 3359 -1344 1 3152 2660 5519 2434 -3466 1 1576 980 2947 1441 -2166 15 788 1439 7512 -1700 -3881 210 394 231 7993 4975 -1654 243 197 -4741 3221 2187 -7872 396 0
1180 0
1181 0
1182 1
1183 -1 -1 1575 8 0 0 0 0 0 6 0 0 10 0
1184 1
1185 -1 -1 3149 8 0 0 0 0 1 8 0 0 0 0
1186 0
1187 1
1188 -1 -1 12595 8 0 0 0 0 1 0 0 74 0 1
1189 -1 -1 12594 8 0 0 0 2 1 0 0 0 0 6297 3177 5764 1176 -5970 5 1
1190 -1 -1 6296 8 0 4 2 1 11 0 6 20 0 3148 -2460 3589 409 -1953 12 1574 4720 3362 -3653 2243 58 787 4405 -7791 1801 -6099 400 0
1191 0
1192 1
1193 -1 -1 3147 8 0 1 0 9 10 1 10 1 19 1
1194 -1 -1 3146 8 0 0 34 0 6 0 18 0 3 1573 -4794 6727 -605 -3619 31 0
1195 0
1196 1
1197 -1 -1 6291 8 0 0 3 0 1 2 0 1 15 1
1198 -1 -1 6290 8 0 2 0 4 0 34 8 0 0 3145 -3493 -6708 4674 -3204 265 0
1199 0
1200 1
1201 -1 -1 12579 8 0 6 2 10 19 5 14 0 2 1
1202 -1 -1 12578 8 0 5 2 6 14 22 1 25 0 6289 -2117 5794 3695 4860 1 0
1203 1
1204 -1 -1 12577 8 0 1 2 34 2 1 5 1 0 1
1205 -1 -1 12576 8 0 12 0 13 21 0 14 0 0 6288 764 3343 -581 -2284 20 3144 1711 4985 4861 -4371 24 1572 4976 5176 175 2689 51 786 -2072 -4027 1831 -7661 64 393 2977 3246 213 7790 2 0
1206 0
1207 1
1208 -1 -1 1571 8 0 1 0 0 17 0 3 20 0 0
1209 0
1210 0
1211 1
1212 -1 -1 12567 8 0 0 0 0 0 0 8 0 0 1
1213 -1 -1 12566 8 0 0 0 0 0 0 119 0 0 6283 1425 1571 1220 -459 53 1
1214 -1 -1 6282 8 0 0 0 0 2 0 2 0 0 3141 764 2587 -4104 -7788 42 0
1215 0
1216 1
1217 -1 -1 12563 8 0 2 0 0 8 0 141 0 0 1
1218 -1 -1 12562 8 0 8 0 0 53 0 103 2 0 6281 -1743 -3137 -2826 -7716 20 0
1219 1
1220 -1 -1 12561 8 0 8 0 0 34 0 53 0 0 1
1221 -1 -1 12560 8 0 9 0 7 4 0 10 0 4 6280 -1789 7616 -4060 3936 11 3140 3151 7438 -3645 5287 1 1570 -2134 -399 -3192 -2209 22 785 -2925 -7841 -1967 -7646 5 0
1222 0
1223 0
1224 0
1225 1
1226 -1 -1 12559 8 0 23 0 8 122 0 255 0 0 1
1227 -1 -1 12558 8 0 9 0 0 59 0 81 130 5 6279 -1531 5086 3896 2809 4 0
1228 1
1229 -1 -1 12557 8 0 0 0 0 1 17 6 0 0 1
1230 -1 -1 12556 8 0 92 0 2 71 11 245 13 0 6278 2523 4762 -2136 4905 24 3139 -3412 1333 1757 -6945 27 0
1231 0
1232 1
1233 -1 -1 12555 8 0 2 4 8 16 1 45 10 0 1
1234 -1 -1 12554 8 0 19 0 6 149 2 27 7 0 6277 -2176 40 4190 2638 9 0
1235 1
1236 -1 -1 12553 8 0 8 0 38 13 46 8 0 0 1
1237 -1 -1 12552 8 0 26 0 1 22 0 50 0 0 6276 -4235 6656 4497 -2239 7 3138 -528 7913 -571 2311 12 1569 -4660 -170 -1417 -1616 1 0
1238 0
1239 1
1240 -1 -1 6275 8 0 16 0 2 23 0 16 0 6 0
1241 1
1242 -1 -1 12549 8 0 0 0 0 0 9 0 0 7 1
1243 -1 -1 12548 8 0 2 0 2 9 3 1 98 0 6274 4625 1663 -2826 -5295 267 3137 1967 7575 4615 6463 0 0
1244 0
1245 1
1246 -1 -1 12547 8 0 1 0 1 24 1 53 2 0 1
1247 -1 -1 12546 8 0 19 5 16 207 5 42 2 40 6273 3315 3316 -3091 -453 65 0
1248 1
1249 -1 -1 12545 8 0 1 7 2 3 18 1 1 10 1
1250 -1 -1 12544 8 0 55 3 9 60 8 9 7 0 6272 3235 6567 985 -5346 79 3136 -597 -1171 -2846 -5990 9 1568 966 6522 496 -581 180 784 4018 -5704 2506 -7572 2 392 -4044 -7870 4845 -5864 392 196 -1554 -6680 -1175 -3102 0 98 -404 -7731 -806 -5774 0 49 3380 -6188 300 -1171 13 0
1251 0
1252 0
1253 1
1254 -1 -1 391 8 0 1 59 0 2 0 3 0 0 0
1255 1
1256 -1 -1 781 8 0 0 28 1 1 0 0 0 1 0
1257 1
1258 -1 -1 1561 8 0 2 0 0 1 0 5 0 47 1
1259 -1 -1 1560 8 0 0 8 4 5 0 23 0 2 780 2623 5502 -4760 4483 191 390 1579 553 2647 7519 180 195 1607 6962 3059 -2731 269 0
1260 0
1261 1
1262 -1 -1 779 8 0 3 0 44 5 0 4 0 6 1
1263 -1 -1 778 8 0 0 2 6 8 0 0 0 36 389 -23 1026 -4132 341 255 0
1264 0
1265 0
1266 1
1267 -1 -1 3111 8 0 0 40 2 1 0 0 0 14 1
1268 -1 -1 3110 8 0 0 8 13 1 3 1 12 24 1555 4345 4169 4774 1167 59 0
1269 0
1270 0
1271 1
1272 -1 -1 12439 8 0 0 0 1 1 11 0 34 6 1
1273 -1 -1 12438 8 0 0 14 3 11 1 0 34 7 6219 3198 5991 -3539 391 262 0
1274 1
1275 -1 -1 12437 8 0 2 3 0 2 18 0 18 0 1
1276 -1 -1 12436 8 0 2 0 19 3 5 4 10 1 6218 2879 262 -1503 -1087 257 3109 1279 3101 2360 -6196 8 1
1277 -1 -1 3108 8 0 0 9 3 6 16 0 0 16 1554 -3662 -6909 -3562 7448 0 777 1400 2650 491 -4224 321 0
1278 0
1279 0
1280 1
1281 -1 -1 6215 8 0 0 0 62 0 0 0 2 0 1
1282 -1 -1 6214 8 0 1 2 0 0 4 0 0 0 3107 1808 -7620 -735 1463 8 1
1283 -1 -1 3106 8 0 5 2 4 0 0 1 6 14 1553 224 -1157 2294 3338 41 0
1284 1
1285 -1 -1 3105 8 0 4 2 1 10 6 2 33 5 0
1286 0
1287 1
1288 -1 -1 12419 8 0 0 0 10 11 1 0 0 2 1
1289 -1 -1 12418 8 0 2 5 2 2 45 2 1 5 6209 -4350 848 -2999 2587 3 0
1290 1
1291 -1 -1 12417 8 0 6 29 17 80 15 5 7 59 1
1292 -1 -1 12416 8 0 7 138 109 72 33 8 32 35 6208 4165 -6268 -3756 -7949 1 3104 -2552 -5055 2183 3800 313 1552 3549 -250 -1745 -7814 365 776 -112 7883 145 -244 315 388 454 2073 -924 6531 216 194 4516 -5289 -4185 -6301 345 97 -4689 -6585 2064 527 399 0
1293 0
1294 0
1295 0
1296 0
1297 1
1298 -1 -1 3103 8 0 7 0 0 0 0 0 0 1 0
1299 0
1300 1
1301 -1 -1 12411 8 0 0 0 0 0 0 0 81 0 1
1302 -1 -1 12410 8 0 0 0 0 0 0 0 28 0 6205 -2769 -6612 -2878 1770 147 1
1303 -1 -1 6204 8 0 3 0 0 0 0 0 0 0 3102 -2070 -7064 4629 -1402 209 1551 -61 -4741 4949 -999 324 0
1304 0
1305 0
1306 1
1307 -1 -1 12407 8 0 45 0 0 0 2 0 0 0 1
1308 -1 -1 12406 8 0 35 0 2 13 0 0 0 0 6203 -2814 -6151 2194 -5346 3 1
1309 -1 -1 6202 8 0 2 5 1 2 0 0 0 4 3101 -4471 7166 1977 -6562 307 1
1310 -1 -1 3100 8 0 6 0 11 2 15 2 0 0 1550 -4500 -1485 -3128 2367 5 775 1502 -4216 4602 -1933 202 0
1311 1
1312 -1 -1 1549 8 0 14 21 0 3 3 0 0 6 0
1313 1
1314 -1 -1 3097 8 0 9 0 18 1 0 2 0 3 0
1315 0
1316 1
1317 -1 -1 12387 8 0 72 0 0 1 0 0 0 1 1
1318 -1 -1 12386 8 0 0 0 0 2 0 1 0 0 6193 2874 6621 -1151 803 27 0
1319 1
1320 -1 -1 12385 8 0 20 0 1 0 0 1 0 0 1
1321 -1 -1 12384 8 0 69 0 0 0 0 81 0 0 6192 3283 -7031 476 2548 21 3096 1476 -3385 -4423 3163 10 1548 -3063 -7097 2493 2574 189 774 4174 1070 1617 -7265 42 387 -630 -3418 -1873 1347 14 0
1322 0
1323 0
1324 1
1325 -1 -1 3095 8 0 3 1 3 0 0 6 0 30 0
1326 1
1327 -1 -1 6189 8 0 1 3 1 2 18 0 0 9 0
1328 1
1329 -1 -1 12377 8 0 0 0 0 1 0 4 0 8 1
1330 -1 -1 12376 8 0 0 215 2 1 2 2 0 1 6188 -3606 -5121 550 -5569 323 3094 -2576 5117 4298 -203 365 1547 -4414 -6787 1515 7525 352 0
1331 0
1332 0
1333 1
1334 -1 -1 12375 8 0 0 24 24 0 0 0 0 1 1
1335 -1 -1 12374 8 0 9 84 0 18 0 11 0 1 6187 -1731 6144 -1089 1989 27 1
1336 -1 -1 6186 8 0 8 5 3 12 6 18 0 3 3093 -2653 -4466 4283 -7231 80 0
1337 0
1338 1
1339 -1 -1 12371 8 0 3 16 13 6 13 0 4 4 1
1340 -1 -1 12370 8 0 0 0 0 0 73 0 0 3 6185 -1035 -5057 746 -4124 0 0
1341 1
1342 -1 -1 12369 8 0 1 4 80 14 6 0 3 12 1
1343 -1 -1 12368 8 0 1 17 12 44 17 9 24 19 6184 -2966 -6452 1054 1728 11 3092 1533 -4961 -1819 950 37 1546 -4580 -4622 4532 62 343 773 4998 -5867 -1880 1428 295 0
1344 0
1345 0
1346 0
1347 1
1348 -1 -1 12367 8 0 0 6 19 0 0 1 0 0 1
1349 -1 -1 12366 8 0 2 33 0 6 3 0 6 4 6183 -915 7606 3274 6202 4 0
1350 1
1351 -1 -1 12365 8 0 2 1 0 4 2 16 0 30 1
1352 -1 -1 12364 8 0 18 19 4 13 1 35 0 0 6182 -1118 3408 2832 1621 28 3091 -3639 -7226 -4201 -4906 5 0
1353 0
1354 1
1355 -1 -1 12363 8 0 1 6 0 2 25 0 59 2 1
1356 -1 -1 12362 8 0 1 31 66 9 87 0 6 1 6181 1903 -7039 -3304 -2939 36 0
1357 1
1358 -1 -1 12361 8 0 1 40 11 9 17 0 7 14 1
1359 -1 -1 12360 8 0 1 9 43 48 11 8 20 16 6180 4035 3413 -2221 -2327 27 3090 2674 5009 3260 1085 23 1545 -2679 -4944 4839 700 399 0
1360 0
1361 0
1362 1
1363 -1 -1 12359 8 0 2 1 0 4 23 0 1 4 1
1364 -1 -1 12358 8 0 12 7 5 22 3 1 0 3 6179 -1722 -1022 -2312 3219 12 0
1365 1
1366 -1 -1 12357 8 0 0 1 14 6 8 0 5 0 1
1367 -1 -1 12356 8 0 0 0 0 2 7 0 76 0 6178 -3765 -5509 4704 -3141 266 3089 3867 -5752 -3053 2740 0 0
1368 0
1369 1
1370 -1 -1 12355 8 0 1 15 7 19 6 1 11 20 1
1371 -1 -1 12354 8 0 53 16 252 188 65 56 9 10 6177 -1923 -7581 -4071 -5071 39 0
1372 1
1373 -1 -1 12353 8 0 1 0 38 66 6 12 4 1 1
1374 -1 -1 12352 8 0 96 7 13 113 6 97 18 2 6176 -702 -218 3593 -7686 85 3088 3969 6534 -1826 2110 21 1544 4176 202 -922 -2111 37 772 -2878 -4552 4776 151 217 386 -2577 4822 3796 1516 221 193 2442 6332 -3349 -4097 392 0
1375 0
1376 0
1377 0
1378 1
1379 -1 -1 3087 8 0 2 0 8 7 0 40 0 8 0
1380 1
1381 -1 -1 6173 8 0 3 9 5 0 0 9 0 29 0
1382 1
1383 -1 -1 12345 8 0 2 0 0 0 0 0 0 10 1
1384 -1 -1 12344 8 0 69 2 0 5 0 1 0 0 6172 -2873 5820 -1944 1296 22 3086 -4962 1258 2825 6127 229 1543 876 7701 -3940 -595 28 0
1385 0
1386 1
1387 -1 -1 6171 8 0 0 0 10 0 9 1 0 0 0
1388 1
1389 -1 -1 12341 8 0 0 0 0 10 0 1 0 0 1
1390 -1 -1 12340 8 0 3 40 2 4 3 1 0 35 6170 365 1629 -2651 4928 8 3085 -2411 461 -4983 6253 348 0
1391 1
1392 -1 -1 6169 8 0 1 5 12 8 21 0 0 6 0
1393 1
1394 -1 -1 12337 8 0 1 0 1 33 5 0 0 0 1
1395 -1 -1 12336 8 0 0 6 0 15 1 29 0 0 6168 -3236 -7734 -2076 -746 214 3084 1972 5190 1839 2737 0 1542 2672 5749 1181 2282 5 771 -3130 -6517 3902 6485 380 0
1396 0
1397 0
1398 1
1399 -1 -1 6167 8 0 0 2 0 15 2 5 1 0 0
1400 1
1401 -1 -1 12333 8 0 4 1 1 12 0 169 0 0 1
1402 -1 -1 12332 8 0 16 0 1 19 0 41 0 0 6166 4451 -7551 -4695 6210 102 3083 4783 -7598 25 -574 213 1
1403 -1 -1 3082 8 0 7 1 1 14 2 12 16 8 1541 1064 -2023 4082 5319 3 0
1404 1
1405 -1 -1 3081 8 0 5 1 8 2 36 0 6 2 0
1406 1
1407 -1 -1 6161 8 0 7 3 0 6 0 0 15 0 0
1408 1
1409 -1 -1 12321 8 0 21 0 3 25 0 10 0 0 1
1410 -1 -1 12320 8 0 30 0 0 2 0 17 0 0 6160 -809 -5930 4505 3146 20 3080 -3193 4140 3505 -3100 208 1540 2401 -4174 -514 579 44 770 -3932 -6665 2236 7128 44 385 -1514 -6884 -4664 2560 180 0
1411 0
1412 0
1413 1
1414 -1 -1 3079 8 0 10 7 4 1 14 1 8 0 0
1415 1
1416 -1 -1 6157 8 0 14 2 1 9 3 0 0 0 0
1417 1
1418 -1 -1 12313 8 0 25 0 0 6 0 0 0 0 1
1419 -1 -1 12312 8 0 71 0 0 0 0 0 0 1 6156 -3879 -6442 -4545 4734 24 3078 -2116 -3373 -2152 -7204 2 1539 3028 6529 -1787 -6614 26 0
1420 0
1421 0
1422 1
1423 -1 -1 12311 8 0 0 42 2 2 0 0 0 0 1
1424 -1 -1 12310 8 0 4 9 1 36 0 4 1 0 6155 2369 -924 3316 4117 160 0
1425 1
1426 -1 -1 12309 8 0 3 22 0 15 0 9 89 0 1
1427 -1 -1 12308 8 0 4 15 5 28 58 1 25 1 6154 -3824 7373 4741 -5375 332 3077 -2602 -2080 549 5879 2 0
1428 1
1429 -1 -1 6153 8 0 3 16 17 9 8 0 12 1 0
1430 1
1431 -1 -1 12305 8 0 0 4 5 1 3 0 1 0 1
1432 -1 -1 12304 8 0 43 5 1 80 3 9 5 6 6152 -4222 592 -3527 1221 22 3076 4664 7429 -366 4121 19 1538 -272 4422 4057 -4025 253 769 -981 6713 4763 -1562 390 0
1433 0
1434 1
1435 -1 -1 3075 8 0 0 24 8 6 7 5 1 1 0
1436 1
1437 -1 -1 6149 8 0 3 3 0 5 0 0 15 0 0
1438 1
1439 -1 -1 12297 8 0 2 1 23 5 2 0 0 0 1
1440 -1 -1 12296 8 0 17 0 4 39 1 0 0 0 6148 4132 -6441 -2394 4952 140 3074 -508 -623 1715 2231 259 1537 4166 -3712 -1660 811 45 0
1441 0
1442 0
1443 1
1444 -1 -1 12295 8 0 6 6 7 5 9 1 2 0 1
1445 -1 -1 12294 8 0 34 1 0 30 1 2 0 0 6147 1207 1980 1098 -3711 2 0
1446 1
1447 -1 -1 12293 8 0 62 5 0 34 0 44 3 0 1
1448 -1 -1 12292 8 0 929 0 6 176 0 23 1 1 6146 3738 1025 4711 6416 61 3073 -4289 7031 1924 -6607 1 0
1449 0
1450 1
1451 -1 -1 12291 8 0 1 15 0 3 0 0 0 2 1
1452 -1 -1 12290 8 0 7 0 11 23 24 8 6 5 6145 -3596 1419 2579 -7613 338 0
1453 1
1454 -1 -1 12289 8 0 79 1 6 36 4 123 0 1 1
1455 -1 -1 12288 8 0 171 2 3 45 3 15 8 1 6144 3376 7285 3019 -7346 11 3072 -604 5370 4683 -28 29 1536 -57 -5227 -4413 4359 3 768 -1836 -1734 -3705 3374 125 384 -1649 -141 2652 -5322 14 192 -611 -7561 253 1907 39 96 1053 7889 -2093 648 17 48 461 1069 -2736 -1694 32 24 -3405 2342 -3025 -4501 6 12 -269 -666 -3198 -5604 141 6 30 -485 -2092 5915 145 3 665 1165 -4324 2373 399 0
1456 0
1457 0
1458 0
1459 0
1460 0
1461 0
1462 1
1463 -1 -1 383 8 0 0 0 5 0 0 0 0 0 0
1464 1
1465 -1 -1 765 8 0 0 0 6 0 0 0 0 0 0
1466 1
1467 -1 -1 1529 8 0 0 0 14 0 0 0 0 0 1
1468 -1 -1 1528 8 0 0 0 68 0 0 0 0 0 764 3459 6768 -1236 -51 26 382 -661 2472 -4843 -87 0 191 510 2583 -225 -2070 384 1
1469 -1 -1 190 8 0 0 0 0 2 5 0 9 0 95 -4630 5148 1151 -5950 392 0
1470 1
1471 -1 -1 189 8 0 2 0 14 4 3 0 18 0 0
1472 1
1473 -1 -1 377 8 0 0 0 0 0 0 4 0 0 0
1474 1
1475 -1 -1 753 8 0 0 2 0 1 0 1 0 0 0
1476 1
1477 -1 -1 1505 8 0 0 17 0 0 0 0 0 0 0
1478 1
1479 -1 -1 3009 8 0 0 7 0 0 0 0 0 0 1
1480 -1 -1 3008 8 0 0 64 0 0 0 0 0 0 1504 -251 6525 -718 -6673 104 752 758 -2691 -2480 -2069 299 376 -202 -1045 1307 289 13 188 192 2871 -1364 1386 358 94 -4541 6629 -4792 -5529 18 47 -3961 355 -4145 5699 6 0
1481 1
1482 -1 -1 93 8 0 0 0 41 3 5 2 1 8 0
1483 0
1484 1
1485 -1 -1 371 8 0 0 0 0 4 6 3 12 0 0
1486 1
1487 -1 -1 741 8 0 0 0 0 1 0 0 2 0 0
1488 1
1489 -1 -1 1481 8 0 0 0 0 1 0 0 0 0 0
1490 1
1491 -1 -1 2961 8 0 0 0 0 0 2 0 0 0 0
1492 1
1493 -1 -1 5921 8 0 0 0 0 0 1 0 0 0 0
1494 1
1495 -1 -1 11841 8 0 0 0 0 0 16 0 0 0 1
1496 -1 -1 11840 8 0 0 0 0 0 59 0 0 0 5920 -1839 -3263 -816 -3722 172 2960 2482 -4315 2203 -1296 10 1480 -4865 -4241 310 7499 56 740 2324 2906 15 -2285 343 370 2036 -3293 -2209 755 297 185 -4825 -4981 964 6805 176 0
1497 0
1498 1
1499 -1 -1 739 8 0 5 9 0 7 0 10 3 0 0
1500 0
1501 1
1502 -1 -1 2955 8 0 0 0 0 11 0 3 1 0 0
1503 1
1504 -1 -1 5909 8 0 0 1 0 1 0 4 0 0 0
1505 1
1506 -1 -1 11817 8 0 0 0 0 0 0 0 113 0 1
1507 -1 -1 11816 8 0 1 0 0 4 1 0 14 0 5908 3383 4936 -91 7296 0 2954 3933 -7625 3595 6695 50 1477 3186 -4244 755 7824 275 1
1508 -1 -1 1476 8 0 3 0 0 2 0 0 0 10 738 -4561 6306 1213 908 34 369 3101 -5510 -888 30 5 1
1509 -1 -1 368 8 0 0 0 0 12 14 0 0 0 184 -4594 2120 1439 -6365 227 92 -557 7296 3130 322 218 46 -1064 -1540 -4755 -3014 5 23 1937 -503 62 -3842 193 0
1510 0
1511 0
1512 0
1513 1
1514 -1 -1 367 8 0 0 0 0 2 0 0 0 15 1
1515 -1 -1 366 8 0 0 0 0 0 0 0 56 0 183 -673 -156 -2021 -6330 337 0
1516 1
1517 -1 -1 365 8 0 0 0 0 2 0 0 0 0 0
1518 1
1519 -1 -1 729 8 0 0 0 0 0 0 0 1 0 0
1520 1
1521 -1 -1 1457 8 0 0 0 0 1 0 0 0 8 0
1522 1
1523 -1 -1 2913 8 0 0 0 0 0 0 0 0 48 1
1524 -1 -1 2912 8 0 0 0 0 0 0 0 0 69 1456 1916 4352 3486 4359 138 728 143 -3750 3012 -4048 92 364 2562 2060 1047 426 377 182 -4991 7727 876 835 371 91 1240 405 -4981 -3133 288 0
1525 0
1526 0
1527 1
1528 -1 -1 727 8 0 0 0 0 0 20 0 1 8 1
1529 -1 -1 726 8 0 0 2 65 2 0 0 0 0 363 795 2693 59 -5125 248 0
1530 1
1531 -1 -1 725 8 0 0 0 1 6 7 0 2 2 0
1532 1
1533 -1 -1 1449 8 0 0 0 2 0 0 0 0 0 0
1534 1
1535 -1 -1 2897 8 0 0 2 0 4 0 0 0 0 0
1536 1
1537 -1 -1 5793 8 0 0 0 0 2 0 0 0 0 0
1538 1
1539 -1 -1 11585 8 0 0 92 0 0 0 0 0 0 1
1540 -1 -1 11584 8 0 0 1 0 1 0 0 0 0 5792 -4251 2049 1090 -5009 188 2896 -1766 -5919 4281 2641 134 1448 2452 -3043 -1812 -4491 117 724 263 7966 -1214 -198 71 362 312 3475 -301 -7194 305 181 -3471 7800 -4885 1014 81 0
1541 0
1542 1
1543 -1 -1 723 8 0 1 0 0 2 6 0 3 11 0
1544 1
1545 -1 -1 1445 8 0 0 0 13 0 0 0 0 0 0
1546 1
1547 -1 -1 2889 8 0 0 0 6 2 0 0 0 0 0
1548 1
1549 -1 -1 5777 8 0 0 0 0 2 0 0 0 0 1
1550 -1 -1 5776 8 0 0 68 0 0 0 0 0 1 2888 3084 6334 1922 -3120 75 1444 -1464 6044 978 2718 379 722 -2029 -1318 2305 -5033 398 361 3681 -6894 -2266 -5864 141 0
1551 0
1552 1
1553 -1 -1 1443 8 0 1 7 0 30 7 9 0 10 0
1554 0
1555 0
1556 1
1557 -1 -1 11543 8 0 0 0 0 4 0 0 0 0 1
1558 -1 -1 11542 8 0 0 7 1 2 0 0 1 222 5771 -4164 -6633 4731 3373 1 1
1559 -1 -1 5770 8 0 0 0 1 5 5 0 3 13 2885 -4991 7642 -3513 -7259 297 0
1560 1
1561 -1 -1 5769 8 0 0 34 6 8 7 0 5 8 0
1562 1
1563 -1 -1 11537 8 0 1 0 1 7 0 0 0 49 1
1564 -1 -1 11536 8 0 2 2 0 9 1 2 3 2 5768 -4151 7874 4278 5643 292 2884 -3646 6151 -3189 1425 24 1442 -4662 5449 2037 -317 259 721 4678 2848 -2183 -7535 356 0
1565 0
1566 1
1567 -1 -1 2883 8 0 0 1 14 6 4 0 2 26 1
1568 -1 -1 2882 8 0 0 35 2 2 4 0 8 18 1441 -3347 1938 4956 -3246 312 1
1569 -1 -1 1440 8 0 0 0 7 8 24 0 26 2 720 74 -40 -2809 -5510 47 360 595 -569 279 -6830 35 180 -2941 2568 742 4340 367 90 3480 7312 159 7280 17 45 3952 -4081 678 26 354 0
1570 0
1571 1
1572 -1 -1 179 8 0 0 0 0 0 0 0 0 14 0
1573 1
1574 -1 -1 357 8 0 0 13 0 5 2 0 0 1 0
1575 1
1576 -1 -1 713 8 0 0 0 12 0 0 0 0 0 0
1577 1
1578 -1 -1 1425 8 0 0 0 4 2 5 0 8 0 0
1579 0
1580 1
1581 -1 -1 5699 8 0 0 0 0 6 22 0 0 0 0
1582 1
1583 -1 -1 11397 8 0 0 0 0 0 48 0 0 0 1
1584 -1 -1 11396 8 0 0 0 0 0 64 0 0 0 5698 -3346 -96 1113 2495 158 2849 -1374 -383 3145 -7251 8 1
1585 -1 -1 2848 8 0 0 0 0 8 1 0 0 0 1424 -4548 2727 1216 -2086 28 712 -3897 6531 347 -1624 276 356 3163 -3476 3612 5235 361 178 -1791 7338 2929 -6516 271 89 1483 -482 3732 4952 374 0
1586 0
1587 0
1588 1
1589 -1 -1 711 8 0 0 0 0 0 46 0 1 0 0
1590 1
1591 -1 -1 1421 8 0 0 0 18 0 12 0 0 0 1
1592 -1 -1 1420 8 0 0 1 13 3 0 1 0 24 710 -2479 6816 -327 -3810 249 355 1633 -250 3035 -4402 349 0
1593 0
1594 1
1595 -1 -1 1419 8 0 0 0 0 6 6 1 0 17 0
1596 1
1597 -1 -1 2837 8 0 0 0 0 2 0 0 0 0 0
1598 1
1599 -1 -1 5673 8 0 0 0 0 0 0 0 0 4 0
1600 1
1601 -1 -1 11345 8 0 0 0 0 0 0 0 0 27 1
1602 -1 -1 11344 8 0 0 0 0 0 0 0 0 72 5672 -4481 -5093 3305 -5326 188 2836 -2463 -3494 -1463 6181 220 1418 -3560 -663 3346 7857 258 709 1588 6579 -2040 -4654 171 1
1603 -1 -1 708 8 0 1 6 1 11 17 0 1 6 354 -2585 4330 874 -2143 18 177 -3107 -4271 306 1011 9 0
1604 0
1605 1
1606 -1 -1 707 8 0 0 0 0 18 9 5 24 4 0
1607 1
1608 -1 -1 1413 8 0 0 0 4 10 32 0 0 3 1
1609 -1 -1 1412 8 0 0 0 37 2 1 0 0 1 706 -4451 4292 926 7574 15 353 -648 -714 -4227 -2450 0 0
1610 1
1611 -1 -1 705 8 0 1 0 6 7 0 12 2 27 0
1612 1
1613 -1 -1 1409 8 0 1 14 7 13 8 0 2 9 0
1614 1
1615 -1 -1 2817 8 0 0 5 0 13 0 0 0 1 0
1616 1
1617 -1 -1 5633 8 0 0 1 56 0 0 0 0 0 1
1618 -1 -1 5632 8 0 0 0 42 13 0 3 0 6 2816 -2937 -7225 -2335 -1113 16 1408 4495 6723 -1497 4871 18 704 -4242 6009 -2198 -6467 258 352 -4135 -6509 -1673 602 36 176 -1064 6665 1202 1386 75 88 1323 112 4434 2956 205 44 -4558 -149 -1990 -6956 254 22 -2085 3569 -831 -6740 274 11 -4839 -2528 4996 -7162 397 0
1619 0
1620 0
1621 1
1622 -1 -1 87 8 0 1 0 16 4 16 18 1 0 0
1623 0
1624 1
1625 -1 -1 347 8 0 0 0 0 1 12 2 0 0 1
1626 -1 -1 346 8 0 4 0 3 34 0 5 0 12 173 256 -4037 3858 -7125 398 0
1627 0
1628 1
1629 -1 -1 691 8 0 0 0 0 1 2 0 0 15 1
1630 -1 -1 690 8 0 11 1 33 12 0 1 0 1 345 2859 -3930 4823 -546 198 0
1631 1
1632 -1 -1 689 8 0 1 0 0 0 5 0 1 0 0
1633 1
1634 -1 -1 1377 8 0 0 0 0 0 0 0 0 65 1
1635 -1 -1 1376 8 0 1 0 2 11 0 0 0 24 688 4775 -5446 3017 5490 17 344 4073 -6931 4636 6659 287 172 -4840 4416 -4121 370 4 86 -4194 70 2189 1046 58 43 -1101 6580 3088 1426 399 0
1636 0
1637 0
1638 1
1639 -1 -1 343 8 0 1 3 4 2 7 0 8 0 0
1640 0
1641 1
1642 -1 -1 1371 8 0 0 0 11 16 0 7 0 0 0
1643 1
1644 -1 -1 2741 8 0 0 0 0 18 0 0 0 0 0
1645 1
1646 -1 -1 5481 8 0 0 0 0 4 0 42 0 0 0
1647 1
1648 -1 -1 10961 8 0 10 0 0 45 0 85 0 0 1
1649 -1 -1 10960 8 0 8 0 0 24 0 2 0 0 5480 3377 -268 -358 -5258 1 2740 1114 -6703 3436 -3651 349 1370 -4999 -7289 -2685 -3820 7 685 -1081 435 -1299 -6013 84 1
1650 -1 -1 684 8 0 0 3 8 34 6 6 0 7 342 910 -3387 1660 -6277 2 171 -4661 7575 -1823 -811 298 0
1651 1
1652 -1 -1 341 8 0 0 0 5 3 43 4 0 1 1
1653 -1 -1 340 8 0 1 0 16 17 0 4 2 6 170 3090 -7846 -84 -6805 3 85 -4299 6345 4841 -2591 24 0
1654 1
1655 -1 -1 169 8 0 4 9 14 3 0 10 0 13 0
1656 1
1657 -1 -1 337 8 0 3 0 6 41 0 5 1 10 0
1658 1
1659 -1 -1 673 8 0 10 0 0 31 0 19 0 0 0
1660 1
1661 -1 -1 1345 8 0 4 0 3 27 0 7 0 0 0
1662 1
1663 -1 -1 2689 8 0 6 0 0 10 0 2 4 0 0
1664 1
1665 -1 -1 5377 8 0 5 0 0 7 0 0 0 1 0
1666 1
1667 -1 -1 10753 8 0 17 0 0 4 0 1 0 0 1
1668 -1 -1 10752 8 0 121 0 0 4 0 0 0 0 5376 4758 7874 286 -976 10 2688 3251 7600 4448 2568 17 1344 2658 5482 3659 -7540 28 672 -1210 -1081 4932 5344 50 336 -208 -1762 -4480 -5315 16 168 -849 1179 4997 -413 41 84 2708 -7070 -1402 -680 14 42 -3162 7263 -1157 -7807 47 21 -2364 1282 1037 -1785 33 0
1669 0
1670 0
1671 1
1672 -1 -1 167 8 0 1 14 3 5 0 3 5 37 1
1673 -1 -1 166 8 0 0 1 2 10 40 0 0 3 83 240 4559 -1147 -6841 270 0
1674 0
1675 0
1676 0
1677 1
1678 -1 -1 1327 8 0 0 0 0 1 0 0 0 0 0
1679 1
1680 -1 -1 2653 8 0 0 0 0 0 0 0 0 20 0
1681 1
1682 -1 -1 5305 8 0 0 0 0 0 0 0 0 49 0
1683 1
1684 -1 -1 10609 8 0 0 0 0 0 0 0 0 8 1
1685 -1 -1 10608 8 0 0 0 0 0 0 0 0 106 5304 2414 -6478 1875 4970 362 2652 3745 4145 -1395 404 301 1326 365 -7646 2726 -5466 84 663 -1611 5771 1755 -5250 278 1
1686 -1 -1 662 8 0 1 0 0 1 1 0 0 0 331 1994 6554 3502 5950 0 1
1687 -1 -1 330 8 0 0 2 11 5 5 0 0 21 165 328 3779 2327 -273 42 0
1688 1
1689 -1 -1 329 8 0 0 1 14 1 0 0 0 0 1
1690 -1 -1 328 8 0 2 4 4 14 3 11 0 30 164 2119 -7021 181 5072 322 82 -3841 5254 -257 -22 54 41 239 3648 -965 -7554 13 0
1691 0
1692 0
1693 1
1694 -1 -1 327 8 0 0 0 2 12 0 3 0 12 0
1695 0
1696 0
1697 1
1698 -1 -1 2615 8 0 0 12 0 0 0 0 0 1 0
1699 1
1700 -1 -1 5229 8 0 0 4 0 0 0 0 0 0 0
1701 1
1702 -1 -1 10457 8 0 0 12 0 0 0 0 0 0 1
1703 -1 -1 10456 8 0 0 75 0 0 0 0 0 0 5228 -2192 -1382 -3514 -1549 19 2614 1607 3312 -4488 -1031 109 1307 1333 4379 -2501 7924 6 1
1704 -1 -1 1306 8 0 0 21 1 5 0 0 0 0 653 -2587 -2001 1145 4885 168 1
1705 -1 -1 652 8 0 0 2 0 1 0 0 1 5 326 -2630 -6394 -1134 4220 339 163 -1254 394 3879 218 275 0
1706 0
1707 0
1708 1
1709 -1 -1 1303 8 0 1 0 0 2 0 0 0 0 0
1710 1
1711 -1 -1 2605 8 0 0 0 0 0 0 0 0 10 1
1712 -1 -1 2604 8 0 0 0 0 0 0 0 0 62 1302 -57 3880 326 3670 150 651 -860 6510 4224 -1751 220 0
1713 1
1714 -1 -1 1301 8 0 3 1 0 1 0 63 0 1 1
1715 -1 -1 1300 8 0 11 1 0 2 0 5 0 8 650 -2830 2732 100 5739 41 325 4664 6121 1982 922 398 1
1716 -1 -1 324 8 0 0 14 1 5 0 2 22 8 162 1724 -7787 2628 5554 383 81 -274 491 3364 1887 167 0
1717 0
1718 1
1719 -1 -1 323 8 0 0 5 0 2 9 2 8 13 0
1720 0
1721 1
1722 -1 -1 1291 8 0 0 27 0 3 12 1 0 1 1
1723 -1 -1 1290 8 0 0 18 28 1 0 0 0 0 645 -4588 -5861 1782 5611 12 1
1724 -1 -1 644 8 0 0 7 1 22 28 8 0 1 322 -405 -301 3762 620 128 161 -2989 2207 4363 7685 270 0
1725 0
1726 1
1727 -1 -1 643 8 0 2 0 0 2 0 13 4 0 0
1728 0
1729 0
1730 1
1731 -1 -1 5143 8 0 0 0 1 0 2 0 0 0 0
1732 1
1733 -1 -1 10285 8 0 0 0 0 4 0 0 0 17 1
1734 -1 -1 10284 8 0 0 0 0 0 0 0 0 54 5142 459 -3220 525 -365 10 2571 -4129 -2827 -4705 -3525 202 1
1735 -1 -1 2570 8 0 1 10 0 12 0 2 0 15 1285 -1814 5725 -510 780 15 1
1736 -1 -1 1284 8 0 3 5 8 4 9 0 0 0 642 4962 -7683 -1523 -1958 2 321 1442 6537 -2305 -3352 382 0
1737 0
1738 0
1739 0
1740 1
1741 -1 -1 5135 8 0 0 0 0 16 0 1 0 0 1
1742 -1 -1 5134 8 0 4 1 0 18 0 45 1 0 2567 -2933 -7273 1792 -7748 17 1
1743 -1 -1 2566 8 0 1 1 1 23 0 0 0 0 1283 -4625 -3084 -1158 6936 27 1
1744 -1 -1 1282 8 0 3 0 1 12 0 1 0 15 641 -468 -1000 3477 6958 9 0
1745 0
1746 1
1747 -1 -1 2563 8 0 0 0 23 4 0 0 2 2 0
1748 1
1749 -1 -1 5125 8 0 3 0 10 32 8 0 0 0 1
1750 -1 -1 5124 8 0 22 6 2 28 0 9 0 0 2562 -2994 6566 171 276 35 1281 -245 4527 -1137 -6985 37 0
1751 1
1752 -1 -1 2561 8 0 1 25 0 15 1 2 0 1 1
1753 -1 -1 2560 8 0 9 2 1 21 0 5 4 9 1280 2301 -5645 -2114 -3150 28 640 -4783 4547 -3673 2495 4 320 -4986 -993 -2959 743 15 160 315 -1499 -1742 -7230 43 80 -2783 7821 1898 2395 243 40 -3346 -4325 4268 314 285 20 265 5176 4116 61 255 10 -3194 1071 2694 -6752 4 5 -4339 4141 1797 -7836 245 0
1754 0
1755 0
1756 0
1757 0
1758 1
1759 -1 -1 159 8 0 10 12 0 0 0 0 15 6 0
1760 1
1761 -1 -1 317 8 0 1 0 0 0 0 0 0 15 0
1762 1
1763 -1 -1 633 8 0 4 0 0 1 0 9 0 5 1
1764 -1 -1 632 8 0 50 0 1 11 0 6 0 0 316 1727 -2621 -2190 6939 66 158 4545 7809 2659 1942 18 79 -1915 -1391 4350 -224 328 0
1765 0
1766 0
1767 1
1768 -1 -1 631 8 0 1 9 0 3 0 0 0 0 1
1769 -1 -1 630 8 0 61 1 0 2 0 0 0 1 315 -42 6818 -1841 6404 9 0
1770 0
1771 1
1772 -1 -1 1259 8 0 19 0 13 4 0 0 0 0 0
1773 1
1774 -1 -1 2517 8 0 9 0 0 9 0 0 0 0 0
1775 0
1776 1
1777 -1 -1 10067 8 0 33 0 0 4 0 0 0 0 1
1778 -1 -1 10066 8 0 56 0 0 0 0 0 0 0 5033 -1329 3028 4129 5331 11 1
1779 -1 -1 5032 8 0 31 0 3 6 0 1 0 0 2516 -3735 2694 -719 7402 10 1258 -3582 -784 -1840 845 10 629 3313 3959 2532 -384 14 1
1780 -1 -1 628 8 0 12 0 0 36 0 3 0 0 314 -4336 7352 -2489 -5651 399 157 -2354 -5789 2892 4512 0 0
1781 1
1782 -1 -1 313 8 0 18 0 0 0 0 8 2 0 0
1783 1
1784 -1 -1 625 8 0 2 0 0 1 0 2 0 0 0
1785 1
1786 -1 -1 1249 8 0 34 0 0 4 0 0 0 0 0
1787 1
1788 -1 -1 2497 8 0 3 0 0 0 0 0 0 0 0
1789 1
1790 -1 -1 4993 8 0 10 0 0 0 0 0 0 0 0
1791 1
1792 -1 -1 9985 8 0 3 0 0 0 0 0 0 0 1
1793 -1 -1 9984 8 0 105 0 0 0 0 0 0 0 4992 3590 2012 2398 2186 257 2496 -4843 3402 1158 2885 273 1248 -1971 5785 -2841 2428 265 624 -1623 -3362 3978 1386 29 312 -640 3856 211 3078 4 156 4646 1753 -1099 -1655 40 78 -3730 6248 -2491 -6315 319 39 -1862 4405 -3946 2424 7 0
1794 0
1795 0
1796 1
1797 -1 -1 311 8 0 4 0 0 3 1 30 0 1 1
1798 -1 -1 310 8 0 4 8 1 34 0 4 0 4 155 3650 6826 2810 4882 2 1
1799 -1 -1 154 8 0 2 0 0 4 22 0 0 0 77 -4360 4759 2969 2873 4 0
1800 1
1801 -1 -1 153 8 0 0 2 0 1 0 1 0 17 0
1802 1
1803 -1 -1 305 8 0 2 0 15 1 0 0 0 0 0
1804 1
1805 -1 -1 609 8 0 5 2 5 5 0 0 0 0 1
1806 -1 -1 608 8 0 33 0 0 25 0 0 0 0 304 3476 3146 -3923 2638 9 152 -4765 6352 -423 4187 32 76 3576 7966 1099 2033 26 38 391 -109 2540 2178 14 19 264 2577 -2535 7792 3 0
1807 0
1808 0
1809 0
1810 1
1811 -1 -1 303 8 0 0 48 4 1 0 0 0 4 1
1812 -1 -1 302 8 0 0 0 0 3 0 0 15 3 151 -911 237 4667 -5808 283 0
1813 0
1814 1
1815 -1 -1 603 8 0 1 0 32 6 0 0 21 0 0
1816 0
1817 0
1818 1
1819 -1 -1 4823 8 0 0 0 0 0 0 0 9 4 0
1820 1
1821 -1 -1 9645 8 0 0 0 0 0 0 0 3 0 1
1822 -1 -1 9644 8 0 0 0 0 0 0 0 81 0 4822 1632 5713 -522 2662 254 2411 -1294 180 1129 122 286 1
1823 -1 -1 2410 8 0 2 0 4 4 0 0 20 0 1205 -4815 4792 -1487 254 4 1
1824 -1 -1 1204 8 0 4 0 4 1 0 0 0 12 602 -3532 -1940 3865 -6979 0 301 1715 6932 4680 5730 303 0
1825 0
1826 1
1827 -1 -1 1203 8 0 9 8 2 4 0 1 0 5 1
1828 -1 -1 1202 8 0 1 0 49 3 0 0 4 0 601 -1319 4219 3842 4879 399 0
1829 0
1830 1
1831 -1 -1 2403 8 0 0 2 11 3 7 0 0 0 1
1832 -1 -1 2402 8 0 0 1 0 2 6 0 56 4 1201 -1294 1913 4985 -1497 289 0
1833 1
1834 -1 -1 2401 8 0 0 0 7 7 47 0 0 5 1
1835 -1 -1 2400 8 0 0 4 1 9 0 0 4 10 1200 -3002 -2159 -4222 -7310 157 600 4948 7059 -4399 -5005 225 300 -422 1091 2492 5620 341 150 -4819 5468 -3958 -1628 275 75 -1146 7921 -883 3374 19 0
1836 0
1837 0
1838 1
1839 -1 -1 599 8 0 5 0 7 11 23 6 6 0 0
1840 1
1841 -1 -1 1197 8 0 5 0 0 50 0 2 0 0 0
1842 1
1843 -1 -1 2393 8 0 2 7 0 26 0 1 0 0 0
1844 1
1845 -1 -1 4785 8 0 1 0 0 2 0 5 0 0 0
1846 1
1847 -1 -1 9569 8 0 1 0 0 2 0 0 0 0 1
1848 -1 -1 9568 8 0 0 93 0 1 0 0 0 0 4784 2081 -3487 -4112 -4926 342 2392 -1587 6377 -4690 3887 336 1196 -3545 2974 -2744 4035 2 598 -1144 2423 3789 4556 11 299 3917 3080 355 -7846 387 0
1849 1
1850 -1 -1 597 8 0 11 0 12 30 0 8 5 3 0
1851 0
1852 1
1853 -1 -1 2387 8 0 0 2 3 8 0 0 0 0 0
1854 1
1855 -1 -1 4773 8 0 0 0 0 1 1 0 0 0 0
1856 1
1857 -1 -1 9545 8 0 0 0 8 2 2 0 0 0 1
1858 -1 -1 9544 8 0 0 3 120 0 0 0 0 0 4772 -1156 1737 -802 5813 4 2386 -334 743 1146 -902 138 1193 -1890 -2417 -2751 5146 16 1
1859 -1 -1 1192 8 0 7 0 1 6 3 2 0 1 596 821 -224 -1671 -5350 183 298 1054 590 1389 5863 7 149 -3530 7269 -4859 -2785 332 0
1860 0
1861 1
1862 -1 -1 595 8 0 1 15 4 20 4 1 3 0 0
1863 0
1864 0
1865 1
1866 -1 -1 4759 8 0 0 1 0 2 18 0 1 0 1
1867 -1 -1 4758 8 0 0 0 42 0 22 0 0 0 2379 -1508 4327 -3500 -4995 317 1
1868 -1 -1 2378 8 0 2 0 0 6 0 0 0 10 1189 -646 1215 -1906 -6533 271 0
1869 0
1870 1
1871 -1 -1 4755 8 0 0 0 5 2 0 0 1 0 0
1872 1
1873 -1 -1 9509 8 0 0 0 1 3 0 0 0 0 1
1874 -1 -1 9508 8 0 0 0 0 5 174 0 0 0 4754 3947 2228 983 3772 24 2377 -4581 -2619 1007 1888 19 1
1875 -1 -1 2376 8 0 0 1 7 16 2 1 0 0 1188 4546 6879 -1823 -6904 245 594 -1262 5235 3562 -7682 291 297 2020 1476 248 -7824 304 0
1876 1
1877 -1 -1 593 8 0 4 2 2 24 26 0 0 0 0
1878 1
1879 -1 -1 1185 8 0 3 1 2 17 0 0 0 1 0
1880 1
1881 -1 -1 2369 8 0 2 0 2 9 2 0 0 0 0
1882 0
1883 1
1884 -1 -1 9475 8 0 0 4 0 2 2 0 0 0 1
1885 -1 -1 9474 8 0 0 70 0 0 0 0 0 0 4737 4704 4210 2237 -963 104 1
1886 -1 -1 4736 8 0 0 5 0 9 0 0 0 0 2368 -926 5094 3854 -6730 199 1184 4283 4730 -4602 -4465 233 592 4340 -6589 3728 -4306 3 296 3845 3032 3868 -744 1 148 4402 3970 204 -7718 243 74 3218 252 -4464 -5121 290 37 -208 157 4879 3558 216 0
1887 0
1888 0
1889 1
1890 -1 -1 295 8 0 10 0 0 0 0 4 44 0 0
1891 1
1892 -1 -1 589 8 0 25 0 0 8 0 0 0 0 0
1893 1
1894 -1 -1 1177 8 0 3 0 0 2 0 0 0 0 0
1895 1
1896 -1 -1 2353 8 0 2 0 0 2 0 0 0 0 0
1897 1
1898 -1 -1 4705 8 0 13 0 0 0 0 0 0 0 0
1899 1
1900 -1 -1 9409 8 0 3 0 0 0 0 0 0 0 1
1901 -1 -1 9408 8 0 79 0 0 0 0 0 0 0 4704 96 -5211 -3087 6420 180 2352 2759 7057 3988 4738 46 1176 -2253 -2260 162 2085 30 588 1062 1373 -4661 -4434 11 294 -9 1281 -2154 6866 27 147 -956 -7431 -2582 -955 42 0
1902 1
1903 -1 -1 293 8 0 0 0 0 4 0 27 0 0 0
1904 1
1905 -1 -1 585 8 0 8 22 13 17 0 2 0 0 1
1906 -1 -1 584 8 0 21 0 0 1 0 4 0 1 292 -2921 -1611 3284 -705 382 146 4973 3592 -991 841 48 73 -3783 -5550 -3426 4176 1 0
1907 0
1908 0
1909 1
1910 -1 -1 583 8 0 3 0 0 0 0 3 0 10 0
1911 1
1912 -1 -1 1165 8 0 0 3 1 26 0 0 0 0 0
1913 1
1914 -1 -1 2329 8 0 2 1 0 5 0 46 0 0 1
1915 -1 -1 2328 8 0 11 4 4 14 0 13 0 0 1164 1180 -3034 1764 4491 50 582 401 -7496 -862 -4503 131 291 -4041 -1496 2179 4255 380 0
1916 0
1917 0
1918 1
1919 -1 -1 2327 8 0 0 2 0 15 0 0 0 0 0
1920 1
1921 -1 -1 4653 8 0 1 0 0 10 0 1 0 0 0
1922 1
1923 -1 -1 9305 8 0 0 1 0 6 0 2 0 0 1
1924 -1 -1 9304 8 0 0 2 0 2 0 0 65 0 4652 -3725 -7653 2549 -4423 347 2326 1223 7655 2014 -2214 167 1163 -1011 6106 -3685 7089 6 0
1925 1
1926 -1 -1 2325 8 0 5 0 0 1 0 3 0 0 0
1927 0
1928 1
1929 -1 -1 9299 8 0 0 0 0 0 0 1 0 1 1
1930 -1 -1 9298 8 0 5 0 0 64 0 0 0 0 4649 1541 5007 -2082 -2301 91 1
1931 -1 -1 4648 8 0 1 5 0 13 0 0 1 0 2324 512 -6477 3734 6358 3 1162 -2049 421 2539 -4134 385 581 -2878 5288 252 -6605 95 0
1932 0
1933 0
1934 1
1935 -1 -1 4647 8 0 3 0 0 22 0 19 0 0 1
1936 -1 -1 4646 8 0 0 7 0 25 0 0 1 4 2323 -2364 398 3726 6442 396 0
1937 1
1938 -1 -1 4645 8 0 0 21 0 10 3 0 3 0 1
1939 -1 -1 4644 8 0 2 2 1 12 32 0 1 1 2322 2042 1065 -120 -924 0 1161 -133 4080 -1338 -5516 3 0
1940 0
1941 1
1942 -1 -1 4643 8 0 0 1 0 7 0 0 0 5 1
1943 -1 -1 4642 8 0 35 0 0 28 0 0 0 0 2321 2445 2601 2552 652 3 0
1944 1
1945 -1 -1 4641 8 0 1 0 0 7 1 0 10 0 1
1946 -1 -1 4640 8 0 10 2 0 39 1 6 0 0 2320 605 6726 -989 -4477 275 1160 3341 -589 4655 4457 1 580 -1522 -2991 4934 5840 153 290 -3831 -7986 3591 2308 220 145 -1717 -4580 -172 1516 34 0
1947 0
1948 0
1949 0
1950 0
1951 1
1952 -1 -1 4639 8 0 0 0 3 6 0 0 0 1 0
1953 1
1954 -1 -1 9277 8 0 0 0 0 5 0 0 0 0 1
1955 -1 -1 9276 8 0 0 0 0 4 63 0 0 0 4638 3416 -6703 -1733 -1384 6 2319 -3560 -4365 4569 -7151 283 1
1956 -1 -1 2318 8 0 0 0 0 5 3 0 11 0 1159 121 3812 -1732 -5879 59 0
1957 1
1958 -1 -1 2317 8 0 0 0 28 3 0 0 0 0 1
1959 -1 -1 2316 8 0 1 3 11 17 5 1 31 0 1158 2562 -2730 -1855 -5839 83 579 -4101 4465 -3687 -1662 21 0
1960 1
1961 -1 -1 1157 8 0 4 0 0 13 4 7 0 1 0
1962 1
1963 -1 -1 2313 8 0 1 1 0 1 4 0 33 0 1
1964 -1 -1 2312 8 0 2 27 0 11 0 1 5 0 1156 -2130 5867 -157 -817 13 578 -3823 -3626 4723 -6280 9 289 4774 7691 1502 2575 28 0
1965 1
1966 -1 -1 577 8 0 6 4 4 8 1 0 25 0 0
1967 0
1968 1
1969 -1 -1 2307 8 0 0 4 0 7 0 2 1 0 1
1970 -1 -1 2306 8 0 0 63 0 5 0 0 0 0 1153 -260 -2493 1476 495 14 0
1971 1
1972 -1 -1 2305 8 0 0 2 0 0 2 0 9 1 0
1973 0
1974 1
1975 -1 -1 9219 8 0 0 22 4 1 0 0 0 0 1
1976 -1 -1 9218 8 0 1 11 0 32 0 0 0 0 4609 -3772 7142 -3769 -4420 0 1
1977 -1 -1 4608 8 0 12 8 1 24 2 9 0 0 2304 1157 1220 3451 -6299 213 1152 -1456 3400 -3507 3287 64 576 -4305 -2217 1090 6373 245 288 4727 6881 -1931 2255 328 144 762 3052 -2743 -959 11 72 -3893 -735 4206 7851 5 36 -993 -930 4557 -6327 399 18 -905 2482 -4701 -4401 157 9 191 -552 -108 -4913 397 0
1978 0
1979 0
1980 0
1981 0
1982 0
1983 0
1984 1
1985 -1 -1 1151 8 0 9 0 0 3 0 1 0 0 0
1986 1
1987 -1 -1 2301 8 0 4 0 0 1 0 0 0 0 0
1988 1
1989 -1 -1 4601 8 0 2 0 0 0 0 0 0 0 1
1990 -1 -1 4600 8 0 0 66 0 1 0 0 0 1 2300 3812 4058 3727 6140 136 1150 -4972 56 1522 5672 305 575 -1318 4937 -4481 7507 1 1
1991 -1 -1 574 8 0 19 7 0 2 0 8 0 0 287 -1847 3002 3384 5621 183 0
1992 1
1993 -1 -1 573 8 0 0 0 0 0 0 24 0 0 0
1994 1
1995 -1 -1 1145 8 0 4 1 0 0 0 14 0 5 1
1996 -1 -1 1144 8 0 6 1 0 1 0 0 0 49 572 -2195 -6850 -290 1284 287 286 -3860 -7538 -1335 -6016 122 143 2520 -4852 -1274 1281 328 0
1997 0
1998 0
1999 1
2000 -1 -1 1143 8 0 3 2 4 0 0 9 0 25 1
2001 -1 -1 1142 8 0 5 31 0 3 0 1 2 0 571 -1871 -6715 1618 3769 364 0
2002 0
2003 0
2004 0
2005 1
2006 -1 -1 9135 8 0 0 0 0 0 0 0 0 25 1
2007 -1 -1 9134 8 0 0 0 0 0 0 0 0 65 4567 -2656 4860 4677 -1471 211 1
2008 -1 -1 4566 8 0 0 0 0 0 0 0 0 35 2283 -3690 3107 2730 2448 130 1
2009 -1 -1 2282 8 0 4 0 0 1 0 0 0 0 1141 2357 -6224 -1782 7062 395 0
2010 1
2011 -1 -1 2281 8 0 0 0 0 7 3 0 0 50 1
2012 -1 -1 2280 8 0 0 17 0 9 2 0 1 22 1140 -285 -644 3360 7760 323 570 2499 -3933 -3996 7897 384 285 4115 7007 242 4442 6 0
2013 0
2014 1
2015 -1 -1 1139 8 0 0 0 0 1 39 0 1 2 1
2016 -1 -1 1138 8 0 3 0 0 0 0 0 0 34 569 2928 -7422 4737 5052 288 0
2017 1
2018 -1 -1 1137 8 0 4 0 9 3 0 2 9 14 1
2019 -1 -1 1136 8 0 8 1 0 24 8 5 1 1 568 -664 3980 2473 7576 307 284 917 -6353 -4608 -751 272 142 4971 -7637 1682 -7781 8 71 1369 -7104 -4198 1028 361 0
2020 0
2021 0
2022 1
2023 -1 -1 567 8 0 9 0 0 8 0 0 0 45 1
2024 -1 -1 566 8 0 28 10 1 7 0 0 0 3 283 1528 -569 -1835 -5225 8 0
2025 0
2026 1
2027 -1 -1 1131 8 0 3 0 11 1 0 2 0 0 0
2028 0
2029 1
2030 -1 -1 4523 8 0 11 0 2 10 0 10 0 0 0
2031 1
2032 -1 -1 9045 8 0 3 0 0 0 0 1 0 0 1
2033 -1 -1 9044 8 0 6 0 0 70 0 1 0 0 4522 -4665 -7754 -950 580 9 2261 577 892 -4253 3148 18 1
2034 -1 -1 2260 8 0 4 0 0 21 0 29 0 7 1130 -1101 7232 4198 5318 0 565 1426 -4987 1973 -6567 150 0
2035 0
2036 1
2037 -1 -1 2259 8 0 6 2 4 1 22 2 9 0 1
2038 -1 -1 2258 8 0 9 0 1 10 0 32 0 12 1129 2584 590 -1702 7911 394 0
2039 0
2040 1
2041 -1 -1 4515 8 0 3 0 0 0 0 14 0 3 0
2042 1
2043 -1 -1 9029 8 0 130 0 3 29 0 7 0 0 1
2044 -1 -1 9028 8 0 24 0 0 25 0 17 0 0 4514 -4621 1375 -499 7408 393 2257 -2474 3521 1200 -2906 21 0
2045 1
2046 -1 -1 4513 8 0 1 0 0 2 16 0 0 0 1
2047 -1 -1 4512 8 0 13 0 2 10 0 28 0 0 2256 -4446 366 3080 3482 396 1128 -4814 -6994 2175 6480 400 564 884 -6668 505 863 37 282 -737 3179 -2113 -4875 15 141 -1863 844 -4420 -6992 398 0
2048 0
2049 0
2050 0
2051 1
2052 -1 -1 2255 8 0 0 0 5 4 0 0 0 0 1
2053 -1 -1 2254 8 0 1 0 0 3 0 0 0 62 1127 1199 -2407 -289 7287 383 1
2054 -1 -1 1126 8 0 1 6 1 28 0 18 4 4 563 544 1777 4608 3862 367 0
2055 0
2056 1
2057 -1 -1 2251 8 0 2 0 0 0 4 1 0 0 0
2058 0
2059 1
2060 -1 -1 9003 8 0 0 0 0 0 0 0 4 0 1
2061 -1 -1 9002 8 0 0 0 0 0 0 0 79 0 4501 -2561 1004 -4688 563 152 1
2062 -1 -1 4500 8 0 0 0 0 3 0 1 10 0 2250 -890 -7255 955 -422 7 1125 -2872 -4130 4239 5088 374 0
2063 1
2064 -1 -1 2249 8 0 6 0 0 20 0 2 12 0 0
2065 1
2066 -1 -1 4497 8 0 6 0 0 1 0 0 0 0 0
2067 1
2068 -1 -1 8993 8 0 1 0 0 13 2 0 0 0 1
2069 -1 -1 8992 8 0 1 0 0 47 0 64 0 0 4496 1272 -3473 -4397 6387 266 2248 -2497 4719 3676 6137 390 1124 -272 -5436 2288 -7857 0 562 -3603 -1183 639 -1716 5 281 -2639 2761 78 -4079 6 0
2070 0
2071 1
2072 -1 -1 1123 8 0 11 6 0 0 0 0 17 0 0
2073 1
2074 -1 -1 2245 8 0 1 7 0 26 22 8 2 0 0
2075 1
2076 -1 -1 4489 8 0 4 0 3 6 0 0 8 0 0
2077 1
2078 -1 -1 8977 8 0 2 0 0 32 0 20 0 0 1
2079 -1 -1 8976 8 0 5 0 0 92 0 1 3 2 4488 -2755 5371 4864 1838 267 2244 3631 -4370 -2240 -4759 74 1122 -4008 4158 2364 237 23 561 59 -14 3483 -3105 381 0
2080 0
2081 1
2082 -1 -1 2243 8 0 2 18 8 19 12 2 0 1 0
2083 1
2084 -1 -1 4485 8 0 0 0 0 3 5 0 0 0 0
2085 1
2086 -1 -1 8969 8 0 0 0 83 0 0 0 0 0 1
2087 -1 -1 8968 8 0 1 0 2 1 0 0 0 0 4484 -1899 1467 1767 3644 1 2242 1559 -7228 -3317 -1839 29 1121 3246 -4973 -4684 -2202 12 0
2088 0
2089 1
2090 -1 -1 4483 8 0 2 7 0 26 3 0 2 0 1
2091 -1 -1 4482 8 0 0 54 0 3 0 0 0 1 2241 -4899 -5757 4393 3457 204 0
2092 1
2093 -1 -1 4481 8 0 6 3 0 10 24 0 7 0 0
2094 1
2095 -1 -1 8961 8 0 1 9 0 68 0 0 0 15 1
2096 -1 -1 8960 8 0 9 4 20 43 9 5 2 2 4480 -213 2483 1040 6348 219 2240 -1460 -2661 -1638 3724 200 1120 -4737 -5801 3537 2379 190 560 2840 -5642 2845 438 213 280 -1175 -4432 3429 7177 268 140 -3368 -3018 508 7244 327 70 1717 -3688 1588 7453 397 35 3779 -7260 -1440 2011 211 0
2097 0
2098 0
2099 0
2100 0
2101 0
2102 1
2103 -1 -1 2239 8 0 0 0 0 0 0 30 0 0 1
2104 -1 -1 2238 8 0 19 0 0 1 0 20 0 0 1119 -2468 3065 1589 1426 32 0
2105 1
2106 -1 -1 2237 8 0 1 0 0 35 0 2 0 0 0
2107 0
2108 1
2109 -1 -1 8947 8 0 2 0 0 0 0 0 0 0 1
2110 -1 -1 8946 8 0 1 0 0 3 0 76 0 0 4473 3617 -156 -1760 905 26 1
2111 -1 -1 4472 8 0 1 0 0 12 0 19 0 0 2236 -90 -134 -1929 7093 47 1118 -4968 -7669 -1235 1973 216 559 4871 -7623 471 4317 394 0
2112 0
2113 0
2114 1
2115 -1 -1 4471 8 0 7 0 0 1 0 2 0 0 0
2116 1
2117 -1 -1 8941 8 0 4 0 0 1 0 1 0 0 1
2118 -1 -1 8940 8 0 17 0 0 0 0 171 0 0 4470 -421 -2610 931 -7774 391 2235 1229 -6893 1736 -5369 26 1
2119 -1 -1 2234 8 0 14 0 0 2 0 6 0 0 1117 -2307 300 -376 5857 37 0
2120 1
2121 -1 -1 2233 8 0 25 0 0 5 2 1 0 2 1
2122 -1 -1 2232 8 0 15 0 0 5 2 32 0 0 1116 -667 986 1126 6264 60 558 488 -7418 2178 -1822 23 279 3571 -7577 1586 -153 138 0
2123 1
2124 -1 -1 557 8 0 14 0 0 5 0 25 0 0 0
2125 1
2126 -1 -1 1113 8 0 1 0 0 15 0 7 4 5 1
2127 -1 -1 1112 8 0 27 0 0 25 0 2 0 0 556 -4265 -567 -780 2938 33 278 -4593 -5241 -2930 -1735 398 139 341 -1401 -72 6867 43 0
2128 0
2129 1
2130 -1 -1 555 8 0 1 0 2 13 0 42 0 0 1
2131 -1 -1 554 8 0 3 8 0 2 0 2 12 0 277 -462 -6629 2003 3048 78 0
2132 1
2133 -1 -1 553 8 0 8 1 0 43 0 10 0 6 1
2134 -1 -1 552 8 0 39 0 0 20 1 5 2 0 276 1363 -4089 -4145 -4030 12 138 -3189 766 -204 2993 27 69 -241 -1693 -370 1287 6 0
2135 0
2136 0
2137 1
2138 -1 -1 551 8 0 1 0 0 0 1 1 26 0 1
2139 -1 -1 550 8 0 4 1 0 19 6 2 7 25 275 3029 3198 2283 -539 206 0
2140 1
2141 -1 -1 549 8 0 10 0 0 0 0 2 0 0 0
2142 1
2143 -1 -1 1097 8 0 0 4 1 1 3 12 0 0 0
2144 1
2145 -1 -1 2193 8 0 0 0 0 2 0 0 0 36 1
2146 -1 -1 2192 8 0 2 4 2 9 1 4 0 12 1096 692 -6057 -1849 3500 263 548 60 1133 703 2455 4 274 -4870 -6125 -3692 -1692 400 137 4086 6476 -2517 -7550 208 0
2147 0
2148 1
2149 -1 -1 547 8 0 4 0 0 1 10 0 0 0 1
2150 -1 -1 546 8 0 23 1 4 22 0 6 0 12 273 -3484 4317 4082 -7103 94 0
2151 1
2152 -1 -1 545 8 0 1 4 1 10 0 2 5 0 0
2153 1
2154 -1 -1 1089 8 0 0 4 0 0 0 7 0 4 0
2155 1
2156 -1 -1 2177 8 0 14 1 0 4 0 48 0 0 1
2157 -1 -1 2176 8 0 44 0 0 10 0 14 0 0 1088 -4224 1808 -2819 2534 12 544 -4541 7374 290 32 30 272 3881 3524 -490 -422 10 136 411 1537 -1319 -2329 0 68 4374 7934 -4266 -4483 0 34 -983 2468 -876 3394 1 17 -483 76 1871 7438 177 0
2158 0
2159 0
2160 1
2161 -1 -1 135 8 0 0 0 0 2 0 6 0 58 0
2162 0
2163 1
2164 -1 -1 539 8 0 8 0 0 4 0 6 0 20 0
2165 1
2166 -1 -1 1077 8 0 69 0 0 0 0 0 0 0 0
2167 1
2168 -1 -1 2153 8 0 6 0 0 0 0 5 0 0 0
2169 1
2170 -1 -1 4305 8 0 20 0 0 12 0 0 0 0 1
2171 -1 -1 4304 8 0 41 0 1 1 0 2 0 0 2152 -4873 -7586 1479 4966 20 1076 -3844 -7132 -3192 2398 55 538 3620 -1254 4019 -7134 231 269 -3464 -1503 2337 -2372 3 0
2172 0
2173 1
2174 -1 -1 1075 8 0 28 16 8 12 0 1 0 1 0
2175 1
2176 -1 -1 2149 8 0 2 0 0 3 0 5 3 1 1
2177 -1 -1 2148 8 0 51 0 0 5 1 7 0 2 1074 4717 5164 -3966 3539 114 537 -3843 2310 -2371 -6215 9 0
2178 0
2179 1
2180 -1 -1 2147 8 0 7 55 0 0 3 0 0 0 0
2181 1
2182 -1 -1 4293 8 0 1 6 1 6 0 5 1 31 0
2183 1
2184 -1 -1 8585 8 0 0 29 0 0 0 0 0 1 1
2185 -1 -1 8584 8 0 2 41 14 28 0 1 57 12 4292 -3572 5706 -2826 -2800 232 2146 2763 -7617 -1276 7212 341 1073 1881 -1291 -2943 -85 42 0
2186 1
2187 -1 -1 2145 8 0 7 1 6 26 5 7 0 15 0
2188 1
2189 -1 -1 4289 8 0 3 37 5 5 0 1 0 0 0
2190 1
2191 -1 -1 8577 8 0 1 0 0 1 17 0 0 0 1
2192 -1 -1 8576 8 0 25 20 0 10 6 0 0 2 4288 1473 5557 4423 -6176 235 2144 1733 5283 -4523 6696 41 1072 1242 -2457 4972 6168 13 536 -336 -1567 1755 6017 216 268 -3230 -219 2062 2536 394 134 2355 -2367 3475 2324 398 67 -2855 -4243 -100 -274 58 0
2193 0
2194 0
2195 1
2196 -1 -1 535 8 0 0 0 0 6 0 0 2 28 0
2197 0
2198 1
2199 -1 -1 2139 8 0 1 2 13 0 32 0 3 0 1
2200 -1 -1 2138 8 0 2 1 1 3 9 0 0 13 1069 -3864 4333 3957 -3485 0 0
2201 0
2202 1
2203 -1 -1 4275 8 0 0 0 11 5 47 0 0 0 1
2204 -1 -1 4274 8 0 1 5 2 24 5 1 0 0 2137 4641 -5093 1414 -5160 14 0
2205 1
2206 -1 -1 4273 8 0 0 0 3 13 7 0 0 5 0
2207 1
2208 -1 -1 8545 8 0 0 0 0 0 0 9 0 0 1
2209 -1 -1 8544 8 0 13 3 0 34 1 10 0 0 4272 -1495 3775 3425 -7459 333 2136 1178 -4317 2354 -1858 8 1068 1323 5216 4370 -5583 21 534 -653 3229 4745 -5395 49 267 3415 -6276 -2545 -6582 357 0
2210 0
2211 1
2212 -1 -1 1067 8 0 0 1 14 4 0 2 0 34 0
2213 0
2214 1
2215 -1 -1 4267 8 0 3 3 6 3 6 0 0 0 0
2216 1
2217 -1 -1 8533 8 0 2 0 0 34 0 5 4 4 1
2218 -1 -1 8532 8 0 23 0 1 36 4 20 0 0 4266 1550 4636 -1406 -3490 23 2133 707 -2096 390 -6023 210 0
2219 1
2220 -1 -1 4265 8 0 3 0 2 12 1 6 0 33 1
2221 -1 -1 4264 8 0 7 1 1 12 0 4 2 2 2132 -1984 4400 2613 -4001 6 1066 3178 202 4389 -6568 0 533 -2336 -5184 326 52 33 0
2222 0
2223 1
2224 -1 -1 2131 8 0 0 0 33 2 0 0 0 1 1
2225 -1 -1 2130 8 0 15 0 7 12 3 0 0 0 1065 2879 -5679 615 -5595 7 0
2226 1
2227 -1 -1 2129 8 0 38 0 0 0 0 0 0 0 0
2228 1
2229 -1 -1 4257 8 0 2 11 0 6 0 6 1 0 0
2230 1
2231 -1 -1 8513 8 0 17 0 0 1 0 10 0 0 1
2232 -1 -1 8512 8 0 18 0 1 25 0 1 0 0 4256 -2541 -7309 499 5660 19 2128 -4744 2683 -312 6548 187 1064 3797 -6516 -259 -7958 373 532 85 -5084 4510 3368 17 266 2879 4025 4342 -1370 1 133 1420 4552 -3472 3418 12 0
2233 0
2234 0
2235 1
2236 -1 -1 1063 8 0 9 2 5 15 0 2 0 0 0
2237 1
2238 -1 -1 2125 8 0 10 0 0 8 1 0 3 0 0
2239 1
2240 -1 -1 4249 8 0 9 0 0 11 0 5 0 0 0
2241 1
2242 -1 -1 8497 8 0 3 0 0 12 0 103 0 0 1
2243 -1 -1 8496 8 0 18 0 0 7 2 41 0 0 4248 2375 -2361 -4733 -1001 54 2124 69 -4493 4389 4945 9 1062 4962 -2262 114 -3161 9 531 3210 -1358 3360 -7921 38 0
2244 1
2245 -1 -1 1061 8 0 4 7 3 2 0 5 1 12 0
2246 1
2247 -1 -1 2121 8 0 0 1 14 5 10 0 0 0 1
2248 -1 -1 2120 8 0 5 0 1 36 3 0 0 5 1060 4284 6007 3706 -6232 51 530 -3901 7837 -3854 1311 5 265 -1362 -1250 -4503 -6784 361 0
2249 0
2250 1
2251 -1 -1 1059 8 0 16 0 18 17 0 0 0 10 1
2252 -1 -1 1058 8 0 9 7 0 8 0 26 4 5 529 1609 -5102 352 5459 14 0
2253 0
2254 1
2255 -1 -1 2115 8 0 2 7 0 1 0 4 0 0 0
2256 1
2257 -1 -1 4229 8 0 4 0 0 9 0 0 13 3 1
2258 -1 -1 4228 8 0 28 0 1 19 0 5 0 0 2114 3052 5920 -412 -6425 28 1057 232 4974 1536 -5425 56 0
2259 1
2260 -1 -1 2113 8 0 1 7 1 0 0 0 0 0 0
2261 1
2262 -1 -1 4225 8 0 22 0 1 28 0 13 0 0 0
2263 1
2264 -1 -1 8449 8 0 18 0 0 15 0 20 0 0 1
2265 -1 -1 8448 8 0 417 0 0 25 0 33 0 0 4224 165 6691 -4845 -5469 19 2112 3473 1886 4208 7713 24 1056 -1514 -4541 1491 -4166 240 528 1577 4222 3386 -7992 26 264 -4746 -1451 887 3545 26 132 -795 -1848 -4132 -7335 209 66 3034 4236 1686 2958 4 33 160 -388 3221 2980 181 0
2266 0
2267 0
2268 0
2269 0
2270 0
2271 1
2272 -1 -1 2111 8 0 0 0 2 2 0 0 0 0 0
2273 0
2274 1
2275 -1 -1 8443 8 0 0 0 0 1 0 0 0 0 1
2276 -1 -1 8442 8 0 0 0 0 0 0 69 0 0 4221 1011 2162 -4774 6205 305 1
2277 -1 -1 4220 8 0 7 0 0 7 0 33 0 0 2110 4937 -379 -1744 7075 63 1055 4882 6428 -2530 3189 48 1
2278 -1 -1 1054 8 0 7 0 0 4 0 0 0 0 527 1071 -7789 -4213 6259 84 1
2279 -1 -1 526 8 0 8 5 0 11 1 2 0 0 263 -3997 -2899 -2488 775 10 0
2280 1
2281 -1 -1 525 8 0 5 0 14 4 0 3 1 2 0
2282 0
2283 1
2284 -1 -1 2099 8 0 5 0 0 5 0 42 0 0 1
2285 -1 -1 2098 8 0 14 0 0 11 0 5 3 0 1049 -4934 -4525 -3309 -2082 11 0
2286 0
2287 1
2288 -1 -1 4195 8 0 8 0 0 18 0 0 1 0 0
2289 1
2290 -1 -1 8389 8 0 81 0 0 2 0 10 0 0 1
2291 -1 -1 8388 8 0 36 0 0 20 0 9 0 0 4194 -4104 5995 -3306 6754 3 2097 -2489 -4608 -1694 5949 180 1
2292 -1 -1 2096 8 0 14 0 0 21 0 24 0 0 1048 -4100 -6568 -3733 5638 2 524 -1815 1720 3401 1931 26 262 82 -4211 3372 3149 230 131 3581 -932 1653 310 9 0
2293 1
2294 -1 -1 261 8 0 3 30 0 1 0 0 0 5 1
2295 -1 -1 260 8 0 12 5 3 24 1 4 1 19 130 3665 2778 2329 7419 233 65 1957 -5363 3507 1677 2 0
2296 0
2297 0
2298 1
2299 -1 -1 519 8 0 3 7 5 7 0 4 0 0 0
2300 1
2301 -1 -1 1037 8 0 5 0 0 18 0 10 0 0 0
2302 0
2303 1
2304 -1 -1 4147 8 0 0 0 0 0 0 3 0 0 0
2305 1
2306 -1 -1 8293 8 0 3 0 0 1 0 0 0 0 1
2307 -1 -1 8292 8 0 84 0 0 0 0 2 0 0 4146 -2890 -6194 -4216 2724 51 2073 -3933 797 -2488 7802 218 0
2308 0
2309 1
2310 -1 -1 8291 8 0 14 0 0 11 0 20 0 0 1
2311 -1 -1 8290 8 0 26 0 0 10 0 0 0 0 4145 -2900 -5990 -4286 -2301 10 0
2312 1
2313 -1 -1 8289 8 0 127 0 0 25 0 4 0 0 1
2314 -1 -1 8288 8 0 7 0 0 13 0 1 0 0 4144 597 -341 -756 7608 5 2072 -2214 -7721 -2094 -5437 21 1036 -4764 1264 -2088 6516 26 518 529 -6144 -3090 6925 77 259 -4636 4985 3328 7859 99 0
2315 0
2316 1
2317 -1 -1 1035 8 0 10 9 0 3 0 4 0 0 0
2318 0
2319 1
2320 -1 -1 4139 8 0 23 0 0 34 0 0 0 0 1
2321 -1 -1 4138 8 0 22 0 0 1 0 0 0 0 2069 -2373 -7417 2538 6759 24 1
2322 -1 -1 2068 8 0 10 0 5 1 0 0 7 0 1034 -3449 59 -3303 6311 2 517 4740 -4880 -3546 -3795 25 0
2323 1
2324 -1 -1 1033 8 0 7 0 17 4 0 0 0 0 0
2325 0
2326 0
2327 1
2328 -1 -1 8263 8 0 32 1 0 28 0 0 0 0 1
2329 -1 -1 8262 8 0 143 0 0 21 0 0 0 0 4131 604 -59 -4783 -4903 2 0
2330 1
2331 -1 -1 8261 8 0 25 0 0 14 0 0 0 0 1
2332 -1 -1 8260 8 0 399 0 0 25 0 2 0 0 4130 2960 -4847 4921 -7079 49 2065 1324 -493 -2484 -230 5 0
2333 0
2334 1
2335 -1 -1 8259 8 0 3 0 0 5 0 0 0 0 1
2336 -1 -1 8258 8 0 998 0 1 17 0 0 0 0 4129 -3470 -4247 902 7292 151 0
2337 1
2338 -1 -1 8257 8 0 17 0 0 11 0 0 0 0 1
2339 -1 -1 8256 8 0 63 0 0 3 0 4 0 0 4128 -1455 3208 1267 7871 17 2064 -4554 -7755 -175 4623 2 1032 646 -876 -3233 7709 19 516 1462 -1581 1349 -111 13 258 2511 646 4979 5613 130 129 -3150 -7894 1849 1315 40 0
2340 0
2341 1
2342 -1 -1 515 8 0 3 22 3 2 0 0 0 11 0
2343 1
2344 -1 -1 1029 8 0 1 2 2 6 0 0 5 6 0
2345 1
2346 -1 -1 2057 8 0 10 0 0 2 0 13 0 0 1
2347 -1 -1 2056 8 0 28 4 1 34 0 2 0 0 1028 4732 1188 -3945 -1183 310 514 -402 3712 -518 287 4 257 -1812 -2468 -4831 -548 139 0
2348 0
2349 1
2350 -1 -1 1027 8 0 3 5 25 16 3 8 0 1 1
2351 -1 -1 1026 8 0 39 1 0 17 0 9 0 2 513 -3307 5204 2995 886 0 0
2352 0
2353 0
2354 1
2355 -1 -1 4103 8 0 44 0 0 5 0 3 0 0 1
2356 -1 -1 4102 8 0 5 0 0 6 0 26 0 0 2051 2138 7780 -2647 -7731 396 0
2357 1
2358 -1 -1 4101 8 0 1 0 6 4 0 0 0 0 0
2359 1
2360 -1 -1 8201 8 0 3 0 0 20 0 1 0 0 1
2361 -1 -1 8200 8 0 121 0 0 78 0 0 1 0 4100 2476 2580 -4202 -1471 21 2050 -4344 4828 -3160 2275 13 1025 138 -377 -3758 -1640 317 0
2362 0
2363 1
2364 -1 -1 4099 8 0 4 0 0 0 1 0 5 0 0
2365 1
2366 -1 -1 8197 8 0 113 0 0 35 0 3 0 0 1
2367 -1 -1 8196 8 0 176 2 0 7 0 0 0 0 4098 -167 -2130 -4982 -4972 10 2049 4022 -1337 2281 7327 167 0
2368 1
2369 -1 -1 4097 8 0 5 0 0 4 6 3 5 0 0
2370 1
2371 -1 -1 8193 8 0 6 5 2 8 0 0 2 5 1
2372 -1 -1 8192 8 0 57 1 0 12 0 0 9 0 4096 -4617 4795 3115 -7623 207 2048 -2114 -2182 -3889 -899 9 1024 -1276 1875 1296 4138 1 512 4462 -5940 990 6259 17 256 4498 7598 2823 5600 4 128 4328 -5970 425 -3684 26 64 -3112 -7022 374 249 2 32 -2122 -6147 -1218 6915 68 16 3670 4768 2775 2457 0 8 1678 -4682 1845 6588 75 4 385 2477 2258 -5457 38 2 -4273 7649 387 -145 20 1 732 7833 -3588 4107 0 1 2
