22 serialization::archive 15 0 0 0 0 1 0
0 0 0 0
1 0
2 0
3 0
4 0
5 0
6 0
7 1 1 0
8 -1 -1 511 8 0 1 1 0 0 2 0 0 1 0
9 0
10 1
11 -1 -1 2043 8 0 2 0 0 0 0 0 2 0 0
12 0
13 1
14 -1 -1 8171 8 0 0 0 0 0 0 0 25 0 0
15 1
16 -1 -1 16341 8 0 0 0 0 0 0 0 5 0 1
17 -1 -1 16340 8 0 0 0 0 0 0 0 87 0 8170 0 0 3356 3843 -1507 3464 104 4085 2752 -1587 4971 -5167 116 1
18 -1 -1 4084 8 0 0 0 0 0 0 0 18 0 2042 -4611 5022 4366 7005 0 1021 4732 -965 3914 812 9 1
19 -1 -1 1020 8 0 3 0 1 1 0 0 1 0 510 1848 -7720 689 -2650 6 255 2787 -6987 -891 1192 328 1
20 -1 -1 254 8 0 1 0 12 1 1 0 5 6 127 660 -6084 493 -1513 16 0
21 0
22 1
23 -1 -1 507 8 0 1 0 0 0 59 1 0 0 1
24 -1 -1 506 8 0 24 0 4 0 6 0 0 2 253 4249 -6403 -946 -65 25 1
25 -1 -1 252 8 0 3 1 1 0 2 2 18 19 126 -2648 4583 -4527 -5169 243 63 512 -6424 -1824 -1667 23 0
26 0
27 0
28 1
29 -1 -1 503 8 0 8 0 0 3 12 0 41 0 0
30 1
31 -1 -1 1005 8 0 7 0 1 1 0 0 8 0 0
32 1
33 -1 -1 2009 8 0 1 0 0 4 2 0 0 0 0
34 1
35 -1 -1 4017 8 0 5 0 0 0 3 0 0 0 0
36 1
37 -1 -1 8033 8 0 38 0 1 2 0 0 0 0 0
38 1
39 -1 -1 16065 8 0 44 0 0 0 0 0 0 0 1
40 -1 -1 16064 8 0 34 0 0 0 0 0 0 0 8032 1085 2285 -4159 -4046 362 4016 -3163 -3841 -4676 -2203 8 2008 -3005 -5377 -4907 -6277 5 1004 3724 -322 4624 3161 152 502 -68 -1051 -3399 -1866 235 251 1404 -2953 3376 -2053 230 0
41 1
42 -1 -1 501 8 0 57 6 0 0 0 0 2 0 0
43 0
44 1
45 -1 -1 2003 8 0 13 0 0 0 0 0 0 0 0
46 1
47 -1 -1 4005 8 0 15 0 0 0 0 0 0 0 0
48 1
49 -1 -1 8009 8 0 0 0 0 1 0 13 0 0 0
50 1
51 -1 -1 16017 8 0 8 0 0 0 0 0 0 0 1
52 -1 -1 16016 8 0 24 0 0 1 0 67 0 0 8008 -2033 -3102 2127 522 18 4004 -3754 561 1203 -6154 112 2002 4542 -5738 4278 -7630 0 1001 1010 -7482 3453 2081 27 1
53 -1 -1 1000 8 0 52 0 0 1 0 0 0 0 500 -4531 141 644 -1291 5 250 3847 -5936 -3028 -6438 0 125 920 -7858 -772 -5400 8 0
54 1
55 -1 -1 249 8 0 2 14 1 5 45 0 2 0 0
56 1
57 -1 -1 497 8 0 1 4 0 9 1 7 20 0 1
58 -1 -1 496 8 0 5 26 2 8 0 0 0 5 248 -971 -2112 3806 -4600 0 124 -4030 6243 1208 -3592 283 62 2249 6543 -1228 91 395 31 1703 -2223 4435 -242 162 0
59 0
60 0
61 1
62 -1 -1 247 8 0 45 0 0 0 0 0 0 1 0
63 0
64 1
65 -1 -1 987 8 0 2 1 0 1 0 0 0 0 0
66 1
67 -1 -1 1973 8 0 1 3 0 1 0 0 0 0 0
68 0
69 1
70 -1 -1 7891 8 0 0 4 0 0 0 0 0 0 0
71 1
72 -1 -1 15781 8 0 0 65 0 0 0 0 0 0 1
73 -1 -1 15780 8 0 0 51 0 0 0 0 0 0 7890 4274 -4176 -2157 -3349 283 3945 -2201 -4729 2775 -5072 100 1
74 -1 -1 3944 8 0 0 22 0 0 0 0 0 0 1972 1302 -4412 -2863 -6646 261 986 -466 -5666 3153 4249 11 493 -1483 -6722 -4318 -3634 297 1
75 -1 -1 492 8 0 8 3 0 0 0 0 0 0 246 883 -2576 -4999 435 111 123 4962 -6161 -4938 -6800 381 0
76 0
77 1
78 -1 -1 491 8 0 10 0 0 0 3 0 0 3 0
79 1
80 -1 -1 981 8 0 4 2 0 4 0 0 0 0 1
81 -1 -1 980 8 0 3 1 61 2 1 0 0 0 490 1414 3713 -4279 1534 66 245 -853 -3799 4439 -3416 16 0
82 0
83 1
84 -1 -1 979 8 0 1 0 0 0 0 2 0 0 0
85 1
86 -1 -1 1957 8 0 1 1 0 0 0 0 0 0 0
87 1
88 -1 -1 3913 8 0 12 0 0 0 0 1 0 0 0
89 1
90 -1 -1 7825 8 0 2 0 0 0 0 0 0 0 0
91 1
92 -1 -1 15649 8 0 23 0 0 0 0 0 0 0 1
93 -1 -1 15648 8 0 77 0 0 0 0 0 0 0 7824 1589 -21 3692 -2161 355 3912 1694 -1546 2511 4596 99 1956 -3633 -3830 877 -2855 10 978 1192 -1602 -613 -1079 113 489 -877 3356 4742 4810 17 1
94 -1 -1 488 8 0 0 0 0 1 0 0 0 8 244 -3126 7365 1086 6477 0 122 3797 -7010 673 -837 21 61 3845 -3822 -4879 -1450 286 0
95 0
96 0
97 0
98 0
99 1
100 -1 -1 1951 8 0 0 0 0 0 0 38 0 0 0
101 1
102 -1 -1 3901 8 0 1 0 0 12 0 35 0 0 1
103 -1 -1 3900 8 0 3 0 2 24 2 1 0 0 1950 4248 -2201 -3053 7405 359 975 -2163 3655 4673 -5344 76 1
104 -1 -1 974 8 0 6 0 8 42 0 2 0 0 487 1752 6040 4546 -388 30 0
105 1
106 -1 -1 973 8 0 4 0 0 13 3 3 41 0 1
107 -1 -1 972 8 0 3 0 0 21 13 4 1 1 486 2113 -4176 -1617 818 8 243 -292 -1076 3369 -6316 6 0
108 1
109 -1 -1 485 8 0 36 0 0 2 0 5 0 1 0
110 0
111 1
112 -1 -1 1939 8 0 0 0 0 2 0 1 26 0 1
113 -1 -1 1938 8 0 1 0 0 23 0 0 9 30 969 1758 6333 4113 -4149 34 0
114 1
115 -1 -1 1937 8 0 1 0 0 1 32 0 0 1 0
116 0
117 1
118 -1 -1 7747 8 0 0 1 0 11 7 2 0 2 1
119 -1 -1 7746 8 0 0 0 0 7 0 0 1 56 3873 3805 -1678 809 -6597 7 1
120 -1 -1 3872 8 0 5 12 7 7 0 2 0 0 1936 3297 6508 -3206 -5147 178 968 -448 -7805 2341 -1605 371 484 -333 -875 -2224 -3596 269 242 3518 -3937 -1326 966 398 121 4244 838 4747 -5913 1 0
121 0
122 0
123 1
124 -1 -1 967 8 0 2 1 0 18 0 0 7 23 0
125 0
126 1
127 -1 -1 3867 8 0 0 0 0 1 0 1 0 0 0
128 1
129 -1 -1 7733 8 0 1 0 0 0 0 0 0 0 0
130 1
131 -1 -1 15465 8 0 0 5 0 0 0 0 0 0 1
132 -1 -1 15464 8 0 0 107 0 0 0 0 0 0 7732 1995 -6812 2629 -4663 197 3866 2300 7526 746 5857 189 1933 -4527 -1899 3798 -1504 395 0
133 1
134 -1 -1 3865 8 0 0 3 6 11 0 1 0 3 1
135 -1 -1 3864 8 0 0 25 0 1 0 0 0 20 1932 -3495 2548 -4353 -3525 9 966 4298 7074 1449 -763 47 483 -4073 365 1170 -7100 398 0
136 0
137 1
138 -1 -1 1931 8 0 0 5 3 3 0 0 6 4 0
139 1
140 -1 -1 3861 8 0 0 0 22 0 0 0 0 0 1
141 -1 -1 3860 8 0 0 0 49 0 0 0 0 0 1930 3154 7895 2758 4747 370 965 3619 3466 4509 -4751 355 1
142 -1 -1 964 8 0 0 0 1 7 34 0 1 4 482 3644 3960 -3705 6424 28 241 2924 1192 1417 -5855 385 0
143 0
144 0
145 0
146 0
147 1
148 -1 -1 7711 8 0 0 0 0 0 0 0 0 2 0
149 1
150 -1 -1 15421 8 0 0 0 0 0 0 0 0 39 1
151 -1 -1 15420 8 0 0 0 0 0 0 0 0 44 7710 731 -2344 -56 -5898 29 3855 -2728 -775 4310 7187 137 1
152 -1 -1 3854 8 0 1 0 3 0 0 0 0 13 1927 2135 2564 3796 -2510 1 1
153 -1 -1 1926 8 0 0 0 6 0 0 0 0 0 963 -953 4049 4748 2399 0 0
154 1
155 -1 -1 1925 8 0 0 3 35 3 0 17 0 0 0
156 0
157 1
158 -1 -1 7699 8 0 0 17 0 5 0 17 0 8 0
159 1
160 -1 -1 15397 8 0 3 1 0 3 0 1 0 71 1
161 -1 -1 15396 8 0 2 5 16 0 0 0 4 12 7698 -2604 -2098 574 -4075 206 3849 3773 7827 73 331 42 1
162 -1 -1 3848 8 0 1 39 0 4 0 1 15 0 1924 -1460 6864 1580 -2807 242 962 2449 3230 -2500 6783 21 481 1823 3450 -3110 -1152 196 0
163 1
164 -1 -1 961 8 0 3 0 0 4 0 29 0 0 0
165 0
166 0
167 0
168 1
169 -1 -1 15375 8 0 0 0 0 3 0 0 0 6 1
170 -1 -1 15374 8 0 1 0 0 0 0 0 0 171 7687 -4545 -463 2704 7799 368 1
171 -1 -1 7686 8 0 1 0 0 1 0 0 6 1 3843 -966 5640 1494 -6216 390 0
172 1
173 -1 -1 7685 8 0 0 0 0 4 8 1 3 52 1
174 -1 -1 7684 8 0 1 0 0 1 10 5 32 4 3842 4500 7467 -2509 1427 163 1921 -432 400 1633 -5662 350 0
175 1
176 -1 -1 3841 8 0 0 4 5 8 0 0 0 2 0
177 1
178 -1 -1 7681 8 0 0 2 0 0 0 1 0 15 0
179 1
180 -1 -1 15361 8 0 0 1 1 0 0 0 2 9 1
181 -1 -1 15360 8 0 0 0 0 1 2 4 106 6 7680 4006 3021 2838 -7522 246 3840 -1310 141 -1958 3175 379 1920 -4678 -458 571 -7666 8 960 -2740 7684 996 -2952 20 480 1269 -7503 -3543 5637 356 240 -1502 -716 3099 -5774 391 120 4074 909 4602 -7523 281 60 4726 -5450 -1101 -6912 5 30 -4207 5372 241 -134 396 15 -4332 -7605 -1659 -1282 3 0
182 0
183 0
184 0
185 0
186 1
187 -1 -1 479 8 0 0 18 4 15 4 0 11 8 0
188 0
189 1
190 -1 -1 1915 8 0 0 0 0 0 0 2 0 0 0
191 1
192 -1 -1 3829 8 0 0 0 0 1 0 0 0 0 0
193 1
194 -1 -1 7657 8 0 0 0 0 0 0 0 1 0 0
195 1
196 -1 -1 15313 8 0 0 0 0 0 0 0 34 0 1
197 -1 -1 15312 8 0 0 0 0 0 0 0 64 0 7656 -90 -222 3298 -596 383 3828 -1811 -3414 -4964 -1621 60 1914 -2703 -825 -3362 2587 248 957 4318 -1901 2670 3886 36 1
198 -1 -1 956 8 0 2 0 0 7 0 5 3 3 478 -4160 -1264 2060 -7768 397 239 2173 -6845 -1501 -7397 0 0
199 1
200 -1 -1 477 8 0 0 0 5 0 4 0 2 1 0
201 0
202 1
203 -1 -1 1907 8 0 0 0 1 2 0 0 0 0 0
204 1
205 -1 -1 3813 8 0 1 0 0 0 0 0 0 0 0
206 1
207 -1 -1 7625 8 0 0 0 0 0 0 0 30 0 0
208 1
209 -1 -1 15249 8 0 0 0 0 0 0 0 17 0 1
210 -1 -1 15248 8 0 0 0 0 0 0 0 85 0 7624 405 7149 2342 6088 5 3812 -769 -7313 -2894 5532 276 1906 4575 7544 -1297 -7182 399 953 4336 -2792 4620 -769 327 0
211 1
212 -1 -1 1905 8 0 0 0 0 6 6 0 3 0 0
213 1
214 -1 -1 3809 8 0 0 0 0 0 8 0 1 0 0
215 1
216 -1 -1 7617 8 0 0 0 0 0 3 0 1 0 0
217 1
218 -1 -1 15233 8 0 0 0 0 0 0 0 10 0 1
219 -1 -1 15232 8 0 0 0 0 0 0 0 64 0 7616 3870 330 -252 1008 195 3808 -4675 -2211 416 -3667 216 1904 3128 -5000 -4388 1063 18 952 1880 5247 -2607 5883 41 476 1272 -5824 -4836 5486 228 238 666 498 1601 -5235 246 119 -691 722 2050 -7929 19 0
220 1
221 -1 -1 237 8 0 0 0 16 1 2 0 8 0 1
222 -1 -1 236 8 0 0 4 1 5 32 0 2 3 118 1398 6541 -3936 2263 266 59 2924 6320 -2989 4282 8 0
223 0
224 0
225 1
226 -1 -1 471 8 0 0 1 0 0 0 0 8 0 0
227 1
228 -1 -1 941 8 0 0 3 7 3 15 0 0 0 0
229 1
230 -1 -1 1881 8 0 0 0 3 0 1 0 0 0 0
231 0
232 1
233 -1 -1 7523 8 0 0 0 0 0 11 0 0 0 0
234 1
235 -1 -1 15045 8 0 0 0 0 0 27 0 0 0 1
236 -1 -1 15044 8 0 0 0 0 0 49 0 0 0 7522 -3869 -5815 4797 -74 176 3761 -2110 -7403 2580 -1730 229 1
237 -1 -1 3760 8 0 0 0 0 0 33 0 0 0 1880 -3694 1554 4739 -4960 70 940 1576 1361 -730 -3985 300 470 -2109 5224 1041 -464 287 235 -2144 -3255 -1733 -926 325 1
238 -1 -1 234 8 0 0 4 4 4 0 1 20 0 117 -2600 5391 -868 -1444 198 0
239 1
240 -1 -1 233 8 0 0 47 3 3 2 0 0 6 0
241 0
242 0
243 1
244 -1 -1 1863 8 0 0 34 8 1 2 1 1 0 0
245 1
246 -1 -1 3725 8 0 0 4 0 1 0 0 1 0 0
247 0
248 1
249 -1 -1 14899 8 0 0 1 0 1 0 0 0 0 1
250 -1 -1 14898 8 0 0 0 89 0 0 0 0 0 7449 2624 5050 -2737 6509 150 1
251 -1 -1 7448 8 0 0 0 11 6 0 0 0 1 3724 257 6003 -1477 -6957 262 1862 2352 1480 -4220 1394 338 931 -3637 6292 4929 -3708 295 0
252 1
253 -1 -1 1861 8 0 0 13 5 3 1 0 22 13 0
254 0
255 1
256 -1 -1 7443 8 0 0 2 6 0 43 1 1 0 1
257 -1 -1 7442 8 0 0 7 18 3 0 0 1 0 3721 4096 6974 3666 3589 2 0
258 1
259 -1 -1 7441 8 0 0 8 0 5 0 0 9 1 0
260 1
261 -1 -1 14881 8 0 0 0 90 6 1 0 4 5 1
262 -1 -1 14880 8 0 0 4 20 5 22 0 9 1 7440 3217 7676 4005 -4524 63 3720 -3710 -4803 -1384 3569 234 1860 1762 4582 4768 -6276 270 930 -1651 6934 -1243 569 271 465 -4872 5247 -4731 1126 237 0
263 0
264 1
265 -1 -1 1859 8 0 0 0 0 0 2 0 52 1 0
266 1
267 -1 -1 3717 8 0 0 13 10 5 1 0 1 2 0
268 1
269 -1 -1 7433 8 0 0 0 2 1 21 0 1 0 0
270 1
271 -1 -1 14865 8 0 0 0 0 17 4 0 32 0 1
272 -1 -1 14864 8 0 1 0 1 38 9 1 0 2 7432 1091 5439 -1073 602 254 3716 -3159 5237 -480 143 272 1858 1117 -1466 -4483 -6752 185 929 138 -4112 -4615 -2268 294 1
273 -1 -1 928 8 0 0 0 5 4 51 0 2 0 464 -384 6589 4117 -7222 7 232 4778 -4851 741 -1940 0 116 1868 -6149 3268 -2642 340 58 -4946 1341 2603 -3192 291 29 3537 4320 4712 -6336 345 0
274 0
275 0
276 0
277 1
278 -1 -1 463 8 0 0 9 0 2 0 0 36 0 0
279 0
280 0
281 0
282 1
283 -1 -1 7407 8 0 0 0 11 0 0 0 0 0 1
284 -1 -1 7406 8 0 0 0 64 0 0 0 0 0 3703 -666 -2299 3016 -2 156 1
285 -1 -1 3702 8 0 1 0 0 0 5 0 0 0 1851 -1314 6144 339 3912 0 1
286 -1 -1 1850 8 0 0 8 4 5 4 0 2 0 925 -660 -231 -4824 2034 302 1
287 -1 -1 924 8 0 0 10 0 1 22 1 2 6 462 -403 6544 -3423 5133 6 231 2089 2499 4898 1036 382 0
288 0
289 1
290 -1 -1 923 8 0 0 40 2 0 9 1 0 0 0
291 1
292 -1 -1 1845 8 0 0 22 0 1 5 0 0 29 0
293 1
294 -1 -1 3689 8 0 0 1 1 1 1 0 0 0 0
295 1
296 -1 -1 7377 8 0 0 0 0 1 0 0 0 0 0
297 1
298 -1 -1 14753 8 0 0 1 0 0 0 0 0 0 1
299 -1 -1 14752 8 0 0 0 0 0 0 0 0 117 7376 625 4607 -1682 -438 336 3688 -4929 6466 -4215 1893 372 1844 -1253 5546 -3032 4416 6 922 332 5096 1478 -3698 327 461 3521 7603 -3234 849 37 0
300 0
301 1
302 -1 -1 1843 8 0 0 12 11 0 0 0 1 35 1
303 -1 -1 1842 8 0 0 4 0 2 8 1 8 2 921 819 580 -4026 -3697 224 0
304 0
305 1
306 -1 -1 3683 8 0 1 2 2 1 2 5 0 4 0
307 0
308 1
309 -1 -1 14731 8 0 0 396 2 13 0 0 0 0 1
310 -1 -1 14730 8 0 0 4 4 3 0 0 0 0 7365 122 322 3990 -2051 169 1
311 -1 -1 7364 8 0 0 32 10 4 5 0 3 0 3682 -1031 7073 2712 -5763 281 1841 -2991 7008 4997 4126 343 1
312 -1 -1 1840 8 0 0 6 26 10 0 0 2 1 920 2858 -5474 -1331 -7425 0 460 -2874 5001 -1649 -6666 320 230 -4824 2696 -1966 -5940 302 115 1427 4170 -2289 -2023 337 0
313 0
314 1
315 -1 -1 459 8 0 1 0 0 0 28 7 3 1 0
316 0
317 1
318 -1 -1 1835 8 0 0 1 1 0 0 0 0 2 0
319 0
320 1
321 -1 -1 7339 8 0 0 41 0 0 0 0 0 0 1
322 -1 -1 7338 8 0 0 30 0 0 0 0 0 0 3669 -2481 3454 2232 -4021 286 0
323 1
324 -1 -1 7337 8 0 0 27 0 0 0 0 0 0 1
325 -1 -1 7336 8 0 0 53 0 0 0 0 0 0 3668 -4187 3567 -4103 1066 198 1834 -2212 4305 -382 834 29 917 -3235 6987 -851 7265 0 1
326 -1 -1 916 8 0 1 14 3 2 12 0 0 2 458 3276 7516 -4196 -2232 299 229 -1851 7956 3432 -4658 400 0
327 0
328 0
329 1
330 -1 -1 1831 8 0 0 9 8 0 29 1 0 0 0
331 1
332 -1 -1 3661 8 0 0 0 0 5 14 1 2 0 0
333 1
334 -1 -1 7321 8 0 0 1 11 1 15 1 0 0 0
335 1
336 -1 -1 14641 8 0 0 0 2 0 8 0 0 0 1
337 -1 -1 14640 8 0 0 3 279 6 3 0 0 3 7320 4874 4601 1434 -1700 360 3660 3071 4822 -1702 2312 318 1830 -3831 -3113 2030 -5607 244 915 2532 6248 4211 1086 348 0
338 1
339 -1 -1 1829 8 0 0 2 0 0 30 0 0 0 0
340 1
341 -1 -1 3657 8 0 1 2 0 6 8 1 18 0 0
342 1
343 -1 -1 7313 8 0 0 50 11 0 1 0 0 0 0
344 1
345 -1 -1 14625 8 0 0 6 5 3 20 0 2 1 1
346 -1 -1 14624 8 0 1 11 60 6 2 1 0 0 7312 -2978 7440 2984 -7015 290 3656 -482 3478 -3924 1111 278 1828 -3703 -3513 -2397 -7961 4 914 142 1534 -3529 -2271 330 457 508 -1730 -4937 -7415 241 0
347 0
348 0
349 0
350 1
351 -1 -1 7311 8 0 0 21 1 0 0 0 0 0 1
352 -1 -1 7310 8 0 0 1 67 0 0 0 0 0 3655 -1939 4032 2461 -23 37 1
353 -1 -1 3654 8 0 0 44 0 0 0 0 0 0 1827 -3326 7693 -3364 4797 8 0
354 1
355 -1 -1 3653 8 0 0 1 0 0 7 0 0 0 0
356 0
357 1
358 -1 -1 14611 8 0 0 3 0 5 0 0 0 0 1
359 -1 -1 14610 8 0 0 76 0 1 0 0 0 0 7305 3954 927 -1131 -6671 331 1
360 -1 -1 7304 8 0 0 0 0 0 0 1 1 0 3652 2471 5951 -817 -5904 109 1826 3525 -6732 -2992 621 251 913 1986 4857 -1995 -4243 342 0
361 0
362 0
363 1
364 -1 -1 7303 8 0 0 21 1 0 0 0 7 0 0
365 1
366 -1 -1 14605 8 0 0 4 0 6 77 5 0 0 1
367 -1 -1 14604 8 0 0 9 5 5 0 0 0 0 7302 -4750 7388 737 208 26 3651 2446 3059 -2786 1217 329 0
368 0
369 1
370 -1 -1 14603 8 0 0 3 55 10 3 0 0 0 1
371 -1 -1 14602 8 0 0 0 1 10 7 1 0 0 7301 2740 4208 -1068 -5976 250 0
372 1
373 -1 -1 14601 8 0 0 12 61 6 8 0 2 0 1
374 -1 -1 14600 8 0 0 127 52 12 0 0 0 0 7300 -1980 6651 -4341 2238 71 3650 4810 -1477 -4442 -4488 5 1825 -3313 6948 -434 -6578 344 0
375 1
376 -1 -1 3649 8 0 0 0 0 1 59 0 0 0 1
377 -1 -1 3648 8 0 0 24 2 0 11 1 1 4 1824 3733 -1835 -3240 2098 278 912 2029 7790 -3750 -858 2 456 5000 692 282 -5217 316 228 1125 7816 -3187 6279 21 114 4939 5703 416 -4047 390 57 325 4627 4945 5745 46 0
378 0
379 0
380 1
381 -1 -1 455 8 0 1 2 0 4 0 19 2 0 0
382 1
383 -1 -1 909 8 0 0 0 0 0 0 0 0 9 0
384 1
385 -1 -1 1817 8 0 0 0 11 4 0 1 0 0 0
386 1
387 -1 -1 3633 8 0 0 0 49 0 0 0 0 0 0
388 1
389 -1 -1 7265 8 0 0 0 19 0 0 0 0 0 1
390 -1 -1 7264 8 0 0 0 69 0 0 0 0 0 3632 1387 -5160 -180 -4981 342 1816 2120 5149 2760 -1786 165 908 454 6266 3669 -7613 20 454 -4518 3888 4663 7507 109 227 4585 5152 -3420 1308 334 0
391 1
392 -1 -1 453 8 0 1 9 17 8 0 0 0 0 0
393 0
394 1
395 -1 -1 1811 8 0 0 4 0 1 0 0 0 6 0
396 1
397 -1 -1 3621 8 0 0 0 0 1 0 0 0 0 0
398 0
399 1
400 -1 -1 14483 8 0 0 0 0 0 0 0 0 7 1
401 -1 -1 14482 8 0 0 0 0 0 0 0 0 132 7241 -147 -7274 -4761 3338 177 1
402 -1 -1 7240 8 0 0 0 0 0 0 0 0 3 3620 4368 -6087 -3502 -4431 204 1810 3450 578 -1289 4624 400 905 3164 -2740 3801 -6581 0 0
403 1
404 -1 -1 1809 8 0 0 1 0 1 0 4 0 37 1
405 -1 -1 1808 8 0 0 20 5 5 0 0 0 10 904 -1154 5395 -3258 -7751 299 452 3195 -4994 -2206 5726 335 226 -3645 -6854 -2291 -2724 4 113 3210 3991 -4771 -4815 308 0
406 0
407 0
408 0
409 0
410 1
411 -1 -1 3615 8 0 0 1 0 0 0 0 0 33 0
412 1
413 -1 -1 7229 8 0 0 45 0 3 0 0 0 9 1
414 -1 -1 7228 8 0 0 0 0 1 1 0 13 0 3614 3010 4537 -2727 3596 362 1807 1544 581 -920 -3256 365 0
415 1
416 -1 -1 3613 8 0 0 33 5 2 0 0 1 0 0
417 0
418 1
419 -1 -1 14451 8 0 0 0 50 0 1 0 0 0 1
420 -1 -1 14450 8 0 0 0 23 10 0 0 2 0 7225 3910 7971 387 573 44 1
421 -1 -1 7224 8 0 0 11 15 2 0 0 0 0 3612 4143 -3434 -4175 -7933 38 1806 -2996 3369 -4497 -6706 360 903 22 411 1340 7155 344 0
422 0
423 1
424 -1 -1 3611 8 0 0 0 1 2 0 0 0 0 0
425 1
426 -1 -1 7221 8 0 0 1 0 0 0 1 0 0 0
427 1
428 -1 -1 14441 8 0 0 0 0 1 0 0 0 0 1
429 -1 -1 14440 8 0 0 0 0 0 0 0 0 81 7220 2015 -1375 -658 -2864 316 3610 792 -1299 3441 -1235 326 1805 -4921 7696 1705 -2368 24 1
430 -1 -1 1804 8 0 2 1 0 11 0 0 0 1 902 4376 5573 -2221 6755 5 451 1670 4069 4087 -6159 39 0
431 0
432 1
433 -1 -1 1803 8 0 0 0 0 5 48 0 0 5 0
434 1
435 -1 -1 3605 8 0 0 0 0 1 0 0 0 9 1
436 -1 -1 3604 8 0 0 0 1 2 0 3 60 0 1802 4533 4389 2362 -7143 321 901 -4971 6173 -4862 1762 271 0
437 1
438 -1 -1 1801 8 0 1 4 8 5 13 0 32 0 0
439 0
440 1
441 -1 -1 7203 8 0 0 0 0 31 20 5 1 3 1
442 -1 -1 7202 8 0 2 0 0 1 1 1 0 18 3601 2632 4799 4608 -5645 5 0
443 1
444 -1 -1 7201 8 0 1 5 17 0 0 0 0 0 0
445 1
446 -1 -1 14401 8 0 0 12 11 7 0 0 0 2 1
447 -1 -1 14400 8 0 3 3 4 27 1 0 3 57 7200 4625 7267 3982 -6283 334 3600 588 5803 -4626 3229 363 1800 4994 -28 3289 -3501 6 900 933 4722 -3079 -4382 382 450 3689 138 -2845 2844 302 225 2932 4521 354 -7845 350 0
448 0
449 0
450 0
451 1
452 -1 -1 3599 8 0 0 0 24 5 2 0 0 0 0
453 1
454 -1 -1 7197 8 0 0 0 4 5 0 0 0 0 0
455 1
456 -1 -1 14393 8 0 0 0 1 0 1 0 0 0 1
457 -1 -1 14392 8 0 1 0 0 2 0 0 0 87 7196 1118 2799 -4304 3119 113 3598 1998 2755 2049 -2901 220 1799 1044 4263 -2055 -5567 231 0
458 0
459 1
460 -1 -1 7195 8 0 2 8 2 0 1 0 2 4 1
461 -1 -1 7194 8 0 1 0 0 3 6 0 0 48 3597 -732 1249 1076 -4868 248 1
462 -1 -1 3596 8 0 0 11 3 7 42 1 0 2 1798 -2875 1885 3811 -4484 224 899 -3738 3029 -3897 6022 0 0
463 0
464 0
465 1
466 -1 -1 7191 8 0 0 0 1 0 34 0 0 0 1
467 -1 -1 7190 8 0 0 0 20 4 23 0 0 0 3595 4589 932 4065 5573 1 1
468 -1 -1 3594 8 0 0 1 25 0 5 0 3 0 1797 3701 -2384 -2264 811 0 0
469 0
470 1
471 -1 -1 7187 8 0 1 17 16 2 8 0 0 4 1
472 -1 -1 7186 8 0 0 59 1 1 4 0 0 0 3593 -1260 4048 -1099 565 1 0
473 0
474 1
475 -1 -1 14371 8 0 0 0 3 3 7 0 0 4 1
476 -1 -1 14370 8 0 0 32 19 2 0 0 0 3 7185 3853 -218 -1490 -6444 66 0
477 1
478 -1 -1 14369 8 0 2 2 0 0 2 0 7 6 1
479 -1 -1 14368 8 0 0 4 112 5 8 0 1 6 7184 -2049 5837 4274 -3787 304 3592 1055 -352 -3321 1827 231 1796 -4061 4266 -3555 -6015 185 898 4695 -1131 -2980 -3810 15 449 -3207 1268 1065 -7109 32 0
480 0
481 0
482 0
483 0
484 1
485 -1 -1 14367 8 0 0 2 0 11 1 2 0 5 1
486 -1 -1 14366 8 0 0 1 37 9 3 1 0 4 7183 -1663 3293 4762 -7704 302 1
487 -1 -1 7182 8 0 0 0 5 1 1 0 18 1 3591 -4222 3294 -3730 -5464 9 1
488 -1 -1 3590 8 0 0 1 2 39 1 16 4 1 1795 1437 3077 2650 -7351 203 0
489 0
490 1
491 -1 -1 7179 8 0 0 2 1 7 56 0 0 0 1
492 -1 -1 7178 8 0 0 0 2 6 0 3 0 3 3589 368 50 -2291 -6980 236 0
493 0
494 1
495 -1 -1 14355 8 0 0 0 114 0 0 0 0 0 1
496 -1 -1 14354 8 0 0 1 23 8 20 0 0 3 7177 3177 5499 34 -5233 283 0
497 1
498 -1 -1 14353 8 0 0 4 39 4 6 5 1 0 1
499 -1 -1 14352 8 0 0 27 18 30 42 0 2 0 7176 -180 6821 2410 -919 66 3588 -2595 1122 3298 -6340 202 1794 1672 17 -1498 7173 233 897 -4563 -1355 4801 -6982 7 0
500 1
501 -1 -1 1793 8 0 1 6 3 7 4 12 15 4 0
502 0
503 1
504 -1 -1 7171 8 0 0 7 2 25 0 0 0 0 1
505 -1 -1 7170 8 0 0 14 18 3 26 0 1 0 3585 3032 7291 3976 4568 14 0
506 0
507 1
508 -1 -1 14339 8 0 1 0 22 3 3 0 0 3 1
509 -1 -1 14338 8 0 0 8 58 9 263 2 0 2 7169 -3571 733 2776 -145 8 0
510 1
511 -1 -1 14337 8 0 0 3 5 9 202 1 0 2 1
512 -1 -1 14336 8 0 0 24 5 11 42 0 0 1 7168 4730 1804 3045 -2928 7 3584 -886 1374 3065 -7660 20 1792 3649 -6190 87 56 22 896 -3870 -7586 -3981 7655 233 448 -3214 3384 -1595 -6104 5 224 -798 4 4411 -2454 176 112 -176 159 -2274 -7199 298 56 3969 -5421 -2874 1680 328 28 1034 6417 3511 -3771 277 14 3625 4012 274 -612 168 7 1465 6639 -1605 -6232 394 0
513 0
514 0
515 0
516 0
517 1
518 -1 -1 223 8 0 3 2 0 5 0 40 0 0 0
519 1
520 -1 -1 445 8 0 1 0 0 1 0 7 0 44 1
521 -1 -1 444 8 0 0 1 0 10 0 18 4 10 222 2774 4171 2393 -3434 299 111 -4367 -3390 -389 -4650 368 0
522 0
523 1
524 -1 -1 443 8 0 0 4 0 5 0 3 0 21 0
525 1
526 -1 -1 885 8 0 0 0 1 0 0 7 1 0 0
527 1
528 -1 -1 1769 8 0 0 6 2 0 4 0 0 0 0
529 1
530 -1 -1 3537 8 0 0 0 0 2 6 0 0 0 0
531 1
532 -1 -1 7073 8 0 0 2 31 0 1 0 0 1 1
533 -1 -1 7072 8 0 1 0 31 14 0 1 0 5 3536 -1381 -1699 -2079 -6630 216 1768 4836 3074 359 -6687 332 884 1875 -932 -1737 1736 13 442 4123 3677 -2251 1205 105 221 -4106 2517 3386 3861 256 0
534 0
535 1
536 -1 -1 883 8 0 0 3 1 1 0 0 0 21 0
537 0
538 1
539 -1 -1 3531 8 0 0 0 0 0 0 14 0 1 1
540 -1 -1 3530 8 0 1 7 0 38 0 8 0 1 1765 3913 1769 -1850 -343 48 1
541 -1 -1 1764 8 0 4 24 1 2 2 0 0 0 882 -26 3652 -2417 -5429 18 441 -4752 436 -1373 2803 14 0
542 1
543 -1 -1 881 8 0 0 2 4 8 1 1 0 19 1
544 -1 -1 880 8 0 0 0 1 6 29 2 0 0 440 601 1431 3587 2713 0 220 1433 7704 -2959 -1970 19 110 -1211 5123 -3853 -6328 78 55 1033 990 -190 -5661 369 0
545 0
546 0
547 0
548 0
549 1
550 -1 -1 1759 8 0 0 0 2 0 8 0 0 3 1
551 -1 -1 1758 8 0 1 2 0 17 2 17 0 21 879 -3841 -3065 3096 7311 323 0
552 1
553 -1 -1 1757 8 0 0 4 5 17 0 2 8 0 0
554 1
555 -1 -1 3513 8 0 0 3 0 42 0 12 0 0 1
556 -1 -1 3512 8 0 0 0 0 4 0 22 0 0 1756 3744 -7751 1616 -7979 0 878 395 6567 3975 277 298 439 -4998 2308 4386 -5772 327 0
557 0
558 1
559 -1 -1 1755 8 0 0 0 19 0 0 5 0 7 1
560 -1 -1 1754 8 0 0 4 0 11 1 42 0 6 877 3996 6855 2575 -4267 378 0
561 0
562 0
563 1
564 -1 -1 7015 8 0 1 0 0 5 0 7 0 4 0
565 1
566 -1 -1 14029 8 0 1 0 0 1 0 188 0 0 1
567 -1 -1 14028 8 0 13 0 0 17 0 172 0 0 7014 2227 102 2389 -5640 51 3507 4948 6502 -8 600 235 0
568 1
569 -1 -1 7013 8 0 2 0 0 1 1 1 0 2 0
570 1
571 -1 -1 14025 8 0 5 0 0 48 0 273 0 1 1
572 -1 -1 14024 8 0 2 0 0 66 0 85 1 0 7012 -3855 -470 -117 -2302 9 3506 4585 -7981 2467 -7099 338 1753 -940 -864 -4227 -7421 50 0
573 0
574 0
575 1
576 -1 -1 14023 8 0 0 0 0 0 2 0 0 0 1
577 -1 -1 14022 8 0 1 0 0 5 0 100 0 0 7011 521 7172 -1207 -5921 226 0
578 1
579 -1 -1 14021 8 0 0 0 0 1 0 31 0 0 1
580 -1 -1 14020 8 0 3 0 0 38 0 42 0 0 7010 -2751 -4558 2718 -4588 29 3505 3605 4295 -3065 -5188 83 0
581 0
582 1
583 -1 -1 14019 8 0 0 0 0 11 0 0 0 0 1
584 -1 -1 14018 8 0 1 0 0 37 0 72 0 0 7009 -1734 2401 3197 4891 10 0
585 1
586 -1 -1 14017 8 0 1 0 0 1 0 11 0 0 1
587 -1 -1 14016 8 0 4 0 1 81 0 6 0 0 7008 -4077 -1076 132 3046 5 3504 3347 5848 142 3153 14 1752 4501 2180 -4603 4553 31 876 -2064 6125 -1880 3 44 438 -858 -7000 132 -5262 3 219 -2311 5404 -949 -7448 184 0
588 0
589 1
590 -1 -1 875 8 0 1 4 6 8 0 7 23 0 0
591 0
592 1
593 -1 -1 3499 8 0 0 0 1 17 8 8 0 0 0
594 1
595 -1 -1 6997 8 0 5 0 0 8 0 11 0 0 0
596 1
597 -1 -1 13993 8 0 5 0 0 6 0 8 0 0 1
598 -1 -1 13992 8 0 5 0 0 95 0 0 0 0 6996 -4109 -3953 4711 -3594 399 3498 -2035 6707 -2880 1007 30 1749 1756 6220 -4812 -2429 193 1
599 -1 -1 1748 8 0 3 0 0 6 1 45 1 1 874 -1379 -1306 -424 -3920 0 437 -2771 3815 1995 4907 278 0
600 1
601 -1 -1 873 8 0 0 0 0 1 3 4 0 32 0
602 1
603 -1 -1 1745 8 0 0 0 0 23 0 8 0 5 1
604 -1 -1 1744 8 0 1 14 12 5 6 1 0 1 872 -1346 1295 -2551 -7431 14 436 -4473 -2830 810 2063 1 218 -612 1552 -4407 -802 4 109 -369 5685 -622 -2205 32 0
605 0
606 0
607 0
608 1
609 -1 -1 1743 8 0 1 0 0 2 0 33 0 0 1
610 -1 -1 1742 8 0 25 0 0 5 2 12 0 0 871 3645 2760 4724 -7134 51 0
611 1
612 -1 -1 1741 8 0 0 0 0 2 38 11 1 1 1
613 -1 -1 1740 8 0 2 0 1 13 1 39 3 0 870 1826 4653 -272 -2910 41 435 4994 3199 -2063 -2782 49 0
614 0
615 0
616 0
617 0
618 1
619 -1 -1 13919 8 0 3 0 0 10 0 45 0 0 1
620 -1 -1 13918 8 0 0 0 0 42 0 20 0 0 6959 2282 4082 773 2438 16 0
621 1
622 -1 -1 13917 8 0 6 0 0 21 1 71 13 0 1
623 -1 -1 13916 8 0 0 0 1 9 1 1 16 0 6958 583 -5677 1119 -7858 1 3479 -1519 2562 4907 -7914 45 0
624 1
625 -1 -1 6957 8 0 1 0 0 0 11 1 0 0 0
626 1
627 -1 -1 13913 8 0 0 0 0 5 0 4 31 0 1
628 -1 -1 13912 8 0 4 0 0 65 0 14 18 2 6956 -1430 -5736 -4533 2758 295 3478 -3448 7202 -4000 -1089 280 1739 2267 4830 1839 -3817 33 0
629 0
630 1
631 -1 -1 6955 8 0 6 0 0 7 1 26 0 1 0
632 1
633 -1 -1 13909 8 0 21 1 0 61 0 27 0 0 1
634 -1 -1 13908 8 0 24 0 1 212 0 19 0 0 6954 -1386 2394 -630 1419 7 3477 4792 4467 681 -3262 70 0
635 1
636 -1 -1 6953 8 0 8 0 0 9 0 4 14 0 0
637 1
638 -1 -1 13905 8 0 6 0 0 25 0 64 5 0 1
639 -1 -1 13904 8 0 15 0 1 64 13 30 4 0 6952 -3050 6738 -1908 3959 12 3476 -658 -7079 2357 -6320 5 1738 -2853 -6402 -3675 -7982 3 869 3201 -486 -3997 -7506 39 0
640 0
641 1
642 -1 -1 3475 8 0 0 0 0 10 8 1 0 0 0
643 1
644 -1 -1 6949 8 0 3 0 0 19 3 6 0 0 0
645 1
646 -1 -1 13897 8 0 3 0 0 14 0 4 0 0 1
647 -1 -1 13896 8 0 15 0 0 36 0 117 0 0 6948 1258 7820 3039 1001 41 3474 -22 2198 -1941 3813 2 1737 3470 -1884 -3328 -5807 214 0
648 0
649 0
650 1
651 -1 -1 13895 8 0 0 1 0 15 0 46 0 0 1
652 -1 -1 13894 8 0 4 0 1 34 0 16 0 1 6947 2394 1732 -938 -3912 18 1
653 -1 -1 6946 8 0 1 4 2 0 0 0 1 1 3473 -2244 -578 -1266 -7900 10 0
654 1
655 -1 -1 6945 8 0 2 0 1 18 0 14 0 0 1
656 -1 -1 6944 8 0 2 0 48 4 0 1 2 0 3472 2916 -837 -3461 3296 7 1736 -1905 3618 3810 -6430 9 868 4892 2364 -2854 -809 9 434 1431 1328 3383 -2565 4 217 3704 -6090 -2376 -4781 27 0
657 0
658 1
659 -1 -1 867 8 0 0 1 0 8 6 1 0 17 0
660 1
661 -1 -1 1733 8 0 3 0 0 7 0 0 0 1 1
662 -1 -1 1732 8 0 0 0 35 5 0 21 0 2 866 845 2808 149 7874 4 433 4797 3268 -1342 3093 1 0
663 0
664 1
665 -1 -1 1731 8 0 6 0 0 7 3 27 6 1 0
666 1
667 -1 -1 3461 8 0 0 0 1 17 0 0 1 0 0
668 1
669 -1 -1 6921 8 0 0 0 0 22 0 3 0 0 1
670 -1 -1 6920 8 0 1 0 0 26 0 36 0 0 3460 2014 1019 -4043 7214 209 1730 -3545 4121 4175 -6510 82 865 -2901 -5821 3284 -3483 3 0
671 0
672 0
673 1
674 -1 -1 6919 8 0 0 0 0 1 0 0 52 0 1
675 -1 -1 6918 8 0 1 0 2 13 0 6 12 0 3459 1406 3938 2222 -1099 22 0
676 1
677 -1 -1 6917 8 0 0 0 24 3 30 1 0 2 1
678 -1 -1 6916 8 0 0 0 2 3 5 2 25 0 3458 -4481 6975 -4322 -1676 14 1729 -1631 6971 -2328 5943 4 0
679 0
680 1
681 -1 -1 6915 8 0 5 0 0 2 9 17 0 0 1
682 -1 -1 6914 8 0 0 0 0 23 13 4 0 0 3457 -2803 -6033 -2509 4390 400 0
683 1
684 -1 -1 6913 8 0 0 0 0 0 4 1 15 0 1
685 -1 -1 6912 8 0 7 1 0 31 0 7 12 0 3456 -2717 1219 -3728 -6193 251 1728 4803 -918 -2527 4532 300 864 -2108 5919 28 -4466 25 432 -2315 5327 3158 1367 10 216 4233 -5867 4663 874 2 108 -3212 -4156 -3871 -7681 2 54 -1487 5389 2691 -7695 72 27 -2602 242 359 -5627 178 0
686 0
687 0
688 1
689 -1 -1 215 8 0 1 0 0 0 13 22 0 1 1
690 -1 -1 214 8 0 0 15 0 0 0 4 0 24 107 2469 5998 -1746 7585 0 0
691 0
692 0
693 1
694 -1 -1 855 8 0 1 0 0 0 0 29 0 0 1
695 -1 -1 854 8 0 0 0 0 20 0 35 0 0 427 -1537 -1456 1517 19 1 0
696 1
697 -1 -1 853 8 0 1 0 0 0 0 0 0 1 0
698 0
699 1
700 -1 -1 3411 8 0 0 0 0 1 0 5 0 0 0
701 1
702 -1 -1 6821 8 0 0 0 0 0 0 9 0 0 0
703 1
704 -1 -1 13641 8 0 0 0 0 0 0 18 0 0 1
705 -1 -1 13640 8 0 0 0 0 0 0 59 0 0 6820 -1389 -5099 -2176 -7162 307 3410 -399 -7478 -1662 -4414 314 1705 -596 7983 1887 3126 77 1
706 -1 -1 1704 8 0 4 0 0 0 0 17 0 0 852 3537 7083 3932 -3430 57 426 2056 7918 801 -6483 288 213 4003 -5177 489 -7857 6 0
707 1
708 -1 -1 425 8 0 11 1 0 14 0 39 1 0 1
709 -1 -1 424 8 0 15 0 0 20 0 4 0 0 212 4337 6458 -1730 -4994 28 106 991 6337 3563 -7885 60 53 2430 -913 1769 -75 73 0
710 0
711 0
712 0
713 1
714 -1 -1 847 8 0 0 1 0 8 0 2 34 2 0
715 0
716 1
717 -1 -1 3387 8 0 0 41 5 3 0 0 1 0 1
718 -1 -1 3386 8 0 0 1 2 5 5 7 1 0 1693 458 -1015 -1387 -7847 215 0
719 1
720 -1 -1 3385 8 0 0 3 0 0 48 0 0 15 1
721 -1 -1 3384 8 0 0 2 5 6 2 4 0 2 1692 379 7020 2339 -3998 214 846 591 6730 -2148 4244 15 423 -2547 -6787 1208 7498 128 0
722 0
723 0
724 1
725 -1 -1 3383 8 0 0 1 0 0 0 0 0 0 0
726 1
727 -1 -1 6765 8 0 0 0 11 0 0 0 0 0 1
728 -1 -1 6764 8 0 0 0 67 0 0 0 0 0 3382 -3884 -6554 -2115 6521 23 1691 -1584 -2370 4407 7728 57 1
729 -1 -1 1690 8 0 0 2 10 5 0 0 0 0 845 124 7871 580 804 58 0
730 1
731 -1 -1 1689 8 0 0 0 15 8 4 0 8 0 0
732 1
733 -1 -1 3377 8 0 1 11 1 17 5 5 0 9 1
734 -1 -1 3376 8 0 1 2 6 9 0 21 3 1 1688 -2394 4097 -3033 -947 26 844 -2523 -3955 -2607 4620 8 422 -152 -6093 3926 -700 112 211 -2228 -6095 3782 7136 0 0
735 0
736 1
737 -1 -1 843 8 0 0 13 7 5 0 3 2 2 0
738 0
739 0
740 1
741 -1 -1 6743 8 0 1 0 0 0 0 13 0 0 0
742 1
743 -1 -1 13485 8 0 0 0 0 0 0 0 8 0 1
744 -1 -1 13484 8 0 3 0 1 56 0 5 6 0 6742 -1176 -648 981 -609 16 3371 -3158 1451 2046 -3276 57 0
745 1
746 -1 -1 6741 8 0 1 2 3 12 0 50 0 0 1
747 -1 -1 6740 8 0 9 0 1 17 0 13 0 0 3370 519 6121 4377 174 304 1685 -4067 5300 -847 644 12 0
748 1
749 -1 -1 3369 8 0 0 0 0 6 5 8 0 3 1
750 -1 -1 3368 8 0 1 0 0 62 0 1 1 1 1684 3627 4587 -941 -4451 39 842 -3806 5055 -4432 -3484 6 421 -95 -6072 -214 -3105 5 0
751 0
752 0
753 0
754 0
755 1
756 -1 -1 13471 8 0 0 0 10 2 20 6 0 0 1
757 -1 -1 13470 8 0 1 0 0 18 2 17 0 0 6735 1678 6387 -4278 678 63 0
758 1
759 -1 -1 13469 8 0 0 0 1 4 0 1 0 0 1
760 -1 -1 13468 8 0 0 0 0 8 0 113 0 0 6734 1261 4122 2153 5315 0 3367 -1608 6234 -4233 4193 9 0
761 1
762 -1 -1 6733 8 0 3 0 8 1 20 3 5 0 1
763 -1 -1 6732 8 0 4 0 8 13 0 3 20 0 3366 -1161 4156 -3149 165 14 1683 808 7930 1407 3230 9 0
764 0
765 1
766 -1 -1 6731 8 0 0 0 21 1 5 10 0 0 1
767 -1 -1 6730 8 0 2 0 5 6 50 1 0 1 3365 -3084 6813 -4337 3921 10 1
768 -1 -1 3364 8 0 1 0 1 25 17 12 2 2 1682 4842 539 -2008 777 16 841 3342 -2678 1859 -7994 11 0
769 0
770 1
771 -1 -1 3363 8 0 0 8 26 2 0 1 0 0 1
772 -1 -1 3362 8 0 2 1 5 16 14 17 0 0 1681 -881 -720 -679 -7682 187 0
773 1
774 -1 -1 3361 8 0 0 0 22 10 0 18 0 0 0
775 1
776 -1 -1 6721 8 0 3 1 0 19 14 7 10 0 0
777 1
778 -1 -1 13441 8 0 2 0 3 12 6 5 4 0 1
779 -1 -1 13440 8 0 47 0 2 108 0 85 4 0 6720 -66 -5901 -2095 -7572 261 3360 -3043 -7496 -2847 -124 1 1680 2219 3322 4429 -3344 347 840 2280 5257 3139 -7544 258 420 4957 -279 1993 -3945 15 210 242 -4831 3025 7986 126 105 408 4282 277 -6907 178 0
780 0
781 0
782 1
783 -1 -1 839 8 0 0 18 0 2 0 2 0 0 0
784 1
785 -1 -1 1677 8 0 2 0 14 2 0 0 0 0 1
786 -1 -1 1676 8 0 0 10 5 8 3 1 0 31 838 4032 4304 -3246 6566 13 419 995 7858 -3639 -7296 397 0
787 0
788 1
789 -1 -1 1675 8 0 0 0 0 8 5 7 0 0 0
790 1
791 -1 -1 3349 8 0 0 2 6 4 2 0 0 0 1
792 -1 -1 3348 8 0 0 0 4 1 51 1 0 0 1674 585 -5749 -3543 -2606 0 837 2232 7055 280 4053 18 0
793 1
794 -1 -1 1673 8 0 2 8 4 1 16 0 8 0 1
795 -1 -1 1672 8 0 4 1 5 21 0 10 2 24 836 845 3679 -1197 -14 43 418 -2419 6324 -3204 5050 6 209 -503 7780 2624 -7791 233 0
796 0
797 1
798 -1 -1 835 8 0 1 0 42 4 0 0 0 0 0
799 1
800 -1 -1 1669 8 0 0 50 1 8 0 0 0 0 1
801 -1 -1 1668 8 0 1 12 13 7 0 6 0 0 834 -518 7495 -2207 5499 9 417 4482 1667 1579 -5994 14 0
802 0
803 0
804 1
805 -1 -1 3335 8 0 0 1 0 1 17 1 6 0 1
806 -1 -1 3334 8 0 0 4 2 32 2 3 4 6 1667 3800 1124 -2613 -6307 271 0
807 1
808 -1 -1 3333 8 0 1 1 1 1 0 0 9 6 0
809 1
810 -1 -1 6665 8 0 0 4 19 6 17 0 0 8 1
811 -1 -1 6664 8 0 0 36 17 4 4 0 0 2 3332 328 -286 -4813 5740 216 1666 -306 -347 -4712 -5569 372 833 2107 -6769 -4488 -1393 217 0
812 0
813 0
814 0
815 1
816 -1 -1 13327 8 0 4 4 3 27 6 0 0 0 1
817 -1 -1 13326 8 0 0 1 47 8 3 1 0 0 6663 -1301 7981 3161 3295 13 0
818 1
819 -1 -1 13325 8 0 0 0 9 6 4 1 0 0 1
820 -1 -1 13324 8 0 10 1 4 32 1 7 32 0 6662 212 -1675 -3773 18 67 3331 -2784 6825 -2666 -4715 19 0
821 1
822 -1 -1 6661 8 0 0 2 0 2 0 4 0 0 0
823 1
824 -1 -1 13321 8 0 4 0 50 2 0 0 0 0 1
825 -1 -1 13320 8 0 5 0 8 2 0 4 1 0 6660 2045 5739 -2123 1070 36 3330 1213 4486 -4538 7453 329 1665 -816 1325 887 -6368 2 0
826 1
827 -1 -1 3329 8 0 3 4 1 26 4 2 0 10 1
828 -1 -1 3328 8 0 0 0 9 14 13 3 15 1 1664 3586 1861 -3380 -7656 4 832 75 6138 2683 -7766 8 416 1609 1499 -4466 -3865 87 208 -4725 -3112 3989 6832 397 104 -4250 3910 -1974 -3846 19 52 -2667 568 -1239 -7313 5 26 1361 -2839 -4911 1106 397 13 -2897 -745 -4225 -4270 6 0
829 0
830 0
831 0
832 0
833 1
834 -1 -1 415 8 0 1 25 1 1 0 0 4 27 0
835 1
836 -1 -1 829 8 0 4 0 0 2 6 8 0 7 0
837 0
838 1
839 -1 -1 3315 8 0 0 0 0 0 0 0 0 50 0
840 1
841 -1 -1 6629 8 0 0 0 0 0 0 0 0 9 0
842 1
843 -1 -1 13257 8 0 0 0 0 0 0 0 0 16 1
844 -1 -1 13256 8 0 0 0 0 0 0 0 0 68 6628 -1190 -1274 -1827 1769 392 3314 3587 7100 889 16 106 1657 2451 5947 4426 409 396 1
845 -1 -1 1656 8 0 0 1 1 2 0 0 3 6 828 4751 -3788 4796 581 316 414 3588 767 -3885 919 4 207 -2751 -5961 -2495 -4931 1 1
846 -1 -1 206 8 0 4 0 0 6 0 17 0 0 103 440 -5628 2454 520 129 0
847 0
848 0
849 0
850 1
851 -1 -1 1647 8 0 0 0 0 0 7 18 0 0 1
852 -1 -1 1646 8 0 2 0 0 0 65 0 0 0 823 -901 6540 -4592 -1696 6 1
853 -1 -1 822 8 0 4 0 0 6 5 30 0 0 411 -2173 -4154 2754 6778 319 1
854 -1 -1 410 8 0 1 0 0 0 0 9 0 19 205 2677 6353 -1743 7635 155 0
855 1
856 -1 -1 409 8 0 3 41 1 4 0 0 0 4 0
857 1
858 -1 -1 817 8 0 6 1 0 16 0 4 1 14 0
859 1
860 -1 -1 1633 8 0 0 18 0 1 0 13 0 0 0
861 1
862 -1 -1 3265 8 0 0 0 0 0 0 6 0 21 0
863 1
864 -1 -1 6529 8 0 0 0 0 0 0 0 4 0 0
865 1
866 -1 -1 13057 8 0 0 2 0 0 0 0 0 0 1
867 -1 -1 13056 8 0 1 0 0 1 1 103 0 0 6528 -4720 2928 4764 7096 287 3264 2044 -3743 -4525 -6066 2 1632 165 7213 -1203 2433 31 816 1338 3830 -1657 -609 192 408 3107 -5669 -1997 -2087 11 204 -2701 6032 3594 3378 234 102 3198 7002 -3662 6384 211 51 4384 5121 -988 614 45 0
868 0
869 0
870 0
871 0
872 1
873 -1 -1 1631 8 0 0 7 26 0 0 0 0 10 1
874 -1 -1 1630 8 0 0 2 0 3 0 0 0 33 815 2014 2908 91 1181 10 1
875 -1 -1 814 8 0 1 0 0 0 0 0 14 3 407 296 -6111 -1173 1958 206 0
876 1
877 -1 -1 813 8 0 0 5 38 0 0 0 1 21 0
878 1
879 -1 -1 1625 8 0 0 3 9 1 0 0 0 5 0
880 1
881 -1 -1 3249 8 0 1 15 6 0 1 0 1 1 0
882 1
883 -1 -1 6497 8 0 0 2 3 3 0 0 0 0 0
884 1
885 -1 -1 12993 8 0 0 2 0 2 0 0 0 0 1
886 -1 -1 12992 8 0 1 292 1 0 0 0 0 0 6496 -2470 4759 -3573 -7826 317 3248 -879 -2147 -3172 -5228 290 1624 1615 7312 -720 3998 42 812 2485 -7431 1600 7405 386 406 -2345 4513 2539 6929 51 203 -3818 5679 832 7812 0 0
887 0
888 0
889 1
890 -1 -1 1623 8 0 0 2 33 0 5 0 0 0 0
891 1
892 -1 -1 3245 8 0 1 2 0 1 0 0 6 0 0
893 0
894 1
895 -1 -1 12979 8 0 0 0 0 0 0 0 1 0 1
896 -1 -1 12978 8 0 0 0 0 0 86 0 0 0 6489 -3467 2402 4894 -1649 215 1
897 -1 -1 6488 8 0 0 1 0 1 0 0 1 0 3244 -1302 7517 -1996 5025 20 1622 -661 3070 -2041 6401 174 811 4504 -5231 -348 -2857 400 0
898 0
899 0
900 1
901 -1 -1 6487 8 0 1 10 0 0 0 0 0 0 0
902 1
903 -1 -1 12973 8 0 0 0 0 0 0 0 4 0 1
904 -1 -1 12972 8 0 0 1 0 0 81 0 1 0 6486 -4385 1243 -1934 7422 21 3243 251 1015 -1344 2944 231 1
905 -1 -1 3242 8 0 1 2 0 26 17 4 1 4 1621 -4700 -7472 3401 2767 262 0
906 0
907 1
908 -1 -1 6483 8 0 0 16 2 2 2 1 0 2 0
909 1
910 -1 -1 12965 8 0 0 1 0 0 4 5 0 0 1
911 -1 -1 12964 8 0 0 4 1 4 5 0 91 0 6482 2706 -190 -196 447 45 3241 4372 3413 118 2467 49 1
912 -1 -1 3240 8 0 0 16 4 23 4 4 2 0 1620 4962 6620 -535 2118 25 810 -1236 7101 -1156 -1715 87 405 -3033 -5122 3484 704 343 0
913 0
914 1
915 -1 -1 1619 8 0 1 6 5 9 21 8 0 5 1
916 -1 -1 1618 8 0 0 0 0 8 1 1 19 0 809 3810 -7683 -703 -6898 3 0
917 0
918 1
919 -1 -1 3235 8 0 0 12 0 0 0 0 0 9 0
920 1
921 -1 -1 6469 8 0 0 0 35 2 0 0 2 1 1
922 -1 -1 6468 8 0 1 1 5 1 0 0 17 18 3234 -1895 -5694 -4498 866 227 1617 -2809 -7722 -242 3411 250 0
923 0
924 1
925 -1 -1 6467 8 0 0 0 0 0 1 0 0 4 0
926 1
927 -1 -1 12933 8 0 0 1 1 1 0 4 0 0 1
928 -1 -1 12932 8 0 0 114 0 4 0 0 0 0 6466 -3166 -7596 4737 -7762 68 3233 290 6182 -2024 4242 205 0
929 1
930 -1 -1 6465 8 0 0 1 24 17 1 0 0 8 1
931 -1 -1 6464 8 0 4 26 3 14 0 3 1 3 3232 4743 683 -4153 1760 11 1616 4670 -4549 -1335 -5238 20 808 -571 -2351 1772 7104 240 404 -579 -4679 -4885 2397 257 202 3229 7589 1701 657 40 101 978 -5088 4528 1029 393 0
932 0
933 1
934 -1 -1 403 8 0 0 0 0 3 53 0 1 0 1
935 -1 -1 402 8 0 0 0 13 2 5 3 1 2 201 4639 4970 -3398 -5978 116 0
936 0
937 0
938 0
939 0
940 1
941 -1 -1 6431 8 0 0 0 0 0 0 0 0 13 0
942 1
943 -1 -1 12861 8 0 0 0 0 0 0 0 0 5 1
944 -1 -1 12860 8 0 0 0 0 0 0 0 0 91 6430 2334 -669 -1926 106 6 3215 -219 -3060 1586 -5421 3 0
945 1
946 -1 -1 6429 8 0 0 0 0 0 0 0 0 22 0
947 1
948 -1 -1 12857 8 0 0 0 0 0 0 0 0 49 1
949 -1 -1 12856 8 0 0 0 0 0 0 0 0 22 6428 -2160 7731 -1152 -1309 334 3214 538 3579 495 -6906 5 1607 3516 -3074 2973 -1300 232 1
950 -1 -1 1606 8 0 0 0 0 1 1 0 0 6 803 904 -7263 -2156 -1500 201 1
951 -1 -1 802 8 0 0 2 1 0 0 0 0 2 401 1936 -5612 3960 1591 9 1
952 -1 -1 400 8 0 7 4 8 8 3 3 3 5 200 3040 -5024 69 -1044 183 100 -3259 7408 1696 -7790 56 50 -1255 -7724 -4822 6925 0 25 1355 -5319 -4564 7166 396 0
953 0
954 1
955 -1 -1 99 8 0 1 0 0 5 0 5 36 0 0
956 1
957 -1 -1 197 8 0 0 0 0 5 1 57 0 0 0
958 0
959 1
960 -1 -1 787 8 0 0 0 0 0 0 33 0 0 1
961 -1 -1 786 8 0 2 0 4 12 10 15 11 0 393 -4466 3057 4521 -7914 62 1
962 -1 -1 392 8 0 8 0 2 16 7 2 1 0 196 -3667 2806 -4907 -3453 8 98 -3300 -721 2237 -1296 27 49 -1078 -5878 -4568 -4396 357 0
963 0
964 0
965 0
966 1
967 -1 -1 783 8 0 0 0 0 0 0 3 0 0 0
968 1
969 -1 -1 1565 8 0 0 0 0 0 0 0 0 4 0
970 1
971 -1 -1 3129 8 0 0 0 0 0 0 0 0 20 1
972 -1 -1 3128 8 0 0 0 0 0 0 0 0 61 1564 -2507 -4033 2380 1035 307 782 -1304 4250 -1882 -3344 6 391 -4382 -4476 2024 -2531 264 1
973 -1 -1 390 8 0 0 3 0 6 5 4 0 2 195 -4406 -2727 1412 -4624 42 0
974 0
975 1
976 -1 -1 779 8 0 1 2 30 11 0 3 6 1 0
977 1
978 -1 -1 1557 8 0 0 1 0 5 0 0 0 49 0
979 1
980 -1 -1 3113 8 0 0 0 2 1 0 0 0 19 0
981 1
982 -1 -1 6225 8 0 1 0 3 9 0 6 2 0 1
983 -1 -1 6224 8 0 2 0 0 30 0 2 0 16 3112 1331 7126 -3983 854 35 1556 2954 -3709 2229 -631 12 778 4142 -3898 1205 24 7 389 4174 -5207 -1901 -5320 22 0
984 0
985 0
986 1
987 -1 -1 3111 8 0 0 0 3 0 0 0 0 18 1
988 -1 -1 3110 8 0 0 0 61 3 0 0 0 1 1555 -175 2645 -4822 -5315 215 0
989 1
990 -1 -1 3109 8 0 0 2 34 1 3 0 0 0 1
991 -1 -1 3108 8 0 0 7 3 10 19 2 3 1 1554 4073 -4010 -2530 4750 1 777 -1908 -2196 2572 -5697 189 0
992 0
993 1
994 -1 -1 3107 8 0 3 0 0 5 1 30 0 0 1
995 -1 -1 3106 8 0 0 1 46 3 0 3 0 3 1553 -48 323 -4078 -3995 19 0
996 0
997 1
998 -1 -1 6211 8 0 0 0 14 1 1 0 0 6 1
999 -1 -1 6210 8 0 3 8 5 35 0 4 0 2 3105 -3845 2281 879 2714 27 0
1000 1
1001 -1 -1 6209 8 0 0 0 0 0 10 0 0 0 0
1002 1
1003 -1 -1 12417 8 0 1 0 1 7 0 22 1 2 1
1004 -1 -1 12416 8 0 5 0 0 14 6 5 0 15 6208 2467 4342 -647 -1514 16 3104 -2540 6717 -2478 -4558 269 1552 257 6726 4905 -6093 217 776 4104 3943 -3497 1244 33 388 -4784 3153 -4376 -7384 129 194 -3950 -389 -3880 6763 2 97 -855 -522 -2629 3385 264 0
1005 0
1006 0
1007 1
1008 -1 -1 775 8 0 0 3 28 0 0 0 5 0 1
1009 -1 -1 774 8 0 1 6 0 5 4 2 24 0 387 4376 -3021 -2734 4172 268 0
1010 0
1011 1
1012 -1 -1 1547 8 0 1 2 2 1 29 1 7 0 0
1013 1
1014 -1 -1 3093 8 0 1 4 4 0 16 0 1 13 0
1015 1
1016 -1 -1 6185 8 0 0 3 0 1 0 0 0 10 0
1017 1
1018 -1 -1 12369 8 0 0 0 20 0 0 0 0 0 1
1019 -1 -1 12368 8 0 2 0 14 27 9 10 0 2 6184 4655 -5798 3680 -2599 249 3092 3874 -3300 3297 -1136 13 1546 3909 -5170 -2238 539 53 773 -1774 3619 3709 6021 399 0
1020 1
1021 -1 -1 1545 8 0 1 3 0 0 1 0 5 0 0
1022 1
1023 -1 -1 3089 8 0 0 0 1 5 16 13 0 5 0
1024 1
1025 -1 -1 6177 8 0 0 0 5 9 49 0 0 0 0
1026 1
1027 -1 -1 12353 8 0 0 0 1 0 104 0 1 0 1
1028 -1 -1 12352 8 0 0 0 0 0 0 1 0 1 6176 -767 7595 -1055 644 7 3088 1379 -7623 -4672 744 4 1544 -240 7867 3172 -6469 115 772 4442 -3131 -2959 -964 194 386 1108 7038 3901 6181 0 193 -3441 -5232 -2056 6891 241 0
1029 0
1030 0
1031 0
1032 1
1033 -1 -1 3087 8 0 0 0 0 4 4 0 2 0 0
1034 1
1035 -1 -1 6173 8 0 0 4 0 0 0 0 0 0 0
1036 1
1037 -1 -1 12345 8 0 2 0 1 4 0 0 0 1 1
1038 -1 -1 12344 8 0 1 0 82 6 0 0 0 0 6172 -3656 5954 -3533 2201 23 3086 -3997 5706 4606 5501 343 1543 -3760 3466 1102 3308 1 0
1039 1
1040 -1 -1 3085 8 0 0 7 0 2 0 0 1 0 1
1041 -1 -1 3084 8 0 10 0 16 34 1 0 4 2 1542 -2670 -7029 4449 -3570 294 771 3705 7461 -1064 3258 28 0
1042 1
1043 -1 -1 1541 8 0 1 21 2 2 13 0 9 2 0
1044 1
1045 -1 -1 3081 8 0 0 0 5 7 6 0 0 10 0
1046 1
1047 -1 -1 6161 8 0 1 0 0 0 0 10 0 0 0
1048 1
1049 -1 -1 12321 8 0 0 0 1 22 0 0 1 0 1
1050 -1 -1 12320 8 0 29 0 1 18 7 0 5 0 6160 198 -2669 1455 6872 77 3080 3567 2660 3086 7602 383 1540 -4698 1001 1138 -1460 2 770 265 -598 -4874 1116 60 385 -4641 6296 -1204 -1811 6 0
1051 1
1052 -1 -1 769 8 0 0 5 23 3 3 2 1 10 0
1053 1
1054 -1 -1 1537 8 0 0 1 0 10 0 0 12 2 0
1055 1
1056 -1 -1 3073 8 0 1 0 0 1 2 19 0 16 0
1057 0
1058 1
1059 -1 -1 12291 8 0 3 0 0 7 3 0 0 0 1
1060 -1 -1 12290 8 0 8 0 0 28 1 58 0 0 6145 -1894 -3292 2608 -57 12 1
1061 -1 -1 6144 8 0 16 0 4 18 5 5 3 1 3072 -1711 5240 4722 3727 7 1536 4017 -7237 806 4065 51 768 4314 7859 3643 1825 345 384 4374 -6180 1802 -4742 27 192 3331 4045 -1678 -1300 16 96 133 6029 1313 -170 29 48 -4729 544 3291 -7558 16 24 4815 1885 -3667 6967 376 12 -700 -7291 -4326 1033 60 6 -852 -611 -156 -7749 0 3 1133 5091 -1509 -5933 207 0
1062 0
1063 0
1064 0
1065 0
1066 0
1067 0
1068 1
1069 -1 -1 383 8 0 27 3 18 3 0 0 0 1 0
1070 0
1071 0
1072 1
1073 -1 -1 3063 8 0 6 45 0 0 0 0 0 18 1
1074 -1 -1 3062 8 0 0 5 0 0 0 0 0 31 1531 -3322 1452 -2672 6009 4 0
1075 0
1076 1
1077 -1 -1 6123 8 0 1 0 0 0 0 0 0 1 0
1078 1
1079 -1 -1 12245 8 0 1 0 0 0 0 0 0 0 1
1080 -1 -1 12244 8 0 0 101 0 0 0 0 0 2 6122 -3160 -2802 -4632 5529 6 3061 1769 -6885 3234 1522 314 1
1081 -1 -1 3060 8 0 13 21 7 0 4 0 0 3 1530 -820 215 87 4116 400 765 -3915 -1380 -4409 -5157 12 1
1082 -1 -1 764 8 0 8 0 0 1 11 0 0 4 382 3663 923 -4938 -7487 0 191 4256 -1348 848 4762 1 0
1083 0
1084 1
1085 -1 -1 763 8 0 3 1 28 1 7 0 0 0 0
1086 0
1087 0
1088 1
1089 -1 -1 6103 8 0 4 0 0 1 0 0 0 60 1
1090 -1 -1 6102 8 0 13 0 0 0 0 0 0 3 3051 3671 7339 -2960 1321 2 1
1091 -1 -1 3050 8 0 4 9 0 0 0 0 0 1 1525 -1472 -331 4862 2744 0 0
1092 1
1093 -1 -1 3049 8 0 15 1 16 7 13 0 0 17 0
1094 1
1095 -1 -1 6097 8 0 16 2 0 5 0 0 0 0 1
1096 -1 -1 6096 8 0 3 30 8 12 0 0 0 0 3048 -919 2213 2341 7352 8 1524 -3602 4867 3902 -57 292 762 1866 3699 -4575 6971 398 381 -2285 6850 -62 2342 20 0
1097 0
1098 0
1099 1
1100 -1 -1 3047 8 0 17 15 30 0 0 0 3 4 0
1101 1
1102 -1 -1 6093 8 0 16 7 10 0 0 0 0 0 0
1103 1
1104 -1 -1 12185 8 0 93 18 1 0 0 0 4 0 1
1105 -1 -1 12184 8 0 94 1 0 4 0 0 0 2 6092 -444 -484 3546 4077 22 3046 -1620 3040 523 1620 6 1523 -3270 -2866 -4981 2959 39 0
1106 0
1107 1
1108 -1 -1 6091 8 0 7 14 13 4 0 0 0 0 1
1109 -1 -1 6090 8 0 38 2 3 9 3 3 0 0 3045 -4189 6136 -4912 -1764 272 1
1110 -1 -1 3044 8 0 26 0 10 0 20 1 3 5 1522 4137 6950 2720 -4839 3 761 -622 713 1765 7071 12 0
1111 0
1112 1
1113 -1 -1 3043 8 0 0 0 0 0 0 0 19 1 1
1114 -1 -1 3042 8 0 1 10 0 7 35 1 2 1 1521 -2273 -4485 -659 5996 1 0
1115 1
1116 -1 -1 3041 8 0 22 0 6 30 2 0 0 1 1
1117 -1 -1 3040 8 0 4 12 14 6 6 4 9 1 1520 4562 3494 3216 -3956 285 760 4931 6043 562 1644 22 380 -805 -503 4298 6709 1 190 1809 3769 -3837 -366 134 95 -4373 7482 651 7319 399 0
1118 0
1119 0
1120 1
1121 -1 -1 759 8 0 0 3 1 5 21 0 0 12 0
1122 1
1123 -1 -1 1517 8 0 4 0 2 1 1 42 10 0 1
1124 -1 -1 1516 8 0 2 0 0 1 13 2 26 0 758 532 4568 -4075 1205 10 379 2786 6850 -4557 3963 203 0
1125 1
1126 -1 -1 757 8 0 9 2 0 5 2 15 5 17 0
1127 0
1128 1
1129 -1 -1 3027 8 0 0 0 2 0 19 0 0 0 0
1130 0
1131 1
1132 -1 -1 12107 8 0 2 0 25 0 0 0 0 0 1
1133 -1 -1 12106 8 0 0 0 6 4 1 2 0 31 6053 -4000 4891 3371 1485 49 1
1134 -1 -1 6052 8 0 5 0 1 12 0 0 0 0 3026 444 1441 -4445 3253 19 1513 4559 3800 923 7209 23 0
1135 1
1136 -1 -1 3025 8 0 9 2 17 15 0 1 0 3 0
1137 1
1138 -1 -1 6049 8 0 5 0 0 1 0 0 0 0 0
1139 1
1140 -1 -1 12097 8 0 1 0 3 1 0 0 0 3 1
1141 -1 -1 12096 8 0 0 0 88 5 0 0 0 1 6048 -221 628 3341 7663 25 3024 3605 -1175 1371 -3097 2 1512 4549 1076 1109 -2160 1 756 4796 7337 3089 2013 11 378 3345 7740 -280 713 26 189 4764 4043 -657 7834 21 0
1142 0
1143 1
1144 -1 -1 755 8 0 6 6 0 4 0 0 6 0 0
1145 0
1146 0
1147 1
1148 -1 -1 6039 8 0 0 3 12 0 0 0 0 20 0
1149 1
1150 -1 -1 12077 8 0 5 0 2 1 0 0 0 7 1
1151 -1 -1 12076 8 0 1 0 0 0 0 0 0 156 6038 4634 1039 -765 -2152 4 3019 -2251 4913 -1304 -1259 14 1
1152 -1 -1 3018 8 0 6 3 0 5 0 0 0 14 1509 -1243 7107 3763 3587 3 1
1153 -1 -1 1508 8 0 11 0 5 4 1 0 0 1 754 -1522 3001 1137 -7549 396 377 -3996 -5539 2528 -7478 159 0
1154 1
1155 -1 -1 753 8 0 1 48 0 1 0 0 0 10 1
1156 -1 -1 752 8 0 5 7 2 15 2 1 2 19 376 2472 -895 -1142 -6545 397 188 577 -931 -4648 3276 0 94 4119 7345 -4576 -2209 2 47 -2480 3357 -1584 7040 0 0
1157 0
1158 1
1159 -1 -1 187 8 0 10 0 0 3 0 0 32 2 0
1160 1
1161 -1 -1 373 8 0 7 0 0 17 1 0 0 0 1
1162 -1 -1 372 8 0 50 0 0 14 0 0 1 0 186 4737 -5172 2761 3679 169 93 1322 2649 1722 6880 50 0
1163 1
1164 -1 -1 185 8 0 4 0 0 5 0 34 0 11 0
1165 0
1166 1
1167 -1 -1 739 8 0 5 0 0 5 0 37 0 0 1
1168 -1 -1 738 8 0 22 0 9 12 11 4 0 0 369 -3334 -6955 2882 -1887 381 0
1169 1
1170 -1 -1 737 8 0 4 0 6 0 0 0 0 0 0
1171 1
1172 -1 -1 1473 8 0 10 0 0 4 0 6 1 0 1
1173 -1 -1 1472 8 0 66 0 0 3 0 0 0 0 736 1107 -2441 -1581 -2666 7 368 1484 -6184 -2711 -4241 155 184 -866 3221 -252 -7385 10 92 -1138 -6985 111 -39 65 46 3536 -7218 -3720 -4839 265 23 -3768 2838 4273 -7191 0 0
1174 0
1175 0
1176 0
1177 1
1178 -1 -1 367 8 0 4 0 0 0 0 1 0 6 0
1179 1
1180 -1 -1 733 8 0 4 0 0 0 0 1 59 0 1
1181 -1 -1 732 8 0 18 0 0 15 0 2 15 0 366 -2210 -4194 -3410 6817 42 183 249 -2215 -4508 3645 53 0
1182 0
1183 1
1184 -1 -1 731 8 0 0 0 0 0 0 11 15 0 0
1185 1
1186 -1 -1 1461 8 0 15 0 2 12 0 1 8 1 1
1187 -1 -1 1460 8 0 41 0 0 5 0 20 0 1 730 -4200 -6399 3035 1662 220 365 -131 -1789 -1702 569 20 0
1188 0
1189 0
1190 1
1191 -1 -1 2919 8 0 0 0 0 6 5 0 12 0 1
1192 -1 -1 2918 8 0 30 0 0 2 0 0 20 0 1459 4269 7859 -887 414 69 1
1193 -1 -1 1458 8 0 9 1 0 1 0 1 0 7 729 -2822 -3922 2888 1736 390 0
1194 0
1195 0
1196 1
1197 -1 -1 5831 8 0 4 0 0 0 0 0 0 0 0
1198 1
1199 -1 -1 11661 8 0 2 0 0 0 0 0 0 0 1
1200 -1 -1 11660 8 0 83 0 0 0 0 0 0 0 5830 -851 4387 -2213 -4803 328 2915 4611 3711 -2472 1765 0 0
1201 1
1202 -1 -1 5829 8 0 4 0 0 7 0 1 0 0 0
1203 1
1204 -1 -1 11657 8 0 18 0 0 15 1 0 0 0 1
1205 -1 -1 11656 8 0 87 0 0 8 0 0 0 0 5828 3832 6346 -2436 2919 1 2914 4839 -7567 -1988 -7890 123 1457 -544 7806 2890 4641 4 1
1206 -1 -1 1456 8 0 21 0 0 6 8 0 2 6 728 -2151 808 -2419 6446 4 364 -4268 -3883 -1360 4681 376 182 -1168 -7731 -1291 1502 25 91 622 3838 -1262 1557 4 0
1207 0
1208 1
1209 -1 -1 363 8 0 27 6 0 5 3 0 6 0 0
1210 1
1211 -1 -1 725 8 0 2 0 0 1 57 0 0 0 1
1212 -1 -1 724 8 0 15 0 0 4 13 0 0 0 362 548 7832 -3313 4093 14 181 -4063 -4032 -3284 6793 0 0
1213 1
1214 -1 -1 361 8 0 0 0 21 0 0 0 0 0 0
1215 1
1216 -1 -1 721 8 0 5 0 0 17 3 0 0 22 1
1217 -1 -1 720 8 0 36 1 0 16 0 7 0 1 360 607 6823 -4538 -5514 395 180 -2986 -3591 218 -567 278 90 -4112 -3340 4554 3650 396 45 -4355 -6262 -4696 7290 7 0
1218 0
1219 1
1220 -1 -1 179 8 0 9 3 0 6 47 0 0 0 1
1221 -1 -1 178 8 0 9 35 1 2 1 3 9 0 89 -1784 7795 4254 1248 109 0
1222 0
1223 1
1224 -1 -1 355 8 0 0 0 0 0 0 3 25 0 0
1225 1
1226 -1 -1 709 8 0 6 0 0 0 2 0 0 0 0
1227 1
1228 -1 -1 1417 8 0 2 0 0 2 0 1 3 0 0
1229 1
1230 -1 -1 2833 8 0 0 0 0 4 0 9 0 0 0
1231 1
1232 -1 -1 5665 8 0 4 0 0 1 0 24 0 0 0
1233 1
1234 -1 -1 11329 8 0 0 0 0 0 0 16 0 0 1
1235 -1 -1 11328 8 0 0 0 0 0 0 56 0 0 5664 1787 -1262 -2805 -3289 24 2832 4282 1977 2379 3742 72 1416 -4971 -599 -598 4031 250 708 -1248 -7512 -4161 714 12 354 -3323 -4593 -2447 1646 9 177 -2138 2554 292 -413 10 0
1236 0
1237 0
1238 1
1239 -1 -1 1415 8 0 3 0 3 9 0 1 0 0 1
1240 -1 -1 1414 8 0 1 0 0 18 7 39 0 0 707 -218 -3714 -379 3528 0 1
1241 -1 -1 706 8 0 3 3 27 16 0 1 0 0 353 -3203 150 -3463 -2810 5 0
1242 0
1243 1
1244 -1 -1 1411 8 0 2 13 0 8 2 3 2 0 0
1245 1
1246 -1 -1 2821 8 0 2 0 0 2 13 3 0 0 0
1247 1
1248 -1 -1 5641 8 0 13 16 0 11 3 0 26 0 0
1249 1
1250 -1 -1 11281 8 0 12 0 0 11 13 0 140 0 1
1251 -1 -1 11280 8 0 8 0 0 6 3 6 9 0 5640 -1240 4702 -917 4155 0 2820 -3711 -7412 -3183 -4880 2 1410 -2400 -1040 -4979 -5378 17 705 3474 -6803 3476 2402 238 1
1252 -1 -1 704 8 0 26 0 1 9 0 17 1 0 352 -3372 -423 4972 141 208 176 -2275 3772 -3018 -6395 22 88 4435 3202 -44 3947 20 44 542 695 -4676 -7107 118 22 -3387 1273 -4960 7455 0 11 4453 -6615 -3120 -6112 0 0
1253 0
1254 0
1255 0
1256 1
1257 -1 -1 175 8 0 27 0 0 1 1 5 0 0 0
1258 1
1259 -1 -1 349 8 0 8 1 16 1 1 1 0 5 0
1260 1
1261 -1 -1 697 8 0 12 17 0 5 0 0 0 1 1
1262 -1 -1 696 8 0 1 16 0 4 3 0 0 33 348 793 967 3033 7311 1 174 -656 7355 4055 -212 11 87 -2614 -3327 4882 6653 1 0
1263 0
1264 1
1265 -1 -1 347 8 0 40 2 0 0 0 0 0 2 0
1266 1
1267 -1 -1 693 8 0 6 1 0 2 0 1 36 0 1
1268 -1 -1 692 8 0 30 6 1 2 0 3 7 0 346 -2082 -2596 -4625 5757 44 173 -2218 7925 -3462 2897 313 0
1269 1
1270 -1 -1 345 8 0 13 12 0 4 5 23 2 0 0
1271 0
1272 1
1273 -1 -1 1379 8 0 9 4 4 18 1 1 0 1 1
1274 -1 -1 1378 8 0 8 2 1 2 0 6 25 0 689 1312 1523 -4187 -6071 39 1
1275 -1 -1 688 8 0 23 3 20 5 2 0 2 8 344 4872 4499 -451 -3594 2 172 -1593 7762 2758 1861 8 86 772 255 -3150 2119 396 43 3438 5896 -4736 2090 196 0
1276 0
1277 0
1278 1
1279 -1 -1 343 8 0 12 4 9 3 1 3 1 0 1
1280 -1 -1 342 8 0 0 3 56 0 0 0 0 0 171 -77 133 1672 -5050 397 1
1281 -1 -1 170 8 0 14 0 0 8 0 0 0 2 85 -3330 3133 868 -6665 72 0
1282 1
1283 -1 -1 169 8 0 10 0 0 8 0 13 0 5 0
1284 1
1285 -1 -1 337 8 0 30 8 2 20 0 1 0 4 0
1286 0
1287 1
1288 -1 -1 1347 8 0 3 0 0 6 0 3 0 0 1
1289 -1 -1 1346 8 0 60 0 0 5 0 0 0 0 673 -4069 -2813 2220 7111 89 1
1290 -1 -1 672 8 0 26 0 12 4 0 0 0 0 336 -4887 1205 -3630 6227 1 168 1650 7103 -95 -3365 266 84 -230 -3080 2029 -838 24 42 -3748 6100 2435 3253 110 21 -755 7513 -2581 4485 0 0
1291 0
1292 0
1293 0
1294 0
1295 1
1296 -1 -1 671 8 0 2 14 0 0 0 3 0 0 0
1297 1
1298 -1 -1 1341 8 0 10 5 0 1 0 0 0 0 0
1299 0
1300 0
1301 1
1302 -1 -1 10727 8 0 0 0 0 0 0 0 0 57 1
1303 -1 -1 10726 8 0 0 0 0 0 0 0 0 13 5363 -549 -1392 -3887 -5336 146 1
1304 -1 -1 5362 8 0 0 0 0 1 0 0 0 9 2681 3097 0 -4004 3141 96 1
1305 -1 -1 2680 8 0 4 3 0 4 0 1 0 13 1340 2847 6673 -534 7912 4 670 4696 1517 256 -7844 395 335 -2476 7818 4020 -1491 8 0
1306 0
1307 1
1308 -1 -1 1339 8 0 1 60 0 2 0 0 0 1 1
1309 -1 -1 1338 8 0 0 10 0 0 0 0 0 13 669 -3286 4801 -2219 -3811 0 0
1310 1
1311 -1 -1 1337 8 0 30 9 0 5 0 0 1 2 1
1312 -1 -1 1336 8 0 5 35 0 6 2 1 0 5 668 -575 474 1123 7070 3 334 2391 3219 1428 -355 8 167 3635 2521 4981 2304 1 0
1313 0
1314 1
1315 -1 -1 667 8 0 4 0 0 0 0 9 0 0 0
1316 1
1317 -1 -1 1333 8 0 1 0 4 11 0 1 1 1 1
1318 -1 -1 1332 8 0 9 17 0 23 0 0 0 4 666 1873 -2136 -86 1096 7 333 4108 -1745 -228 6852 28 0
1319 0
1320 1
1321 -1 -1 1331 8 0 3 1 62 1 0 0 0 0 1
1322 -1 -1 1330 8 0 6 20 13 4 2 6 0 0 665 -2305 5396 -3752 -3725 392 1
1323 -1 -1 664 8 0 4 51 5 2 0 2 0 1 332 2347 121 -4846 4365 19 166 4362 -1285 -2217 -2701 1 83 -4850 -6896 -2319 7182 0 0
1324 0
1325 1
1326 -1 -1 331 8 0 5 25 7 0 0 5 0 1 0
1327 1
1328 -1 -1 661 8 0 4 0 0 1 0 7 0 0 1
1329 -1 -1 660 8 0 69 0 0 0 0 0 0 0 330 4114 -5177 -3082 -3655 37 165 -2643 -5569 4123 -762 112 0
1330 0
1331 1
1332 -1 -1 659 8 0 6 2 0 0 3 8 0 0 0
1333 1
1334 -1 -1 1317 8 0 5 0 0 0 3 0 23 0 0
1335 0
1336 1
1337 -1 -1 5267 8 0 0 0 0 0 55 0 0 0 1
1338 -1 -1 5266 8 0 2 0 1 0 20 0 8 0 2633 2300 -7981 -2147 -4184 5 1
1339 -1 -1 2632 8 0 7 0 2 0 2 0 3 0 1316 2728 -142 -1359 4299 16 658 3111 2411 3804 4525 347 329 1953 -6454 4202 -3942 6 0
1340 0
1341 1
1342 -1 -1 1315 8 0 12 2 2 3 0 1 0 26 1
1343 -1 -1 1314 8 0 0 2 11 3 19 3 2 2 657 -50 -501 4179 5768 399 0
1344 1
1345 -1 -1 1313 8 0 18 9 0 2 4 3 1 19 0
1346 0
1347 1
1348 -1 -1 5251 8 0 10 0 0 0 0 0 26 0 1
1349 -1 -1 5250 8 0 38 1 0 1 0 2 4 0 2625 2916 -654 -1384 -3141 99 1
1350 -1 -1 2624 8 0 0 3 0 0 0 0 12 0 1312 -3855 -2643 -2296 -240 0 656 2413 2648 -4471 -1073 23 328 -2007 6505 537 -6956 264 164 4811 -7806 -3595 5091 367 82 -3716 -4718 238 7153 3 41 3280 5375 3627 -5334 122 0
1351 0
1352 0
1353 0
1354 1
1355 -1 -1 655 8 0 1 1 0 1 0 0 0 54 1
1356 -1 -1 654 8 0 0 21 0 9 4 5 0 17 327 4068 -4113 597 -2249 191 0
1357 0
1358 1
1359 -1 -1 1307 8 0 4 9 0 0 29 6 20 1 0
1360 0
1361 0
1362 1
1363 -1 -1 10455 8 0 0 2 0 2 0 0 0 0 1
1364 -1 -1 10454 8 0 0 0 0 4 0 0 338 0 5227 4467 -1117 -4394 4602 327 1
1365 -1 -1 5226 8 0 0 0 1 1 15 0 49 0 2613 4505 -7087 1045 4744 259 1
1366 -1 -1 2612 8 0 1 2 0 1 18 2 10 3 1306 -330 6458 -3812 -3313 0 653 2812 -482 -2079 -6208 328 0
1367 0
1368 0
1369 1
1370 -1 -1 5223 8 0 1 0 61 0 0 1 0 1 1
1371 -1 -1 5222 8 0 0 2 3 4 0 0 6 0 2611 -131 -5176 683 -2395 208 1
1372 -1 -1 2610 8 0 5 32 5 4 0 1 9 2 1305 1998 -1008 -4019 -7621 233 0
1373 0
1374 1
1375 -1 -1 5219 8 0 0 0 0 4 0 1 4 15 1
1376 -1 -1 5218 8 0 1 0 0 5 0 0 59 0 2609 -2601 5063 -4153 -4400 0 0
1377 1
1378 -1 -1 5217 8 0 0 11 0 9 0 0 0 3 0
1379 1
1380 -1 -1 10433 8 0 0 1 4 0 83 0 16 0 1
1381 -1 -1 10432 8 0 0 3 24 20 41 6 62 0 5216 4639 1993 172 -6558 257 2608 -1332 -1170 860 -7580 265 1304 4501 7802 2730 -5604 312 652 2734 -6405 2078 3585 253 326 3173 14 -1319 -5000 265 163 4173 -4705 476 486 220 0
1382 0
1383 0
1384 1
1385 -1 -1 1303 8 0 0 3 30 1 0 0 2 5 0
1386 1
1387 -1 -1 2605 8 0 1 20 0 3 0 0 0 35 0
1388 1
1389 -1 -1 5209 8 0 0 0 0 2 0 0 0 0 0
1390 1
1391 -1 -1 10417 8 0 0 0 0 1 0 0 0 0 1
1392 -1 -1 10416 8 0 0 0 0 1 0 0 0 222 5208 -2938 2689 2495 -975 84 2604 -2012 4079 -4597 -6560 92 1302 4358 7157 -4337 -3716 397 651 -794 1393 -2082 -2023 372 0
1393 0
1394 0
1395 1
1396 -1 -1 5207 8 0 0 0 3 2 0 0 1 0 0
1397 1
1398 -1 -1 10413 8 0 0 0 0 0 0 0 1 0 1
1399 -1 -1 10412 8 0 0 97 0 0 0 0 1 0 5206 -4066 -5934 909 -5454 75 2603 -3659 1235 4564 -5979 53 0
1400 1
1401 -1 -1 5205 8 0 0 6 6 2 0 0 0 1 0
1402 1
1403 -1 -1 10409 8 0 0 7 1 1 0 0 5 1 1
1404 -1 -1 10408 8 0 0 0 0 2 0 0 80 0 5204 3439 7583 585 3933 16 2602 2158 3630 1682 -377 26 1301 4888 4396 -2086 3496 365 0
1405 1
1406 -1 -1 2601 8 0 1 3 22 0 0 0 5 0 0
1407 0
1408 1
1409 -1 -1 10403 8 0 0 1 0 3 0 0 0 6 1
1410 -1 -1 10402 8 0 0 0 0 1 0 0 0 132 5201 -4055 3780 -147 6763 131 1
1411 -1 -1 5200 8 0 0 1 14 8 1 2 9 26 2600 1840 1394 905 5807 293 1300 2619 3996 -3478 -7978 330 650 3029 1921 1515 -7433 319 325 861 679 -3952 7828 361 0
1412 0
1413 0
1414 1
1415 -1 -1 2599 8 0 2 0 0 1 0 5 0 42 0
1416 0
1417 1
1418 -1 -1 10395 8 0 0 0 0 33 0 8 1 7 1
1419 -1 -1 10394 8 0 0 0 14 4 7 0 0 0 5197 811 1568 -4812 -4434 3 0
1420 1
1421 -1 -1 10393 8 0 0 0 0 0 22 0 0 6 1
1422 -1 -1 10392 8 0 0 45 10 4 22 0 0 0 5196 -4419 4047 -1827 -5607 4 2598 -3633 3445 4856 -4612 119 1299 -221 744 -2083 6394 364 0
1423 0
1424 1
1425 -1 -1 5195 8 0 1 0 5 1 6 0 25 1 0
1426 1
1427 -1 -1 10389 8 0 1 0 7 0 0 0 4 0 1
1428 -1 -1 10388 8 0 0 1 95 0 0 0 0 0 5194 2577 -6399 -839 7592 303 2597 -887 -5378 -3982 1143 291 0
1429 1
1430 -1 -1 5193 8 0 0 0 36 1 0 0 0 1 0
1431 1
1432 -1 -1 10385 8 0 1 9 12 5 30 0 0 0 1
1433 -1 -1 10384 8 0 4 0 4 16 4 1 17 17 5192 -1795 3389 2407 7620 235 2596 -4489 2247 4211 1408 264 1298 1902 -6257 -3637 -1927 231 649 -4015 -1268 4473 3912 210 0
1434 0
1435 0
1436 1
1437 -1 -1 5191 8 0 0 2 0 0 0 0 4 0 0
1438 1
1439 -1 -1 10381 8 0 0 0 0 0 79 0 0 0 1
1440 -1 -1 10380 8 0 0 1 0 0 0 0 0 2 5190 4986 3533 -1187 -1899 20 2595 1257 -7122 343 5656 57 0
1441 1
1442 -1 -1 5189 8 0 0 1 32 1 10 0 0 0 1
1443 -1 -1 5188 8 0 0 8 5 0 3 0 37 13 2594 45 7995 -3634 -6169 271 1297 4391 4133 -3078 5960 270 0
1444 0
1445 0
1446 1
1447 -1 -1 10375 8 0 0 11 4 10 4 0 0 6 1
1448 -1 -1 10374 8 0 0 1 42 2 4 0 0 3 5187 4215 739 -3167 7893 9 0
1449 1
1450 -1 -1 10373 8 0 1 23 18 1 0 0 51 1 1
1451 -1 -1 10372 8 0 0 85 12 5 1 0 0 1 5186 1426 4347 -4295 3595 178 2593 4020 2021 -4394 -6329 246 0
1452 0
1453 1
1454 -1 -1 10371 8 0 1 0 9 0 0 1 8 67 1
1455 -1 -1 10370 8 0 2 20 10 11 9 6 222 41 5185 3715 1912 -3086 6249 305 0
1456 1
1457 -1 -1 10369 8 0 1 6 0 4 0 6 9 111 1
1458 -1 -1 10368 8 0 4 233 40 21 4 10 135 110 5184 4694 -3192 456 1188 1 2592 3279 -654 1498 5791 257 1296 2802 5069 -616 5028 42 648 3538 2937 4931 -1389 263 324 -372 -5508 -328 6369 2 162 4360 4043 4274 -6121 305 81 4583 -7889 -1709 3195 201 0
1459 0
1460 0
1461 0
1462 1
1463 -1 -1 1295 8 0 1 0 32 1 0 0 7 2 1
1464 -1 -1 1294 8 0 3 0 3 0 0 2 0 25 647 2796 -419 -4620 -4929 321 0
1465 0
1466 1
1467 -1 -1 2587 8 0 1 45 1 1 6 0 13 0 1
1468 -1 -1 2586 8 0 6 2 0 4 0 42 0 2 1293 1493 7411 2323 2182 3 0
1469 0
1470 1
1471 -1 -1 5171 8 0 0 0 2 19 0 12 3 3 0
1472 1
1473 -1 -1 10341 8 0 0 3 23 0 0 0 0 1 1
1474 -1 -1 10340 8 0 0 16 6 21 0 0 0 0 5170 3617 5309 877 2661 17 2585 2961 -11 -1042 2535 11 0
1475 1
1476 -1 -1 5169 8 0 0 3 0 15 0 6 2 8 0
1477 1
1478 -1 -1 10337 8 0 1 128 1 13 0 0 0 1 1
1479 -1 -1 10336 8 0 6 88 52 23 0 3 0 1 5168 -4694 7328 -4552 -6870 350 2584 2378 1106 661 6517 21 1292 1893 5864 764 4125 3 646 4314 3260 468 -2616 370 323 -2407 7800 4889 3894 145 0
1480 0
1481 0
1482 1
1483 -1 -1 2583 8 0 0 8 25 11 15 0 0 9 0
1484 0
1485 1
1486 -1 -1 10331 8 0 0 1 3 0 1 0 0 1 1
1487 -1 -1 10330 8 0 0 0 3 2 118 0 0 0 5165 1809 2958 -2825 2231 142 1
1488 -1 -1 5164 8 0 0 0 1 20 35 0 1 1 2582 3829 6901 -4696 -2520 261 1291 -1226 -2943 -4436 7322 2 0
1489 0
1490 0
1491 1
1492 -1 -1 10327 8 0 0 1 133 0 1 0 0 0 1
1493 -1 -1 10326 8 0 0 0 20 0 12 0 0 2 5163 2961 3206 -103 -3224 18 0
1494 1
1495 -1 -1 10325 8 0 1 1 0 0 0 0 10 0 1
1496 -1 -1 10324 8 0 0 0 70 22 88 4 0 7 5162 -3727 7284 -4913 3566 343 2581 -2151 4026 -3929 -2171 277 0
1497 1
1498 -1 -1 5161 8 0 1 1 0 1 3 0 1 30 0
1499 1
1500 -1 -1 10321 8 0 0 5 17 28 37 6 4 8 1
1501 -1 -1 10320 8 0 0 3 90 69 1 0 8 8 5160 4152 7057 795 -5115 272 2580 662 7057 2241 -3078 375 1290 4861 3434 -2017 -4666 290 645 -189 3441 4907 5678 0 0
1502 0
1503 0
1504 1
1505 -1 -1 5159 8 0 0 2 0 9 0 0 42 1 1
1506 -1 -1 5158 8 0 0 7 0 15 0 3 0 0 2579 -445 507 -4306 -3460 8 0
1507 1
1508 -1 -1 5157 8 0 0 29 2 0 0 3 0 0 1
1509 -1 -1 5156 8 0 0 1 0 11 18 8 0 10 2578 758 -986 3188 6928 251 1289 -3536 562 3364 -5362 199 0
1510 0
1511 1
1512 -1 -1 5155 8 0 0 0 12 0 1 0 0 28 1
1513 -1 -1 5154 8 0 0 5 50 5 4 2 0 1 2577 4196 5335 656 1152 14 0
1514 1
1515 -1 -1 5153 8 0 0 0 11 6 20 1 0 0 0
1516 1
1517 -1 -1 10305 8 0 0 1 1 2 3 2 1 6 1
1518 -1 -1 10304 8 0 2 68 28 9 0 0 1 0 5152 -1010 -7084 -1231 7507 276 2576 3067 3155 -2353 -4001 256 1288 72 7816 -4934 4095 14 644 -3888 -3668 -4975 1563 1 322 2513 7265 3808 -2635 3 161 593 21 -2201 -5198 308 0
1519 0
1520 0
1521 0
1522 1
1523 -1 -1 2575 8 0 0 0 0 1 0 4 0 19 0
1524 1
1525 -1 -1 5149 8 0 0 0 0 19 0 27 1 1 1
1526 -1 -1 5148 8 0 2 5 0 6 0 2 40 1 2574 1281 -7750 4558 2044 50 1287 4293 -3476 2458 -6339 397 0
1527 0
1528 1
1529 -1 -1 5147 8 0 0 0 28 3 0 0 10 0 1
1530 -1 -1 5146 8 0 1 3 3 0 0 0 51 0 2573 -674 7709 -3805 -7686 360 0
1531 1
1532 -1 -1 5145 8 0 1 0 12 3 0 0 5 0 0
1533 1
1534 -1 -1 10289 8 0 0 0 0 0 0 0 2 0 1
1535 -1 -1 10288 8 0 0 95 0 3 0 0 0 0 5144 -2848 -2769 3722 4465 377 2572 4460 7111 1808 -6684 208 1286 -70 2560 3103 -6286 359 643 -4078 -6046 3306 -866 93 0
1536 0
1537 0
1538 1
1539 -1 -1 5143 8 0 0 7 1 1 25 0 0 0 0
1540 1
1541 -1 -1 10285 8 0 1 8 0 6 0 0 1 261 1
1542 -1 -1 10284 8 0 0 0 10 0 0 0 4 2 5142 470 -6125 4625 -2081 0 2571 2188 7184 1242 -5717 261 0
1543 0
1544 1
1545 -1 -1 10283 8 0 0 76 0 1 0 2 0 1 1
1546 -1 -1 10282 8 0 2 34 16 23 31 0 7 14 5141 -1521 6864 -75 3015 183 0
1547 1
1548 -1 -1 10281 8 0 1 15 1 16 5 0 0 87 1
1549 -1 -1 10280 8 0 0 3 15 12 8 1 24 8 5140 1573 6615 -4647 -5580 10 2570 -2480 4279 1663 -1710 12 1285 -1651 6064 3247 4492 219 0
1550 0
1551 1
1552 -1 -1 5139 8 0 1 1 34 0 0 2 0 1 1
1553 -1 -1 5138 8 0 6 30 1 7 0 20 0 0 2569 877 1251 -1498 5176 218 0
1554 0
1555 1
1556 -1 -1 10275 8 0 0 0 6 21 2 0 49 6 1
1557 -1 -1 10274 8 0 0 0 0 15 7 1 0 1 5137 2433 6643 1503 -7691 0 0
1558 1
1559 -1 -1 10273 8 0 1 10 3 26 0 2 4 18 1
1560 -1 -1 10272 8 0 5 0 50 20 21 0 1 26 5136 -2497 3589 2341 -6616 25 2568 -3644 6867 2490 1410 58 1284 -4817 -7807 2471 3841 340 642 3042 4161 -4177 -6737 0 321 -248 637 3257 -5621 329 0
1561 0
1562 0
1563 1
1564 -1 -1 2567 8 0 0 3 0 0 35 0 0 0 0
1565 0
1566 1
1567 -1 -1 10267 8 0 0 0 1 1 0 11 0 0 1
1568 -1 -1 10266 8 0 0 0 62 2 2 0 0 0 5133 4436 5212 200 4399 12 1
1569 -1 -1 5132 8 0 0 2 2 16 1 1 0 0 2566 980 3125 4367 -1879 311 1283 -3145 -3228 4329 4190 312 0
1570 0
1571 0
1572 1
1573 -1 -1 10263 8 0 0 47 0 3 0 0 0 0 1
1574 -1 -1 10262 8 0 0 6 14 1 0 1 0 0 5131 -4878 727 1611 -4636 286 0
1575 1
1576 -1 -1 10261 8 0 0 0 0 1 1 0 84 0 1
1577 -1 -1 10260 8 0 0 13 14 22 0 0 0 1 5130 -4047 1811 2344 -3694 279 2565 -2351 7581 1355 -4194 293 0
1578 0
1579 1
1580 -1 -1 10259 8 0 0 6 25 0 0 0 26 0 1
1581 -1 -1 10258 8 0 0 0 17 2 3 0 13 43 5129 1552 665 -2093 -5874 321 0
1582 1
1583 -1 -1 10257 8 0 2 1 65 0 1 0 16 1 1
1584 -1 -1 10256 8 0 5 20 68 22 27 5 170 7 5128 -1753 5315 -2553 -5742 291 2564 3742 1577 -3866 -2873 237 1282 -4082 2615 -956 -4018 17 641 -4359 2385 1276 -5275 306 0
1585 0
1586 0
1587 1
1588 -1 -1 5127 8 0 1 0 0 1 0 0 3 21 0
1589 1
1590 -1 -1 10253 8 0 4 4 22 0 0 0 1 1 1
1591 -1 -1 10252 8 0 0 2 8 0 48 11 0 1 5126 -1873 -1350 -1214 7701 370 2563 -2874 -6573 2903 -6796 393 0
1592 0
1593 1
1594 -1 -1 10251 8 0 8 7 55 5 14 0 170 2 1
1595 -1 -1 10250 8 0 0 46 10 5 33 0 36 0 5125 -206 -220 -3155 7721 242 0
1596 1
1597 -1 -1 10249 8 0 0 38 0 1 0 0 3 0 1
1598 -1 -1 10248 8 0 6 38 85 20 6 5 43 6 5124 -628 1028 1108 2619 273 2562 -740 -943 -4216 -3406 203 1281 -1635 -6425 4016 -1231 365 0
1599 0
1600 0
1601 1
1602 -1 -1 10247 8 0 0 0 0 15 19 0 0 2 1
1603 -1 -1 10246 8 0 2 0 0 4 9 0 50 0 5123 -3154 7780 -4709 -6726 30 0
1604 1
1605 -1 -1 10245 8 0 2 15 1 1 0 0 48 5 1
1606 -1 -1 10244 8 0 2 0 25 16 0 0 4 25 5122 -4658 6518 1543 -5206 367 2561 -2570 -6531 2327 -4207 3 0
1607 0
1608 1
1609 -1 -1 10243 8 0 0 5 8 9 0 13 0 2 1
1610 -1 -1 10242 8 0 4 2 5 68 0 1 28 0 5121 -1734 -1719 -1739 1577 9 0
1611 1
1612 -1 -1 10241 8 0 14 490 51 121 10 10 12 47 1
1613 -1 -1 10240 8 0 19 108 53 61 51 9 22 18 5120 202 -687 2607 -3863 221 2560 33 -4873 3630 -7460 262 1280 -3972 6258 4833 6913 318 640 677 -861 -63 7598 106 320 2488 6848 -1559 -7513 259 160 -4087 2134 1052 4618 13 80 4814 2538 -3663 -7410 254 40 1597 800 -198 6952 224 20 398 787 2372 -5020 395 10 -2271 133 2986 -4129 397 5 -1804 1490 3674 -3782 400 0
1614 0
1615 0
1616 0
1617 0
1618 0
1619 1
1620 -1 -1 319 8 0 1 0 0 0 0 21 0 14 0
1621 0
1622 1
1623 -1 -1 1275 8 0 3 0 0 0 0 0 0 0 0
1624 0
1625 1
1626 -1 -1 5099 8 0 0 0 0 0 0 0 0 5 0
1627 1
1628 -1 -1 10197 8 0 0 0 0 0 0 0 0 9 1
1629 -1 -1 10196 8 0 0 0 0 0 0 0 0 128 5098 -776 -6346 -936 -3846 248 2549 1115 6454 -4619 1639 137 1
1630 -1 -1 2548 8 0 1 1 0 0 0 0 0 6 1274 -604 -6843 -4584 3334 261 637 -1532 -4644 135 202 388 0
1631 0
1632 0
1633 1
1634 -1 -1 5095 8 0 0 0 0 0 0 0 2 0 0
1635 1
1636 -1 -1 10189 8 0 1 0 0 0 0 0 0 0 1
1637 -1 -1 10188 8 0 0 0 0 1 0 0 0 84 5094 359 1466 -4002 2979 351 2547 2354 -4350 4383 -5325 5 1
1638 -1 -1 2546 8 0 0 21 0 2 0 0 3 14 1273 -3043 6457 -2066 3869 12 1
1639 -1 -1 1272 8 0 1 31 0 0 0 0 1 2 636 4781 -5844 -1314 3641 331 318 -1612 2269 2681 4191 284 159 589 1568 -2465 7342 393 0
1640 1
1641 -1 -1 317 8 0 5 0 0 1 0 7 0 18 0
1642 1
1643 -1 -1 633 8 0 16 8 0 3 19 12 0 0 1
1644 -1 -1 632 8 0 3 0 0 0 0 28 0 1 316 3627 -6682 3945 7859 399 158 2792 -7246 -924 -4548 13 79 -4257 5021 4860 777 171 0
1645 0
1646 1
1647 -1 -1 315 8 0 11 0 2 1 4 0 0 0 0
1648 1
1649 -1 -1 629 8 0 6 0 0 1 0 0 0 57 1
1650 -1 -1 628 8 0 0 9 0 1 0 0 0 0 314 4982 -6314 -950 6639 351 157 -671 853 587 -4956 289 0
1651 0
1652 1
1653 -1 -1 627 8 0 12 0 0 3 2 0 0 0 0
1654 1
1655 -1 -1 1253 8 0 4 0 2 1 0 1 0 0 0
1656 1
1657 -1 -1 2505 8 0 3 0 0 1 0 1 1 3 0
1658 1
1659 -1 -1 5009 8 0 0 0 0 0 0 0 4 3 0
1660 1
1661 -1 -1 10017 8 0 0 0 0 0 1 0 0 0 1
1662 -1 -1 10016 8 0 0 0 0 0 0 0 72 0 5008 -2114 3626 -832 -2290 344 2504 4262 2368 -3251 -7421 59 1252 -3524 -5523 1197 -6023 16 626 2815 3418 2003 5352 6 313 -1340 3143 2779 698 389 0
1663 1
1664 -1 -1 625 8 0 3 0 0 0 12 0 0 8 0
1665 1
1666 -1 -1 1249 8 0 0 0 0 13 2 13 0 0 0
1667 1
1668 -1 -1 2497 8 0 21 0 0 2 3 7 0 2 1
1669 -1 -1 2496 8 0 17 0 0 15 0 4 8 0 1248 1862 -2514 2768 -1814 0 624 3838 5170 -4113 1091 59 312 -3640 -6367 -3267 1561 326 156 3070 -3759 -4743 -291 79 78 3575 -7109 177 -7525 261 39 1118 -5416 -1119 1559 24 0
1670 0
1671 0
1672 1
1673 -1 -1 311 8 0 19 0 0 18 0 26 0 0 0
1674 1
1675 -1 -1 621 8 0 6 4 2 1 17 0 2 0 1
1676 -1 -1 620 8 0 40 0 3 11 0 1 0 0 310 2024 500 3547 3962 271 155 2633 1272 2885 -4225 1 0
1677 0
1678 0
1679 1
1680 -1 -1 1239 8 0 4 0 0 3 0 0 0 9 1
1681 -1 -1 1238 8 0 1 47 0 1 0 0 7 0 619 -356 991 4422 1765 396 1
1682 -1 -1 618 8 0 13 0 3 3 0 1 0 0 309 2710 -4352 2963 6935 113 0
1683 1
1684 -1 -1 617 8 0 31 0 0 9 0 6 7 0 0
1685 0
1686 0
1687 1
1688 -1 -1 4935 8 0 4 0 22 5 0 0 0 14 0
1689 1
1690 -1 -1 9869 8 0 9 0 0 0 0 0 0 0 1
1691 -1 -1 9868 8 0 9 2 2 2 0 0 3 99 4934 1588 -7949 -4050 -7253 12 2467 2003 3852 -2970 -6190 287 1
1692 -1 -1 2466 8 0 7 0 8 9 0 0 6 0 1233 2403 -4190 2064 6905 6 0
1693 1
1694 -1 -1 2465 8 0 5 2 29 4 0 0 1 5 1
1695 -1 -1 2464 8 0 12 0 3 3 9 1 5 0 1232 -1143 3396 1646 6346 288 616 1657 -1030 -1134 -2978 1 308 3758 5972 499 -5503 400 154 3184 -7778 310 21 17 77 -933 -7725 -3254 7272 308 0
1696 0
1697 0
1698 1
1699 -1 -1 615 8 0 4 0 0 3 0 0 52 0 1
1700 -1 -1 614 8 0 9 0 0 3 2 5 0 6 307 1608 1116 592 5023 352 0
1701 0
1702 1
1703 -1 -1 1227 8 0 3 4 0 10 0 2 0 4 0
1704 1
1705 -1 -1 2453 8 0 2 0 0 0 0 0 5 0 0
1706 0
1707 1
1708 -1 -1 9811 8 0 16 0 0 10 0 0 0 0 1
1709 -1 -1 9810 8 0 118 2 0 1 0 0 0 0 4905 2692 2663 809 1965 1 0
1710 1
1711 -1 -1 9809 8 0 29 0 0 31 0 0 0 0 1
1712 -1 -1 9808 8 0 33 0 0 5 0 0 2 0 4904 4696 -4582 -3912 -1180 7 2452 -4038 -6379 -925 734 10 1226 3800 -6943 -2343 -2346 165 613 4057 4372 -228 -3864 24 0
1713 0
1714 1
1715 -1 -1 2451 8 0 0 5 0 4 0 0 0 0 0
1716 1
1717 -1 -1 4901 8 0 31 0 0 0 0 0 0 0 1
1718 -1 -1 4900 8 0 37 0 0 15 0 2 0 0 2450 -1527 -496 1972 3330 386 1225 768 -4219 -334 -93 27 0
1719 1
1720 -1 -1 2449 8 0 7 0 6 1 0 0 0 0 1
1721 -1 -1 2448 8 0 15 0 0 10 0 38 0 1 1224 1029 6079 -3241 -2603 0 612 -482 -1903 -1730 5763 400 306 -3654 -902 1289 6114 392 153 -50 -6454 -546 -1386 41 0
1722 0
1723 1
1724 -1 -1 611 8 0 27 0 0 3 0 5 0 10 0
1725 1
1726 -1 -1 1221 8 0 0 0 0 1 0 44 0 1 1
1727 -1 -1 1220 8 0 16 0 0 9 0 39 0 0 610 2779 -1971 46 -2813 25 305 4492 -4628 -836 -6022 398 0
1728 0
1729 0
1730 1
1731 -1 -1 2439 8 0 0 0 0 12 0 2 2 0 0
1732 0
1733 1
1734 -1 -1 9755 8 0 6 0 0 2 0 7 0 0 1
1735 -1 -1 9754 8 0 3 0 0 10 0 68 0 0 4877 -2467 -403 -4133 483 24 1
1736 -1 -1 4876 8 0 10 1 0 0 0 37 2 0 2438 4011 115 3954 -926 2 1219 3112 7358 -149 -755 206 1
1737 -1 -1 1218 8 0 4 1 0 11 2 2 25 0 609 743 1233 1831 775 0 0
1738 0
1739 0
1740 1
1741 -1 -1 4871 8 0 4 0 0 8 0 3 0 0 0
1742 1
1743 -1 -1 9741 8 0 4 0 0 1 0 0 57 0 1
1744 -1 -1 9740 8 0 2 0 0 13 0 0 2 0 4870 -4476 -6466 -108 7835 391 2435 -2202 -4599 2969 -5052 1 0
1745 0
1746 1
1747 -1 -1 9739 8 0 10 0 2 1 0 24 11 0 1
1748 -1 -1 9738 8 0 21 1 0 65 0 50 18 0 4869 3131 -575 -383 -1683 24 1
1749 -1 -1 4868 8 0 33 0 0 26 2 4 2 0 2434 3187 -3903 -617 -5279 5 1217 4737 6268 -2085 -7262 69 0
1750 0
1751 1
1752 -1 -1 4867 8 0 1 0 0 0 8 0 4 3 0
1753 1
1754 -1 -1 9733 8 0 1 0 0 1 0 2 10 0 1
1755 -1 -1 9732 8 0 32 0 3 48 2 15 2 3 4866 3038 -1904 1124 -500 9 2433 -2056 7624 -1735 -3231 211 0
1756 1
1757 -1 -1 4865 8 0 5 0 0 6 1 4 2 2 1
1758 -1 -1 4864 8 0 13 0 1 5 49 1 0 0 2432 793 3148 1095 -1486 13 1216 -2394 2218 655 4459 2 608 4032 -2331 -4144 1581 9 304 -854 -969 3533 -4699 18 152 -1918 1452 16 -6272 50 76 776 -4051 -274 903 0 38 2255 -3391 -3661 -5829 386 19 4938 -5306 1662 1547 265 0
1759 0
1760 0
1761 0
1762 1
1763 -1 -1 303 8 0 1 19 0 1 0 6 2 30 0
1764 1
1765 -1 -1 605 8 0 0 0 0 1 0 0 4 0 0
1766 0
1767 1
1768 -1 -1 2419 8 0 0 0 0 0 0 0 0 5 0
1769 0
1770 1
1771 -1 -1 9675 8 0 0 0 0 0 0 0 0 25 1
1772 -1 -1 9674 8 0 0 0 0 0 0 0 0 110 4837 -3102 -6507 -3296 -7942 285 1
1773 -1 -1 4836 8 0 0 0 0 0 0 0 0 1 2418 -3220 5189 -2525 4385 2 1209 -23 4997 1727 -7354 103 1
1774 -1 -1 1208 8 0 0 0 0 4 0 0 0 8 604 2979 -4248 2478 1902 178 302 2481 95 3809 -7864 191 151 -4634 -6140 -424 4892 4 0
1775 0
1776 1
1777 -1 -1 603 8 0 1 3 0 6 0 0 0 23 1
1778 -1 -1 602 8 0 3 38 1 7 0 1 0 0 301 -1795 -6405 -2547 -285 186 0
1779 1
1780 -1 -1 601 8 0 1 2 0 1 12 10 1 6 0
1781 1
1782 -1 -1 1201 8 0 0 1 0 2 0 0 0 28 1
1783 -1 -1 1200 8 0 2 17 1 1 1 0 18 12 600 -562 7753 -3961 4435 86 300 606 -3199 -1672 -457 24 150 -3899 -432 -234 7935 4 75 -2093 4349 -751 3238 3 0
1784 0
1785 1
1786 -1 -1 299 8 0 2 2 0 1 0 4 6 12 0
1787 0
1788 1
1789 -1 -1 1195 8 0 2 0 0 0 0 0 0 0 0
1790 1
1791 -1 -1 2389 8 0 0 0 0 0 0 1 0 0 0
1792 1
1793 -1 -1 4777 8 0 0 11 0 0 0 0 0 0 0
1794 1
1795 -1 -1 9553 8 0 0 3 0 0 0 0 0 0 1
1796 -1 -1 9552 8 0 0 67 0 0 0 0 0 0 4776 -1106 3965 731 -6638 115 2388 -651 4527 1701 7285 187 1194 4977 950 -4189 -7815 399 597 -1286 6419 4095 -2670 10 1
1797 -1 -1 596 8 0 3 9 0 7 0 0 0 0 298 -290 7043 -1351 4501 0 149 4855 -2316 438 3538 369 0
1798 0
1799 1
1800 -1 -1 595 8 0 7 10 10 3 0 1 0 0 0
1801 1
1802 -1 -1 1189 8 0 1 0 0 0 14 0 3 1 1
1803 -1 -1 1188 8 0 17 0 0 4 0 2 39 0 594 4616 6436 -3366 1743 285 297 1110 -4494 3066 -1048 14 0
1804 1
1805 -1 -1 593 8 0 38 0 0 1 0 3 1 0 0
1806 1
1807 -1 -1 1185 8 0 2 18 0 2 0 4 0 5 0
1808 0
1809 1
1810 -1 -1 4739 8 0 1 0 0 3 0 50 0 0 1
1811 -1 -1 4738 8 0 3 0 0 10 0 5 0 0 2369 1374 -594 3110 1166 26 1
1812 -1 -1 2368 8 0 8 0 1 16 0 4 2 1 1184 -2414 -5222 2958 2606 14 592 -3766 -5972 -280 -284 33 296 3506 6086 -4370 5625 368 148 4154 -5060 1937 6392 400 74 4875 -2878 -1100 12 56 37 3151 -5929 -880 1057 211 0
1813 0
1814 0
1815 0
1816 1
1817 -1 -1 591 8 0 17 0 0 2 0 0 3 0 0
1818 1
1819 -1 -1 1181 8 0 3 0 0 5 0 57 0 0 1
1820 -1 -1 1180 8 0 0 0 0 4 1 0 3 0 590 445 584 1940 -3484 10 295 -2281 -3455 1899 6642 364 1
1821 -1 -1 294 8 0 18 0 1 23 2 6 0 7 147 -842 633 -3707 4425 352 0
1822 1
1823 -1 -1 293 8 0 6 30 1 0 0 0 0 0 0
1824 1
1825 -1 -1 585 8 0 20 0 20 4 0 4 0 0 0
1826 1
1827 -1 -1 1169 8 0 7 0 0 5 13 1 5 9 0
1828 1
1829 -1 -1 2337 8 0 12 0 0 3 0 3 2 4 0
1830 1
1831 -1 -1 4673 8 0 0 0 6 0 0 0 0 2 1
1832 -1 -1 4672 8 0 6 19 1 3 0 3 29 3 2336 -4895 254 -4918 1937 13 1168 -339 -4190 291 5005 384 584 268 4228 3046 -4215 3 292 3658 1884 1295 4740 7 146 -3262 4274 -2339 -947 209 73 1320 -6851 1048 6428 268 0
1833 0
1834 0
1835 1
1836 -1 -1 583 8 0 10 0 0 7 39 8 2 0 0
1837 1
1838 -1 -1 1165 8 0 0 0 0 11 1 19 0 16 0
1839 0
1840 1
1841 -1 -1 4659 8 0 0 0 0 26 0 0 0 0 1
1842 -1 -1 4658 8 0 0 0 0 18 0 5 34 0 2329 3611 -5340 1685 -6788 4 1
1843 -1 -1 2328 8 0 1 0 0 1 0 4 0 14 1164 4854 5591 2147 -1365 12 582 67 425 2619 -2860 41 291 -327 2423 -2866 -6136 393 0
1844 1
1845 -1 -1 581 8 0 8 0 11 0 8 0 0 0 0
1846 1
1847 -1 -1 1161 8 0 2 0 4 0 1 5 0 0 0
1848 1
1849 -1 -1 2321 8 0 13 0 0 26 0 9 0 1 1
1850 -1 -1 2320 8 0 34 1 0 7 2 2 0 0 1160 -1287 -1351 692 -5616 3 580 553 6325 -1137 -4827 29 290 2548 -3694 -2494 -3014 362 145 4370 5646 -2621 -6397 69 0
1851 0
1852 0
1853 0
1854 1
1855 -1 -1 2319 8 0 0 1 0 0 25 0 0 3 0
1856 1
1857 -1 -1 4637 8 0 1 0 0 1 0 4 1 0 0
1858 1
1859 -1 -1 9273 8 0 0 3 0 1 0 0 0 0 1
1860 -1 -1 9272 8 0 0 0 1 0 0 0 129 0 4636 -4164 5197 -1780 -5200 235 2318 -3438 -1827 2969 5969 285 1159 -1778 -3600 -143 4872 337 0
1861 0
1862 1
1863 -1 -1 4635 8 0 0 22 0 2 1 0 0 3 0
1864 1
1865 -1 -1 9269 8 0 0 0 0 3 0 0 0 66 1
1866 -1 -1 9268 8 0 1 3 0 3 0 0 0 0 4634 2640 -5419 -3015 -2078 23 2317 -4341 -5710 2979 4614 341 0
1867 0
1868 1
1869 -1 -1 9267 8 0 0 24 1 0 9 0 0 50 1
1870 -1 -1 9266 8 0 0 16 43 4 19 0 60 14 4633 -4372 -2184 -4619 6946 239 0
1871 1
1872 -1 -1 9265 8 0 0 56 38 16 0 2 4 0 1
1873 -1 -1 9264 8 0 1 6 2 8 3 1 49 1 4632 2694 -2227 -3906 -2989 4 2316 -108 -7152 -4225 -1949 26 1158 -3764 -6313 1052 4369 318 579 3697 -2328 4294 3440 321 0
1874 0
1875 0
1876 0
1877 1
1878 -1 -1 9263 8 0 0 0 8 71 0 14 14 0 1
1879 -1 -1 9262 8 0 0 0 1 5 29 3 8 0 4631 3607 721 870 -3579 0 0
1880 1
1881 -1 -1 9261 8 0 0 44 0 3 0 0 4 14 1
1882 -1 -1 9260 8 0 4 4 0 13 54 0 29 0 4630 3961 -285 -1016 -2085 9 2315 885 1406 85 4753 272 0
1883 0
1884 1
1885 -1 -1 9259 8 0 1 0 24 23 4 14 102 0 1
1886 -1 -1 9258 8 0 0 0 5 67 10 0 22 0 4629 2891 -3316 -4125 338 250 0
1887 1
1888 -1 -1 9257 8 0 2 0 130 21 66 0 8 0 1
1889 -1 -1 9256 8 0 2 4 31 29 30 3 62 14 4628 -4089 -1562 -343 4451 62 2314 -1123 -57 4571 -7755 1 1157 -4871 -4973 -372 6853 270 0
1890 0
1891 1
1892 -1 -1 4627 8 0 1 0 14 3 36 0 2 0 0
1893 1
1894 -1 -1 9253 8 0 1 2 1 11 3 0 90 13 1
1895 -1 -1 9252 8 0 2 5 16 34 207 1 330 0 4626 1546 1143 -1288 2922 256 2313 -3751 -5818 -1245 3761 282 0
1896 0
1897 1
1898 -1 -1 9251 8 0 0 0 0 10 1 0 8 71 1
1899 -1 -1 9250 8 0 0 2 0 9 2 0 37 6 4625 881 -4970 -1185 6191 237 0
1900 1
1901 -1 -1 9249 8 0 0 1 1 11 1 0 92 0 1
1902 -1 -1 9248 8 0 2 6 42 24 9 0 27 8 4624 4361 -2433 1333 4807 287 2312 -462 1297 3346 -1932 10 1156 -4014 -3058 4407 3079 0 578 508 -4154 -4801 6564 247 289 747 -6969 3869 851 260 0
1903 0
1904 0
1905 0
1906 1
1907 -1 -1 4623 8 0 2 1 0 8 4 0 37 2 0
1908 1
1909 -1 -1 9245 8 0 2 2 78 10 4 0 3 0 1
1910 -1 -1 9244 8 0 0 8 17 24 5 1 0 19 4622 -1529 -3113 2735 6970 162 2311 -2947 -2769 212 423 21 0
1911 1
1912 -1 -1 4621 8 0 4 15 7 1 0 0 0 1 0
1913 1
1914 -1 -1 9241 8 0 0 0 0 19 13 0 16 0 1
1915 -1 -1 9240 8 0 3 32 0 21 10 2 4 1 4620 1868 1020 -2365 -4187 26 2310 -405 -3788 423 -6938 244 1155 4061 -4947 1206 1454 12 0
1916 0
1917 0
1918 1
1919 -1 -1 9239 8 0 0 0 0 0 0 0 0 61 1
1920 -1 -1 9238 8 0 0 2 0 2 0 4 0 1 4619 2313 -5723 -1876 7804 1 1
1921 -1 -1 4618 8 0 0 3 1 37 0 5 0 16 2309 -3256 3522 562 1953 32 0
1922 0
1923 1
1924 -1 -1 9235 8 0 0 0 0 0 0 13 0 0 1
1925 -1 -1 9234 8 0 1 3 0 24 6 1 29 0 4617 -3934 -5011 279 7884 361 0
1926 1
1927 -1 -1 9233 8 0 0 0 0 5 1 4 0 14 1
1928 -1 -1 9232 8 0 1 0 2 42 4 7 0 0 4616 4324 -4914 714 -2844 19 2308 -3288 -5288 1566 -817 6 1154 -2660 -2431 -2705 -7195 17 577 -4766 2733 -4139 3597 0 0
1929 0
1930 0
1931 1
1932 -1 -1 4615 8 0 0 25 4 0 5 0 3 0 0
1933 1
1934 -1 -1 9229 8 0 2 0 5 0 0 5 0 0 1
1935 -1 -1 9228 8 0 0 9 0 9 46 0 215 8 4614 -709 -129 2359 -5179 397 2307 2662 -2419 -2960 6593 338 0
1936 1
1937 -1 -1 4613 8 0 0 9 0 0 6 0 0 17 0
1938 1
1939 -1 -1 9225 8 0 1 10 20 1 4 2 1 0 1
1940 -1 -1 9224 8 0 3 1 0 8 36 2 3 1 4612 -675 2596 -442 -1622 12 2306 3292 -433 -4724 4787 310 1153 -446 373 874 7805 251 0
1941 0
1942 0
1943 1
1944 -1 -1 9223 8 0 0 1 8 1 30 0 0 0 1
1945 -1 -1 9222 8 0 0 140 0 11 17 0 10 13 4611 1572 824 4360 3014 298 0
1946 1
1947 -1 -1 9221 8 0 0 34 1 5 9 1 10 6 1
1948 -1 -1 9220 8 0 2 18 43 26 226 0 11 61 4610 4202 -7906 -814 -509 39 2305 4241 -3327 -786 7801 278 0
1949 0
1950 1
1951 -1 -1 9219 8 0 1 37 14 4 52 0 9 12 1
1952 -1 -1 9218 8 0 6 0 21 36 135 2 21 0 4609 2359 -6076 -2806 -4232 47 0
1953 1
1954 -1 -1 9217 8 0 5 14 21 22 61 2 49 13 1
1955 -1 -1 9216 8 0 13 159 285 55 53 5 43 6 4608 143 -466 75 4567 255 2304 -1037 -6058 4353 7415 200 1152 667 -1414 -504 -6654 223 576 320 1120 1033 -4457 275 288 -2883 -2204 783 5483 265 144 -1021 -7374 -4344 4917 215 72 786 -16 265 5065 358 36 -1077 961 3696 5479 353 18 4602 -7216 -278 7327 375 9 2147 -2627 -191 6318 383 0
1956 0
1957 0
1958 0
1959 0
1960 0
1961 1
1962 -1 -1 575 8 0 14 0 0 10 1 32 0 0 0
1963 1
1964 -1 -1 1149 8 0 1 0 0 5 0 27 0 0 0
1965 1
1966 -1 -1 2297 8 0 0 0 0 0 0 2 0 0 0
1967 1
1968 -1 -1 4593 8 0 0 0 0 0 0 5 0 0 0
1969 1
1970 -1 -1 9185 8 0 0 0 0 0 0 17 0 0 1
1971 -1 -1 9184 8 0 0 0 0 0 0 58 0 0 4592 4140 867 3300 6308 229 2296 461 -5383 3646 -6502 14 1148 -1029 4251 892 -5796 0 574 3400 -6350 3992 4435 334 287 1596 -7662 -1539 2165 394 1
1972 -1 -1 286 8 0 5 0 0 4 2 11 0 10 143 -797 -7861 -1050 2688 281 0
1973 0
1974 1
1975 -1 -1 571 8 0 12 0 0 3 0 33 0 2 0
1976 1
1977 -1 -1 1141 8 0 11 0 0 6 0 0 0 0 1
1978 -1 -1 1140 8 0 8 0 0 20 0 23 8 0 570 284 -3744 -3838 -2708 368 285 3261 -2178 -3147 -2256 392 1
1979 -1 -1 284 8 0 12 4 2 12 0 8 16 14 142 1858 -6164 -166 1488 316 71 3431 -6428 2939 1758 31 0
1980 0
1981 0
1982 0
1983 0
1984 1
1985 -1 -1 2271 8 0 11 0 0 8 0 1 13 0 1
1986 -1 -1 2270 8 0 46 0 1 4 0 7 0 0 1135 -266 131 -2940 -3155 7 1
1987 -1 -1 1134 8 0 3 8 0 0 0 3 0 15 567 568 304 -4492 5018 0 0
1988 1
1989 -1 -1 1133 8 0 3 0 2 0 2 0 0 31 1
1990 -1 -1 1132 8 0 10 15 0 0 10 1 1 5 566 -549 -922 -1272 -6380 394 283 -3996 -5766 -2154 6817 5 0
1991 1
1992 -1 -1 565 8 0 24 0 0 0 0 1 0 0 0
1993 1
1994 -1 -1 1129 8 0 8 2 1 10 9 1 8 0 0
1995 1
1996 -1 -1 2257 8 0 15 0 3 0 0 0 0 0 1
1997 -1 -1 2256 8 0 14 0 0 9 0 0 45 1 1128 1297 7532 3983 -7304 347 564 206 -1044 1003 -2850 3 282 2852 6228 -4336 -1389 390 141 3321 -6967 1032 -141 0 0
1998 0
1999 0
2000 1
2001 -1 -1 1127 8 0 0 0 0 3 0 9 0 7 0
2002 1
2003 -1 -1 2253 8 0 31 0 0 23 0 2 0 0 1
2004 -1 -1 2252 8 0 1 0 3 4 0 6 0 0 1126 1291 -7888 -2758 3599 2 563 2386 -3857 3623 -7036 25 0
2005 1
2006 -1 -1 1125 8 0 6 0 0 2 10 8 0 1 0
2007 1
2008 -1 -1 2249 8 0 8 0 0 3 0 6 0 3 1
2009 -1 -1 2248 8 0 59 0 0 2 1 1 3 0 1124 -2426 -2688 -3303 7425 324 562 -176 -2097 4548 1520 56 281 1327 1248 -1109 7968 165 0
2010 0
2011 1
2012 -1 -1 1123 8 0 1 0 0 2 13 1 1 6 1
2013 -1 -1 1122 8 0 1 0 1 10 0 51 0 0 561 4811 -6909 -4441 -4102 213 1
2014 -1 -1 560 8 0 5 0 13 1 4 0 6 11 280 3887 -6194 -1578 7764 56 140 1099 -93 -532 5323 390 70 3119 -4169 3446 3698 390 35 861 -353 1528 -2417 7 0
2015 0
2016 0
2017 1
2018 -1 -1 279 8 0 9 24 3 3 0 10 0 0 0
2019 0
2020 1
2021 -1 -1 1115 8 0 8 3 0 1 0 0 0 1 0
2022 0
2023 1
2024 -1 -1 4459 8 0 0 13 0 0 0 0 0 0 0
2025 1
2026 -1 -1 8917 8 0 0 1 0 0 0 0 0 101 1
2027 -1 -1 8916 8 0 0 0 0 3 0 0 0 8 4458 -4491 7300 -2709 2584 8 2229 -3902 -78 925 -6353 75 1
2028 -1 -1 2228 8 0 0 28 0 0 0 3 0 14 1114 -4971 5009 1359 578 10 557 -4056 4499 4377 -465 365 1
2029 -1 -1 556 8 0 4 0 1 14 0 2 0 9 278 4462 -3922 -2224 1923 258 139 -3738 -5818 3534 -2469 343 0
2030 0
2031 0
2032 1
2033 -1 -1 1111 8 0 4 1 0 9 0 6 0 47 1
2034 -1 -1 1110 8 0 2 0 1 5 10 1 12 0 555 3298 -7718 -4127 -7233 11 0
2035 1
2036 -1 -1 1109 8 0 12 2 0 1 1 1 1 8 0
2037 0
2038 1
2039 -1 -1 4435 8 0 0 0 0 1 3 58 0 0 1
2040 -1 -1 4434 8 0 8 0 0 0 0 38 0 0 2217 -401 1736 -4720 6887 27 1
2041 -1 -1 2216 8 0 2 1 0 5 0 5 0 2 1108 4842 -7922 -2226 6882 370 554 -2013 -424 2454 7519 224 277 1567 -6120 -1152 -7668 2 0
2042 0
2043 0
2044 1
2045 -1 -1 2215 8 0 3 0 0 0 9 1 0 0 0
2046 1
2047 -1 -1 4429 8 0 0 0 0 1 0 2 0 1 0
2048 1
2049 -1 -1 8857 8 0 0 0 0 0 0 2 0 0 1
2050 -1 -1 8856 8 0 156 0 0 0 2 0 0 0 4428 -2310 7591 2545 -4529 7 2214 623 3262 -914 6625 195 1107 1879 5381 3643 3630 26 1
2051 -1 -1 1106 8 0 3 2 0 5 3 0 0 8 553 3500 -7350 -2422 1758 399 1
2052 -1 -1 552 8 0 0 5 0 11 1 1 0 8 276 4209 -6585 -1287 4761 400 138 -216 -99 2441 5061 28 69 -3394 4498 4704 1734 176 0
2053 0
2054 0
2055 0
2056 1
2057 -1 -1 1103 8 0 3 2 0 3 0 1 9 51 1
2058 -1 -1 1102 8 0 4 0 4 3 24 9 4 4 551 -3617 -6530 4406 -2993 10 0
2059 0
2060 1
2061 -1 -1 2203 8 0 0 1 0 3 2 0 1 34 1
2062 -1 -1 2202 8 0 10 1 2 0 5 1 24 3 1101 1454 623 -2763 4137 21 0
2063 1
2064 -1 -1 2201 8 0 0 30 0 5 6 0 17 0 0
2065 1
2066 -1 -1 4401 8 0 0 0 13 0 2 0 16 0 0
2067 1
2068 -1 -1 8801 8 0 0 0 0 0 0 0 0 5 1
2069 -1 -1 8800 8 0 1 8 0 0 0 0 273 0 4400 -4784 6221 2160 -106 323 2200 -4886 -5075 -1894 1871 3 1100 3230 1701 408 2550 12 550 3311 6578 -4377 -1411 99 275 -4705 -7655 -3057 1412 23 0
2070 0
2071 0
2072 1
2073 -1 -1 2199 8 0 1 4 19 6 0 1 1 19 1
2074 -1 -1 2198 8 0 2 0 0 6 0 3 31 0 1099 -4643 -3955 -2574 5399 83 0
2075 0
2076 0
2077 1
2078 -1 -1 8791 8 0 9 0 0 7 1 5 0 0 1
2079 -1 -1 8790 8 0 2 0 1 9 61 0 2 0 4395 -2932 842 -1383 3269 350 1
2080 -1 -1 4394 8 0 14 11 0 17 1 3 1 4 2197 3694 -6666 -1721 3051 316 0
2081 0
2082 1
2083 -1 -1 8787 8 0 0 5 0 4 8 0 10 4 1
2084 -1 -1 8786 8 0 1 1 12 39 2 5 1 2 4393 1572 -3466 -4730 -6561 238 0
2085 1
2086 -1 -1 8785 8 0 1 57 1 3 0 0 0 1 1
2087 -1 -1 8784 8 0 1 1 3 12 0 3 1 1 4392 -1103 -2482 4058 3437 176 2196 3956 -2370 -1023 3209 144 1098 2808 -5050 2416 3609 316 549 4068 -7942 -1116 -1679 28 0
2088 0
2089 1
2090 -1 -1 2195 8 0 5 0 1 3 7 1 3 0 0
2091 1
2092 -1 -1 4389 8 0 0 3 1 1 0 1 0 0 0
2093 1
2094 -1 -1 8777 8 0 0 1 0 2 0 0 0 0 1
2095 -1 -1 8776 8 0 1 0 0 0 1 0 77 0 4388 -1521 -1961 -3869 -1105 275 2194 1166 1937 -181 2601 2 1097 -764 -2146 383 2468 302 0
2096 0
2097 0
2098 1
2099 -1 -1 8775 8 0 0 20 2 3 0 0 13 0 1
2100 -1 -1 8774 8 0 0 2 2 9 100 2 0 15 4387 -3346 -6611 4616 -2068 290 0
2101 1
2102 -1 -1 8773 8 0 1 12 0 6 8 0 0 91 1
2103 -1 -1 8772 8 0 1 13 69 8 14 0 5 10 4386 -2645 -2688 4750 1064 252 2193 -4463 -7656 2258 6818 277 0
2104 0
2105 1
2106 -1 -1 8771 8 0 0 2 75 0 11 2 0 0 1
2107 -1 -1 8770 8 0 1 9 3 0 0 0 10 0 4385 -3544 -7404 -1848 6977 237 0
2108 1
2109 -1 -1 8769 8 0 1 9 65 70 61 15 91 61 1
2110 -1 -1 8768 8 0 3 3 33 14 124 1 72 2 4384 1408 -997 103 3105 230 2192 -4013 -6335 2547 -6655 242 1096 2577 -6718 -2118 4301 268 548 1202 -6081 -1526 4873 317 274 -1255 -481 1048 4640 279 137 4987 -4051 -3232 -2669 274 0
2111 0
2112 0
2113 0
2114 1
2115 -1 -1 2191 8 0 0 5 1 5 1 10 0 0 0
2116 0
2117 1
2118 -1 -1 8763 8 0 0 0 0 74 0 0 0 0 1
2119 -1 -1 8762 8 0 0 0 1 5 0 1 1 0 4381 2135 -6783 462 3052 62 1
2120 -1 -1 4380 8 0 3 0 0 2 3 0 10 0 2190 3127 -3974 -4335 6263 199 1095 -2475 2171 3152 5823 53 0
2121 1
2122 -1 -1 2189 8 0 0 46 3 2 0 0 0 0 1
2123 -1 -1 2188 8 0 0 0 2 11 1 0 0 7 1094 1912 7760 -115 3880 11 547 -692 227 -929 7774 3 0
2124 1
2125 -1 -1 1093 8 0 1 10 4 2 2 7 0 13 0
2126 1
2127 -1 -1 2185 8 0 2 0 2 30 0 5 0 0 0
2128 1
2129 -1 -1 4369 8 0 0 0 1 0 0 48 0 0 1
2130 -1 -1 4368 8 0 4 0 0 15 0 30 0 0 2184 -248 -472 1607 1011 15 1092 -3742 -3904 2555 1108 186 546 -1781 1745 4642 2909 189 273 -451 -5927 418 1383 225 0
2131 0
2132 1
2133 -1 -1 1091 8 0 3 0 0 5 0 2 1 0 0
2134 1
2135 -1 -1 2181 8 0 0 0 0 0 0 1 0 68 1
2136 -1 -1 2180 8 0 1 0 0 4 0 0 0 9 1090 619 6385 -1025 3429 3 545 1646 3781 -3987 -5651 353 0
2137 0
2138 1
2139 -1 -1 2179 8 0 0 0 0 8 0 0 5 26 1
2140 -1 -1 2178 8 0 2 6 0 42 0 2 1 1 1089 4152 3332 -1956 7209 62 0
2141 1
2142 -1 -1 2177 8 0 3 1 1 2 3 5 6 27 0
2143 0
2144 1
2145 -1 -1 8707 8 0 0 10 22 3 0 0 0 0 1
2146 -1 -1 8706 8 0 3 56 2 11 19 0 0 7 4353 -785 1856 984 1212 16 0
2147 1
2148 -1 -1 8705 8 0 2 3 5 15 0 4 10 18 1
2149 -1 -1 8704 8 0 14 16 13 26 39 9 4 2 4352 1017 -5723 -2947 6643 240 2176 2068 -2107 -4377 -4981 175 1088 -2233 2949 -459 -6940 294 544 4655 -6238 -849 7541 316 272 1545 -3856 -4804 -309 394 136 -3938 -5007 328 1689 44 68 -73 -246 -575 3478 175 34 4257 -7534 767 7733 388 17 869 -366 -1103 5506 352 0
2150 0
2151 0
2152 0
2153 0
2154 1
2155 -1 -1 543 8 0 13 0 19 5 8 17 6 0 0
2156 1
2157 -1 -1 1085 8 0 8 0 0 3 3 4 3 0 0
2158 1
2159 -1 -1 2169 8 0 12 0 0 18 0 1 0 0 0
2160 1
2161 -1 -1 4337 8 0 9 0 0 11 0 0 0 0 0
2162 1
2163 -1 -1 8673 8 0 17 0 0 7 0 0 0 0 1
2164 -1 -1 8672 8 0 101 0 0 3 0 0 0 0 4336 4261 -1287 740 -1443 6 2168 147 -7914 -2026 5480 51 1084 4380 578 -3595 -6293 9 542 2816 -5403 -1127 -4040 24 271 765 -2221 -2672 1304 29 0
2165 0
2166 1
2167 -1 -1 1083 8 0 7 3 0 9 0 45 0 0 0
2168 1
2169 -1 -1 2165 8 0 4 12 0 4 0 1 2 10 0
2170 1
2171 -1 -1 4329 8 0 0 2 0 0 0 7 0 0 1
2172 -1 -1 4328 8 0 47 2 1 5 0 1 11 0 2164 142 -7690 -2898 -5323 23 1082 -4869 -2213 -3717 -1467 5 541 2171 4390 3045 7937 8 0
2173 0
2174 0
2175 1
2176 -1 -1 4327 8 0 0 10 13 2 0 1 2 0 1
2177 -1 -1 4326 8 0 1 1 2 26 2 9 14 0 2163 -2570 -1472 3289 -7363 260 0
2178 0
2179 1
2180 -1 -1 8651 8 0 3 0 0 9 0 8 0 9 1
2181 -1 -1 8650 8 0 6 0 0 86 0 5 0 0 4325 -4029 -6518 1296 -345 309 0
2182 1
2183 -1 -1 8649 8 0 1 6 2 20 5 1 0 0 1
2184 -1 -1 8648 8 0 2 0 0 54 2 85 0 1 4324 -4264 4901 3446 -5318 34 2162 1042 -5237 2229 223 18 1081 -2635 -2574 381 7219 255 0
2185 1
2186 -1 -1 2161 8 0 1 0 2 1 0 6 35 0 0
2187 0
2188 1
2189 -1 -1 8643 8 0 0 1 24 2 0 0 1 3 1
2190 -1 -1 8642 8 0 1 33 0 3 0 0 10 1 4321 -1241 -6416 -3351 5792 277 0
2191 1
2192 -1 -1 8641 8 0 2 13 8 9 5 1 0 0 1
2193 -1 -1 8640 8 0 0 1 13 46 0 8 9 0 4320 -2313 -7572 494 5552 252 2160 -317 -7835 -4821 3678 263 1080 164 -5108 -4586 5050 317 540 -4457 -7042 -4409 -1225 11 270 -4810 -5701 3785 -1728 369 135 904 207 4202 6164 399 0
2194 0
2195 0
2196 1
2197 -1 -1 1079 8 0 6 12 5 6 0 1 4 2 0
2198 0
2199 1
2200 -1 -1 4315 8 0 1 0 0 8 0 5 0 0 0
2201 1
2202 -1 -1 8629 8 0 3 0 0 3 0 11 0 0 1
2203 -1 -1 8628 8 0 0 0 0 0 0 63 0 0 4314 4728 -1617 -1982 6168 0 2157 -3628 -4032 2957 -5443 174 1
2204 -1 -1 2156 8 0 5 0 1 3 0 6 0 9 1078 -2865 7318 170 7434 3 539 -1550 -7030 2864 5387 241 0
2205 1
2206 -1 -1 1077 8 0 18 3 1 9 0 2 0 22 1
2207 -1 -1 1076 8 0 5 9 0 7 7 1 2 0 538 -2208 -7993 104 -2028 28 269 -4132 -5689 1958 1504 80 0
2208 0
2209 0
2210 0
2211 0
2212 1
2213 -1 -1 8607 8 0 1 0 0 2 0 5 0 0 1
2214 -1 -1 8606 8 0 4 0 0 0 0 107 0 0 4303 1629 4031 4112 3343 17 1
2215 -1 -1 4302 8 0 1 0 0 8 0 21 0 0 2151 -1736 1126 4593 -1601 5 0
2216 0
2217 1
2218 -1 -1 8603 8 0 2 0 0 0 0 37 0 0 1
2219 -1 -1 8602 8 0 12 0 0 2 0 19 0 0 4301 4856 -4503 -1658 -789 49 1
2220 -1 -1 4300 8 0 9 0 1 10 0 1 0 0 2150 1849 -6505 265 2818 112 1075 -685 3908 1581 1716 0 0
2221 0
2222 1
2223 -1 -1 4299 8 0 24 0 0 16 0 14 0 0 1
2224 -1 -1 4298 8 0 4 0 0 6 0 30 0 0 2149 -522 5638 952 7849 4 1
2225 -1 -1 2148 8 0 18 0 3 5 2 1 0 0 1074 -1448 173 4058 -957 1 537 -1074 -7830 -501 2111 99 0
2226 0
2227 0
2228 1
2229 -1 -1 4295 8 0 5 0 0 10 0 6 0 0 1
2230 -1 -1 4294 8 0 9 0 0 3 0 42 0 0 2147 2821 -7592 -4083 5922 185 1
2231 -1 -1 2146 8 0 14 0 6 9 0 3 0 0 1073 1958 -3125 2677 1206 14 0
2232 0
2233 1
2234 -1 -1 4291 8 0 0 0 0 0 0 7 0 0 1
2235 -1 -1 4290 8 0 11 0 0 46 0 7 0 0 2145 490 6359 -444 505 15 0
2236 1
2237 -1 -1 4289 8 0 36 0 0 2 1 0 2 0 1
2238 -1 -1 4288 8 0 24 0 0 15 0 0 0 0 2144 3841 -7261 462 7343 64 1072 -3087 -7143 -36 -3394 42 536 2637 -6124 225 4278 77 268 -3518 -5343 4637 2588 79 134 2629 1855 2173 -2612 0 67 -3293 -5331 4407 5870 204 0
2239 0
2240 0
2241 1
2242 -1 -1 535 8 0 3 16 0 3 10 0 11 21 0
2243 0
2244 1
2245 -1 -1 2139 8 0 5 0 0 6 18 18 0 3 0
2246 1
2247 -1 -1 4277 8 0 10 0 7 0 0 0 8 0 0
2248 1
2249 -1 -1 8553 8 0 3 0 0 16 0 0 0 0 1
2250 -1 -1 8552 8 0 27 0 0 6 0 22 0 0 4276 -2479 7952 -2000 3539 4 2138 4393 5777 294 -6564 36 1069 -1165 5928 -6 -286 4 0
2251 1
2252 -1 -1 2137 8 0 14 2 0 6 37 7 0 0 0
2253 1
2254 -1 -1 4273 8 0 0 2 0 0 8 0 0 0 1
2255 -1 -1 4272 8 0 1 0 51 1 3 4 0 0 2136 4276 1394 -1422 -903 16 1068 4130 3833 -4843 5956 25 534 -2605 -7824 -1646 -4628 10 267 2396 -6264 -2769 1251 226 0
2256 0
2257 1
2258 -1 -1 1067 8 0 1 0 2 12 2 17 19 0 0
2259 0
2260 0
2261 1
2262 -1 -1 8535 8 0 2 0 1 0 0 0 0 0 1
2263 -1 -1 8534 8 0 5 0 0 63 0 1 0 0 4267 -2348 -5079 -3896 1283 149 1
2264 -1 -1 4266 8 0 1 1 0 11 6 0 0 0 2133 -3620 -7884 2483 -7137 10 0
2265 1
2266 -1 -1 4265 8 0 6 0 0 13 0 17 0 0 1
2267 -1 -1 4264 8 0 9 0 0 8 16 1 0 4 2132 4506 4183 3744 -6798 9 1066 1405 6535 4093 -7225 16 533 2441 7137 -4324 -3854 21 0
2268 1
2269 -1 -1 1065 8 0 2 1 0 1 0 5 13 3 0
2270 1
2271 -1 -1 2129 8 0 13 0 1 6 15 0 0 0 0
2272 1
2273 -1 -1 4257 8 0 6 7 0 16 0 9 0 1 0
2274 1
2275 -1 -1 8513 8 0 23 8 0 19 2 6 3 1 1
2276 -1 -1 8512 8 0 212 2 0 27 0 9 0 0 4256 2036 3104 854 -7773 2 2128 -1391 1786 4437 7173 36 1064 -1153 -5545 4587 2812 14 532 -4539 2896 2341 -3768 195 266 -3769 -4315 4449 -5761 10 133 1930 -7862 1311 -3638 16 0
2277 0
2278 0
2279 0
2280 0
2281 1
2282 -1 -1 4255 8 0 2 0 0 3 0 3 0 0 0
2283 1
2284 -1 -1 8509 8 0 3 0 0 0 0 106 0 0 1
2285 -1 -1 8508 8 0 4 0 0 0 0 1 0 0 4254 -2387 -6719 -1350 -1982 22 2127 -506 -5975 -1594 -669 49 1
2286 -1 -1 2126 8 0 5 0 2 2 0 0 0 0 1063 -1639 -7840 2062 1072 12 0
2287 0
2288 1
2289 -1 -1 4251 8 0 44 0 0 7 0 9 0 0 1
2290 -1 -1 4250 8 0 4 0 0 5 0 10 0 1 2125 -1425 1498 -1791 7015 4 1
2291 -1 -1 2124 8 0 5 0 3 2 12 0 1 0 1062 1204 -6235 1929 5945 54 531 4612 2364 -3603 6057 34 0
2292 0
2293 1
2294 -1 -1 2123 8 0 0 0 0 0 0 7 0 0 0
2295 1
2296 -1 -1 4245 8 0 4 0 0 9 0 0 2 0 0
2297 1
2298 -1 -1 8489 8 0 2 1 0 0 1 2 0 0 1
2299 -1 -1 8488 8 0 82 0 0 15 0 1 0 0 4244 1485 -7970 -652 -232 98 2122 -2291 -2003 4028 7990 123 1061 -3221 3356 1216 -5660 77 0
2300 1
2301 -1 -1 2121 8 0 8 0 0 25 33 2 0 1 1
2302 -1 -1 2120 8 0 28 0 0 5 2 1 2 2 1060 1857 -7297 -4768 -6741 16 530 -3826 -6221 4538 5612 23 265 3478 -6874 863 -2187 29 0
2303 0
2304 0
2305 0
2306 0
2307 1
2308 -1 -1 8479 8 0 0 0 0 2 0 27 0 0 1
2309 -1 -1 8478 8 0 31 0 0 24 0 47 0 0 4239 -4987 7359 1814 7511 207 1
2310 -1 -1 4238 8 0 28 0 0 9 0 5 0 2 2119 -4601 -4902 -2079 -3694 4 1
2311 -1 -1 2118 8 0 7 0 5 23 0 2 0 1 1059 2494 -3262 4451 -951 0 0
2312 0
2313 1
2314 -1 -1 4235 8 0 16 0 0 12 0 11 0 0 1
2315 -1 -1 4234 8 0 3 7 0 26 0 0 0 0 2117 -4956 -5096 2107 2267 8 0
2316 0
2317 1
2318 -1 -1 8467 8 0 17 0 0 2 0 0 0 1 1
2319 -1 -1 8466 8 0 27 0 0 34 0 12 0 0 4233 -4077 -4153 1527 2004 23 0
2320 1
2321 -1 -1 8465 8 0 1 0 0 4 0 3 0 0 1
2322 -1 -1 8464 8 0 188 0 0 9 0 7 0 0 4232 1298 -4309 3964 3311 54 2116 2810 7711 -253 2816 0 1058 -2404 6184 3524 -7406 47 529 4901 -6123 4487 3443 18 0
2323 0
2324 0
2325 1
2326 -1 -1 4231 8 0 15 8 1 23 0 0 0 0 0
2327 1
2328 -1 -1 8461 8 0 305 0 0 38 0 26 0 0 1
2329 -1 -1 8460 8 0 128 0 9 58 0 1 0 0 4230 144 -7202 562 -2611 7 2115 2603 4053 -392 7761 33 0
2330 1
2331 -1 -1 4229 8 0 3 0 41 5 0 5 0 0 1
2332 -1 -1 4228 8 0 3 2 0 10 0 18 0 0 2114 -529 -2864 3724 3597 23 1057 1626 221 -3190 3172 0 0
2333 0
2334 0
2335 1
2336 -1 -1 8455 8 0 32 0 0 1 6 18 0 0 1
2337 -1 -1 8454 8 0 44 0 0 13 0 1 0 0 4227 -4721 -5706 4401 2552 26 1
2338 -1 -1 4226 8 0 6 4 3 24 1 1 3 0 2113 3203 5798 -3461 5220 388 0
2339 0
2340 1
2341 -1 -1 8451 8 0 846 0 0 156 0 28 0 0 1
2342 -1 -1 8450 8 0 879 0 0 47 0 13 0 0 4225 3046 -1188 -4738 6574 16 0
2343 1
2344 -1 -1 8449 8 0 31 0 0 22 0 18 6 0 1
2345 -1 -1 8448 8 0 320 0 2 20 0 42 0 0 4224 3100 -869 4583 -7942 9 2112 -2832 2212 -4662 7837 1 1056 -1819 -6565 -3167 5312 104 528 3975 -6839 274 -6546 9 264 -2625 6329 -879 2639 4 132 1708 -5555 -1825 3241 49 66 4560 5717 1142 533 6 33 -3431 -6540 3697 6301 89 0
2346 0
2347 0
2348 0
2349 0
2350 0
2351 0
2352 1
2353 -1 -1 4223 8 0 1 0 4 21 0 19 0 0 0
2354 1
2355 -1 -1 8445 8 0 1 0 0 23 0 0 0 67 1
2356 -1 -1 8444 8 0 2 0 2 16 0 12 0 3 4222 4876 3988 -3231 7088 14 2111 2475 7408 4843 -5607 56 0
2357 0
2358 1
2359 -1 -1 8443 8 0 7 0 0 18 0 3 0 1 1
2360 -1 -1 8442 8 0 10 0 0 44 0 138 0 0 4221 1970 5922 2714 3748 7 0
2361 1
2362 -1 -1 8441 8 0 1 6 0 1 0 4 0 4 1
2363 -1 -1 8440 8 0 10 0 0 41 0 1 0 4 4220 3533 -5188 2583 7856 192 2110 3109 178 -4912 -1319 400 1055 2398 7033 4058 -7293 33 0
2364 0
2365 1
2366 -1 -1 4219 8 0 35 0 0 14 0 9 2 0 1
2367 -1 -1 4218 8 0 4 0 0 19 1 11 0 0 2109 2275 2835 4956 6369 2 0
2368 0
2369 1
2370 -1 -1 8435 8 0 18 8 0 23 0 0 0 1 1
2371 -1 -1 8434 8 0 1 3 0 6 0 0 0 13 4217 3158 -7733 -1859 -6898 263 0
2372 1
2373 -1 -1 8433 8 0 4 0 0 5 0 1 27 0 1
2374 -1 -1 8432 8 0 11 5 0 15 0 2 1 0 4216 832 -4069 -2007 -4788 1 2108 -2774 7799 -4855 2967 2 1054 2729 -3418 -2635 906 6 527 4055 4872 4239 334 4 0
2375 0
2376 0
2377 1
2378 -1 -1 4215 8 0 3 9 18 1 0 0 0 0 1
2379 -1 -1 4214 8 0 40 2 7 11 0 4 0 0 2107 591 4140 -583 7465 367 0
2380 1
2381 -1 -1 4213 8 0 2 0 25 10 10 0 0 1 0
2382 1
2383 -1 -1 8425 8 0 0 0 0 28 1 3 0 0 1
2384 -1 -1 8424 8 0 23 0 3 23 0 0 0 0 4212 19 4624 -362 -4476 75 2106 2061 3296 1591 -3752 0 1053 -1835 4846 -2088 6434 2 0
2385 0
2386 0
2387 1
2388 -1 -1 8423 8 0 8 0 0 0 0 70 0 0 1
2389 -1 -1 8422 8 0 21 0 0 1 0 3 0 0 4211 4991 -3237 64 3566 28 0
2390 1
2391 -1 -1 8421 8 0 56 1 0 11 0 1 0 3 1
2392 -1 -1 8420 8 0 6 1 0 0 1 15 0 0 4210 3913 7917 -1329 -7984 388 2105 1936 6655 739 7774 5 0
2393 0
2394 1
2395 -1 -1 8419 8 0 82 0 0 18 0 11 0 1 1
2396 -1 -1 8418 8 0 31 0 0 8 0 40 0 0 4209 4518 6955 -2802 3939 322 0
2397 1
2398 -1 -1 8417 8 0 8 0 0 40 1 0 0 0 1
2399 -1 -1 8416 8 0 65 0 0 45 0 18 0 0 4208 4971 5261 -953 -600 4 2104 4374 917 -4034 4153 32 1052 -879 710 -908 6233 15 526 -4825 -4749 4974 -7958 0 263 -129 4748 1635 -3894 1 0
2400 0
2401 1
2402 -1 -1 1051 8 0 17 0 0 1 7 0 0 0 0
2403 1
2404 -1 -1 2101 8 0 4 0 2 10 0 0 0 1 0
2405 1
2406 -1 -1 4201 8 0 1 2 0 7 0 0 0 14 0
2407 1
2408 -1 -1 8401 8 0 2 0 0 0 0 4 0 9 1
2409 -1 -1 8400 8 0 0 0 0 0 0 0 0 111 4200 5 -2209 -3292 -2557 319 2100 -2228 -524 -1834 -5031 311 1050 -3789 2627 -3460 7139 11 525 -2660 97 -2535 -5028 379 0
2410 0
2411 0
2412 1
2413 -1 -1 4199 8 0 2 0 0 3 0 52 0 0 1
2414 -1 -1 4198 8 0 4 0 0 7 0 6 0 2 2099 -4522 6106 -2433 -4820 61 0
2415 1
2416 -1 -1 4197 8 0 0 0 2 1 0 0 0 16 1
2417 -1 -1 4196 8 0 9 0 0 40 0 6 0 0 2098 376 7337 -2070 2786 25 1049 2971 -3645 -4112 6597 46 0
2418 1
2419 -1 -1 2097 8 0 28 0 1 9 0 7 0 20 0
2420 1
2421 -1 -1 4193 8 0 2 22 8 2 0 0 1 1 0
2422 1
2423 -1 -1 8385 8 0 1 0 0 2 0 0 3 12 1
2424 -1 -1 8384 8 0 6 16 1 48 0 7 0 11 4192 1650 -552 3143 4229 243 2096 2913 5680 4379 -7456 323 1048 4156 -1129 -1961 -6975 391 524 1421 1278 -285 2719 5 262 4557 5169 -3317 5598 243 131 2445 1040 -2398 -7805 346 0
2425 0
2426 0
2427 0
2428 1
2429 -1 -1 2095 8 0 56 0 0 8 0 2 0 0 1
2430 -1 -1 2094 8 0 34 2 25 4 0 3 0 1 1047 244 -4006 -1213 5720 15 0
2431 1
2432 -1 -1 2093 8 0 27 5 0 9 0 0 0 0 1
2433 -1 -1 2092 8 0 2 25 0 3 0 0 0 0 1046 -652 2494 3148 6135 4 523 1787 -1112 22 6876 13 0
2434 0
2435 1
2436 -1 -1 2091 8 0 6 27 4 17 0 13 0 0 0
2437 1
2438 -1 -1 4181 8 0 1 0 4 21 0 0 0 13 1
2439 -1 -1 4180 8 0 5 6 0 8 7 2 6 6 2090 -4458 4057 -3772 -4438 47 1045 4114 4074 2120 1155 4 0
2440 0
2441 1
2442 -1 -1 4179 8 0 7 5 0 18 0 0 0 0 1
2443 -1 -1 4178 8 0 1 2 37 6 0 1 0 0 2089 -792 -304 1239 4545 0 1
2444 -1 -1 2088 8 0 28 0 0 19 4 1 1 1 1044 2410 3087 -2437 -3359 8 522 -763 6549 1180 -2107 2 261 557 -672 747 7054 9 0
2445 0
2446 0
2447 1
2448 -1 -1 2087 8 0 2 1 10 34 6 3 0 1 0
2449 0
2450 1
2451 -1 -1 8347 8 0 1 9 1 1 0 0 0 6 1
2452 -1 -1 8346 8 0 1 3 18 6 117 0 11 2 4173 2593 -4292 -51 -4210 300 0
2453 1
2454 -1 -1 8345 8 0 0 1 12 1 12 0 17 0 1
2455 -1 -1 8344 8 0 1 17 6 29 7 1 6 1 4172 4269 1738 2414 -810 48 2086 3407 1271 -4292 -6239 261 1043 -4405 -3190 -1250 -7441 251 0
2456 0
2457 0
2458 1
2459 -1 -1 8343 8 0 6 0 0 9 0 2 0 2 1
2460 -1 -1 8342 8 0 0 20 7 18 19 0 0 3 4171 217 618 3170 7556 23 0
2461 1
2462 -1 -1 8341 8 0 3 41 126 21 12 0 4 0 1
2463 -1 -1 8340 8 0 2 17 4 20 0 0 0 0 4170 4965 4920 -4683 -5741 243 2085 -289 1185 -2254 3796 6 0
2464 1
2465 -1 -1 4169 8 0 2 9 0 0 1 0 14 0 0
2466 1
2467 -1 -1 8337 8 0 2 8 8 5 7 0 0 0 1
2468 -1 -1 8336 8 0 12 0 3 58 6 0 3 0 4168 897 3803 -2026 7026 31 2084 3433 -3670 197 3616 96 1042 3188 7731 -3659 -5954 223 521 1622 6738 1723 130 10 0
2469 0
2470 0
2471 0
2472 1
2473 -1 -1 8335 8 0 3 10 0 1 29 0 1 1 1
2474 -1 -1 8334 8 0 3 18 3 8 0 0 0 3 4167 -4327 1446 2107 -3266 321 0
2475 1
2476 -1 -1 8333 8 0 5 9 20 0 13 1 5 62 1
2477 -1 -1 8332 8 0 0 86 26 5 0 1 23 47 4166 -1268 6157 3892 1445 340 2083 -4093 -4298 -2637 -7415 263 0
2478 0
2479 1
2480 -1 -1 8331 8 0 1 24 0 6 2 6 0 0 1
2481 -1 -1 8330 8 0 11 8 22 1 0 0 0 0 4165 -4374 2422 -935 -6271 6 0
2482 1
2483 -1 -1 8329 8 0 0 1 0 2 2 0 44 1 1
2484 -1 -1 8328 8 0 18 55 23 15 16 0 45 12 4164 4194 -904 308 7132 272 2082 -3448 7909 3358 2784 292 1041 -3196 3849 2860 5957 10 0
2485 0
2486 1
2487 -1 -1 4163 8 0 3 0 1 1 2 2 1 34 0
2488 1
2489 -1 -1 8325 8 0 0 1 0 11 3 0 1 2 1
2490 -1 -1 8324 8 0 0 111 0 11 0 0 0 3 4162 -2115 -7087 -478 -1223 0 2081 2041 -550 -4274 3750 304 0
2491 1
2492 -1 -1 4161 8 0 6 0 0 5 1 6 8 1 0
2493 1
2494 -1 -1 8321 8 0 3 22 4 10 1 0 0 4 1
2495 -1 -1 8320 8 0 13 22 19 125 0 12 1 0 4160 4039 3762 3152 -4040 4 2080 -3594 3737 334 -4342 342 1040 3485 -983 -3876 5211 254 520 -2757 -7030 3888 3359 0 260 4505 3095 4877 -5149 1 130 2783 2228 -3567 -7899 396 65 3908 -5677 -1945 -6583 321 0
2496 0
2497 0
2498 0
2499 1
2500 -1 -1 1039 8 0 36 1 5 0 2 6 19 0 0
2501 1
2502 -1 -1 2077 8 0 0 0 23 4 2 0 7 0 1
2503 -1 -1 2076 8 0 1 0 2 4 30 3 0 0 1038 -340 6055 -4003 -609 274 519 4228 6730 -960 -2956 318 0
2504 1
2505 -1 -1 1037 8 0 5 0 0 10 6 2 0 18 0
2506 0
2507 0
2508 1
2509 -1 -1 8295 8 0 0 0 0 10 2 25 2 0 1
2510 -1 -1 8294 8 0 1 0 3 35 0 7 1 1 4147 -4306 -3230 3994 -6728 9 0
2511 1
2512 -1 -1 8293 8 0 5 1 2 14 0 24 0 0 1
2513 -1 -1 8292 8 0 6 0 50 15 18 18 0 0 4146 -534 -4188 -4654 -5273 11 2073 -3289 7830 -4834 -4459 39 0
2514 0
2515 1
2516 -1 -1 8291 8 0 0 0 6 0 0 0 0 3 1
2517 -1 -1 8290 8 0 1 0 0 19 19 10 40 0 4145 -4697 -2793 445 1207 16 0
2518 1
2519 -1 -1 8289 8 0 11 0 3 54 0 37 8 0 1
2520 -1 -1 8288 8 0 19 0 0 40 27 18 0 0 4144 4596 -17 -32 -6136 7 2072 2983 -3076 -631 -4668 12 1036 3216 6240 -1784 -1302 19 518 1287 6308 -1297 -3253 293 259 1351 7833 430 3602 245 0
2521 0
2522 0
2523 1
2524 -1 -1 2071 8 0 2 1 0 4 0 6 10 0 0
2525 1
2526 -1 -1 4141 8 0 3 0 0 20 0 0 1 0 1
2527 -1 -1 4140 8 0 3 0 0 39 0 18 0 0 2070 -2301 281 4009 6960 2 1035 3499 -4834 -794 -3927 3 0
2528 1
2529 -1 -1 2069 8 0 4 6 3 7 0 1 0 0 0
2530 1
2531 -1 -1 4137 8 0 4 0 0 12 0 1 0 4 0
2532 1
2533 -1 -1 8273 8 0 6 0 0 11 1 0 0 0 1
2534 -1 -1 8272 8 0 35 0 0 22 1 199 1 0 4136 1909 5578 3605 1544 11 2068 -4713 -5669 -1688 503 14 1034 4474 6912 -157 517 33 517 92 -381 2454 -4858 13 0
2535 0
2536 1
2537 -1 -1 2067 8 0 2 1 0 9 0 1 9 3 0
2538 1
2539 -1 -1 4133 8 0 5 8 2 5 1 4 0 0 0
2540 1
2541 -1 -1 8265 8 0 85 0 0 43 1 2 0 0 1
2542 -1 -1 8264 8 0 49 0 1 9 0 26 0 0 4132 -554 6342 -3217 -5103 7 2066 183 -1439 -2360 7643 143 1033 -3106 -3620 -1225 7125 91 0
2543 1
2544 -1 -1 2065 8 0 3 0 2 4 10 5 0 11 0
2545 1
2546 -1 -1 4129 8 0 13 10 1 20 0 10 9 0 0
2547 1
2548 -1 -1 8257 8 0 4 6 58 3 2 10 0 0 1
2549 -1 -1 8256 8 0 6 0 1 3 0 20 0 0 4128 2198 7669 -3294 1888 8 2064 -46 -4820 -697 3123 0 1032 -3012 -511 -3609 2505 6 516 3747 -5506 -2124 -5608 3 258 -2147 5163 1673 -6497 8 129 -2400 7039 -2033 -3597 16 0
2550 0
2551 0
2552 1
2553 -1 -1 1031 8 0 14 0 0 10 9 0 10 0 1
2554 -1 -1 1030 8 0 0 2 0 11 28 8 2 0 515 -618 3511 -4397 7347 0 0
2555 0
2556 1
2557 -1 -1 2059 8 0 1 2 0 5 10 0 0 3 0
2558 1
2559 -1 -1 4117 8 0 5 0 0 20 1 23 0 0 1
2560 -1 -1 4116 8 0 3 0 0 35 0 1 3 0 2058 703 7919 -1353 -4398 26 1029 901 3373 343 -2721 42 0
2561 0
2562 1
2563 -1 -1 4115 8 0 0 0 6 1 0 0 0 0 0
2564 1
2565 -1 -1 8229 8 0 29 0 0 12 0 0 0 0 1
2566 -1 -1 8228 8 0 21 0 0 46 0 5 6 0 4114 2493 -1281 -1327 -5948 17 2057 843 -5912 105 4688 114 0
2567 0
2568 1
2569 -1 -1 8227 8 0 11 0 5 20 0 4 90 0 1
2570 -1 -1 8226 8 0 2 0 2 25 0 0 1 0 4113 -3037 5868 -2568 -3365 1 0
2571 1
2572 -1 -1 8225 8 0 1 0 0 7 0 0 14 3 1
2573 -1 -1 8224 8 0 12 0 0 68 1 6 0 2 4112 3882 -1452 -4591 6273 375 2056 704 7091 921 -6909 34 1028 -791 4059 710 6417 0 514 -778 5788 -55 1930 9 257 -2065 -3035 4898 -2598 326 0
2574 0
2575 0
2576 1
2577 -1 -1 2055 8 0 2 0 0 4 17 16 0 0 0
2578 1
2579 -1 -1 4109 8 0 3 0 0 4 0 15 3 0 0
2580 1
2581 -1 -1 8217 8 0 3 13 0 2 0 6 0 0 1
2582 -1 -1 8216 8 0 29 5 0 16 3 3 0 0 4108 -3131 1082 3343 -3706 250 2054 -2769 177 -2810 1430 7 1027 -4947 6970 -986 -3614 23 0
2583 0
2584 1
2585 -1 -1 4107 8 0 1 8 29 1 0 0 17 0 1
2586 -1 -1 4106 8 0 5 5 5 11 15 3 3 0 2053 323 -698 -4121 6555 235 0
2587 0
2588 1
2589 -1 -1 8211 8 0 2 12 2 21 0 7 0 0 1
2590 -1 -1 8210 8 0 7 2 0 5 0 0 17 0 4105 -2029 7716 2707 -3500 4 0
2591 1
2592 -1 -1 8209 8 0 9 0 0 1 0 10 0 0 1
2593 -1 -1 8208 8 0 13 8 13 63 4 16 0 0 4104 -294 -3424 -4546 -7530 319 2052 -3027 -665 4806 -5131 9 1026 -1442 -7176 488 4299 188 513 -2118 3972 -514 6953 9 0
2594 0
2595 0
2596 1
2597 -1 -1 4103 8 0 12 0 0 12 0 1 0 0 1
2598 -1 -1 4102 8 0 7 15 22 11 1 7 0 0 2051 1557 -4656 -1226 -3305 3 0
2599 1
2600 -1 -1 4101 8 0 23 0 5 13 1 16 0 0 1
2601 -1 -1 4100 8 0 1 0 0 24 4 14 10 0 2050 -4696 2356 4163 6726 377 1025 3962 3237 -4488 3218 0 0
2602 0
2603 0
2604 1
2605 -1 -1 8199 8 0 90 0 1 14 0 0 0 0 1
2606 -1 -1 8198 8 0 56 0 0 20 0 29 0 0 4099 1662 1808 4721 4348 7 0
2607 1
2608 -1 -1 8197 8 0 16 0 0 7 0 2 41 0 1
2609 -1 -1 8196 8 0 136 15 7 159 3 51 7 2 4098 -2954 2072 -4233 7955 381 2049 2049 6605 -4690 -811 376 0
2610 0
2611 1
2612 -1 -1 8195 8 0 30 0 2 31 0 9 2 9 1
2613 -1 -1 8194 8 0 42 0 20 4 11 10 4 0 4097 -2025 4533 814 -6331 4 0
2614 1
2615 -1 -1 8193 8 0 16 7 0 29 4 13 5 0 1
2616 -1 -1 8192 8 0 804 2 6 111 4 33 14 1 4096 2862 3629 4733 7795 44 2048 4959 7165 4693 2773 10 1024 -864 2266 -4932 -5030 17 512 -4639 -5082 3951 6474 100 256 -1243 -4966 2248 6985 85 128 2914 4388 3628 -7516 24 64 4402 5401 3004 2106 7 32 65 -29 -1830 -7186 137 16 -3043 -7131 -1002 5662 4 8 2247 -4066 -431 5334 184 4 425 1369 426 5827 143 2 642 289 3140 -4228 169 1 1010 4970 284 261 11 1 0
