22 serialization::archive 15 0 0 1 0 1 0
0 0 0 0
1 0
2 0
3 0
4 0
5 0
6 1 1 0
7 -1 -1 255 8 0 0 1 0 0 0 26 0 0 1
8 -1 -1 254 8 0 0 13 3 2 0 1 6 27 127 0 0 2704 6018 1611 -6573 363 0
9 1
10 -1 -1 253 8 0 0 4 0 0 21 0 0 0 0
11 0
12 1
13 -1 -1 1011 8 0 0 0 0 5 0 0 0 0 0
14 1
15 -1 -1 2021 8 0 0 1 0 2 0 0 0 0 0
16 0
17 1
18 -1 -1 8083 8 0 0 0 0 0 0 0 0 25 0
19 1
20 -1 -1 16165 8 0 0 0 0 0 0 0 0 63 1
21 -1 -1 16164 8 0 0 0 0 0 0 0 0 145 8082 2444 -1462 -721 7319 342 4041 1287 3928 8 -4084 55 0
22 1
23 -1 -1 8081 8 0 0 0 1 3 0 0 0 2 0
24 1
25 -1 -1 16161 8 0 0 0 0 1 0 0 0 99 1
26 -1 -1 16160 8 0 0 0 1 1 0 0 0 1 8080 -2748 4673 612 340 5 4040 -4462 7526 400 -4237 190 2020 -4642 2900 4057 3897 270 1010 4049 6934 4574 -5742 34 505 665 5872 -2029 6567 3 1
27 -1 -1 504 8 0 0 0 2 7 0 0 0 1 252 1933 -6513 -2828 -4522 0 126 223 -68 1228 6014 396 63 1473 4758 -2038 1387 11 0
28 0
29 0
30 0
31 0
32 1
33 -1 -1 2015 8 0 0 0 45 0 0 0 0 0 0
34 1
35 -1 -1 4029 8 0 0 0 7 0 0 0 0 0 0
36 0
37 1
38 -1 -1 16115 8 0 0 0 14 0 0 0 0 0 1
39 -1 -1 16114 8 0 0 0 57 0 0 0 0 0 8057 -2619 -2818 4807 7495 201 1
40 -1 -1 8056 8 0 0 0 5 0 0 0 0 0 4028 133 844 -3504 -4696 54 2014 3883 4583 -4638 -453 358 1007 2778 -2448 -4348 -6986 309 1
41 -1 -1 1006 8 0 0 0 43 5 0 0 0 0 503 2337 -7278 858 1586 71 1
42 -1 -1 502 8 0 0 1 1 0 0 0 0 4 251 -69 7987 -1597 -5041 61 0
43 0
44 1
45 -1 -1 1003 8 0 0 0 0 1 0 0 9 0 0
46 1
47 -1 -1 2005 8 0 0 5 0 0 0 0 0 0 0
48 1
49 -1 -1 4009 8 0 1 0 0 1 0 0 0 0 0
50 1
51 -1 -1 8017 8 0 0 0 0 1 0 0 0 0 0
52 1
53 -1 -1 16033 8 0 0 0 0 0 0 0 0 1 1
54 -1 -1 16032 8 0 0 0 0 0 0 0 0 77 8016 -2268 918 -4202 392 351 4008 2206 111 -1010 -7306 350 2004 1489 3587 1019 -7292 357 1002 -1473 -3296 920 8 2 501 -3937 3871 -3681 5889 16 1
55 -1 -1 500 8 0 5 4 6 19 4 2 8 0 250 2692 5500 -4166 7351 45 125 2300 4690 -1477 623 50 0
56 1
57 -1 -1 249 8 0 1 8 1 22 0 1 0 26 0
58 0
59 1
60 -1 -1 995 8 0 0 0 1 1 0 0 0 4 0
61 1
62 -1 -1 1989 8 0 0 0 0 0 1 0 0 1 0
63 1
64 -1 -1 3977 8 0 0 11 4 1 0 0 0 0 0
65 1
66 -1 -1 7953 8 0 0 2 0 0 0 0 0 0 0
67 1
68 -1 -1 15905 8 0 0 1 0 0 0 0 0 0 1
69 -1 -1 15904 8 0 0 102 0 0 0 0 0 0 7952 -256 2040 3567 3267 193 3976 -4210 -6054 -3696 -2614 148 1988 699 3677 -4369 -6878 71 994 1608 -981 -3639 3260 375 497 -3420 2514 3298 2549 229 1
70 -1 -1 496 8 0 0 4 9 0 0 0 11 0 248 2915 -4926 632 2743 345 124 -343 3038 -4536 -6622 259 62 3022 5594 -1236 -6111 160 31 -1413 2167 3192 3624 231 0
71 0
72 0
73 1
74 -1 -1 247 8 0 3 0 8 8 0 6 3 1 0
75 0
76 1
77 -1 -1 987 8 0 6 0 0 0 0 0 0 1 0
78 1
79 -1 -1 1973 8 0 2 0 0 1 0 0 0 0 0
80 1
81 -1 -1 3945 8 0 1 0 3 0 0 0 0 0 0
82 1
83 -1 -1 7889 8 0 0 0 0 0 0 0 0 65 1
84 -1 -1 7888 8 0 1 0 0 0 1 0 0 4 3944 4812 -1728 914 -6876 2 1972 3293 7415 -4227 1519 15 986 418 -1397 3559 -4965 4 493 -3231 -4179 1019 6083 340 1
85 -1 -1 492 8 0 15 0 2 1 6 4 9 10 246 3815 -1453 295 -6341 2 123 3131 3551 -958 1369 4 0
86 1
87 -1 -1 245 8 0 4 0 1 10 9 2 17 2 0
88 1
89 -1 -1 489 8 0 6 0 8 2 18 1 0 4 0
90 0
91 0
92 1
93 -1 -1 3911 8 0 0 0 8 0 1 0 1 5 0
94 1
95 -1 -1 7821 8 0 0 0 11 0 0 0 0 0 0
96 1
97 -1 -1 15641 8 0 0 0 49 0 0 0 0 0 1
98 -1 -1 15640 8 0 0 0 89 0 0 0 0 0 7820 -1032 -2783 2920 7940 117 3910 4897 4311 2567 -2830 224 1955 -1742 -2498 -4738 6572 398 1
99 -1 -1 1954 8 0 5 0 1 1 0 0 0 0 977 1344 -567 -2721 5476 4 1
100 -1 -1 976 8 0 3 0 9 3 0 0 3 11 488 -544 675 -4451 4869 275 244 57 -7703 -2675 7761 394 122 4822 5320 620 -5517 53 61 1863 -3230 4727 7340 47 0
101 0
102 1
103 -1 -1 243 8 0 3 2 0 11 7 9 26 0 0
104 1
105 -1 -1 485 8 0 17 0 0 8 0 5 0 0 0
106 1
107 -1 -1 969 8 0 0 0 23 6 0 0 3 1 1
108 -1 -1 968 8 0 3 1 0 28 0 4 2 24 484 4615 -3639 2219 -5838 17 242 356 129 -4868 -1306 400 121 -3528 -782 -820 1823 9 0
109 0
110 1
111 -1 -1 483 8 0 0 0 13 0 56 0 0 0 1
112 -1 -1 482 8 0 3 5 13 4 3 0 0 0 241 1674 -606 1298 568 1 0
113 1
114 -1 -1 481 8 0 5 0 12 4 31 1 1 1 0
115 0
116 1
117 -1 -1 1923 8 0 4 0 0 0 5 0 0 0 0
118 0
119 1
120 -1 -1 7691 8 0 0 0 0 1 0 0 0 0 0
121 1
122 -1 -1 15381 8 0 0 0 0 0 0 0 57 0 1
123 -1 -1 15380 8 0 0 0 0 0 0 0 66 0 7690 2408 -3699 4614 3176 132 3845 -375 3767 2462 4741 46 1
124 -1 -1 3844 8 0 2 0 0 0 0 0 0 1 1922 -390 424 4874 7521 289 961 -2924 -3084 2991 574 5 1
125 -1 -1 960 8 0 4 16 13 1 1 0 18 0 480 3267 -7766 2537 5172 322 240 4895 7254 -4568 -1344 10 120 2817 -1864 -4403 6966 346 60 -442 4877 -3380 -7895 48 30 2615 -5571 -754 7974 348 15 4574 -5551 -118 430 297 0
126 0
127 0
128 0
129 1
130 -1 -1 239 8 0 2 7 0 0 0 0 17 0 0
131 1
132 -1 -1 477 8 0 3 0 2 0 0 0 0 19 1
133 -1 -1 476 8 0 12 4 3 35 0 5 5 3 238 3762 -7141 -1484 7208 366 119 -79 -2654 3935 -481 399 0
134 0
135 0
136 0
137 0
138 1
139 -1 -1 3807 8 0 0 0 0 1 0 0 1 0 0
140 0
141 1
142 -1 -1 15227 8 0 0 0 0 0 0 22 0 0 1
143 -1 -1 15226 8 0 0 0 0 0 0 59 0 0 7613 -1660 6825 -1703 -6496 314 1
144 -1 -1 7612 8 0 0 0 0 0 0 25 0 0 3806 4344 -773 -3640 -7759 333 1903 -4575 6009 -1045 6751 120 1
145 -1 -1 1902 8 0 3 0 0 9 0 18 0 0 951 -152 -881 752 6524 46 1
146 -1 -1 950 8 0 15 0 0 0 0 18 0 0 475 789 -7982 2549 -10 38 0
147 1
148 -1 -1 949 8 0 40 0 0 3 4 3 0 7 0
149 1
150 -1 -1 1897 8 0 5 0 0 5 0 39 0 0 0
151 1
152 -1 -1 3793 8 0 35 0 0 4 0 4 0 0 1
153 -1 -1 3792 8 0 3 0 1 17 1 18 0 0 1896 2550 7217 -4568 -6977 391 948 -514 5259 -3892 -569 8 474 1950 6502 -4785 459 393 237 4713 -3650 3231 5344 49 0
154 0
155 1
156 -1 -1 947 8 0 23 0 1 16 0 7 0 1 0
157 0
158 1
159 -1 -1 3787 8 0 1 0 0 1 0 0 0 0 0
160 1
161 -1 -1 7573 8 0 19 0 0 0 0 0 0 0 0
162 1
163 -1 -1 15145 8 0 17 0 0 0 0 0 0 0 1
164 -1 -1 15144 8 0 93 0 0 0 0 0 0 0 7572 -2580 -7289 3292 -1693 1 3786 1509 -6919 -691 -6183 237 1893 -3765 3766 -2591 6101 34 1
165 -1 -1 1892 8 0 10 4 1 2 0 1 0 2 946 -1211 141 3515 4503 9 473 -1651 4210 2185 -2999 12 1
166 -1 -1 472 8 0 12 1 0 28 0 3 0 8 236 978 486 -3647 -6539 383 118 2103 -7026 -2149 7095 32 59 -4536 1979 3272 7729 171 0
167 0
168 1
169 -1 -1 235 8 0 1 8 0 1 0 0 0 28 0
170 1
171 -1 -1 469 8 0 1 0 0 3 2 0 19 0 1
172 -1 -1 468 8 0 2 0 0 18 0 9 6 11 234 -4356 3947 -1257 -1044 77 117 2420 -7826 -1071 -43 320 0
173 0
174 0
175 1
176 -1 -1 935 8 0 0 0 0 1 0 47 0 0 1
177 -1 -1 934 8 0 1 3 2 12 0 9 0 1 467 4352 3008 -2813 4004 399 0
178 1
179 -1 -1 933 8 0 22 0 0 1 0 4 0 7 0
180 0
181 1
182 -1 -1 3731 8 0 1 0 0 4 55 0 0 0 1
183 -1 -1 3730 8 0 0 3 7 14 6 2 0 0 1865 2716 -7893 -4103 -5426 398 1
184 -1 -1 1864 8 0 2 1 11 40 0 9 6 0 932 -902 -7049 -1377 303 4 466 1118 7555 -1639 2197 371 233 1492 -1136 4128 -5116 21 0
185 0
186 0
187 1
188 -1 -1 1863 8 0 0 0 0 0 0 49 0 0 1
189 -1 -1 1862 8 0 0 0 0 12 0 34 0 0 931 881 7299 2505 -7861 78 0
190 1
191 -1 -1 1861 8 0 13 0 0 11 0 2 0 0 0
192 0
193 1
194 -1 -1 7443 8 0 0 0 0 1 0 24 0 0 0
195 1
196 -1 -1 14885 8 0 3 0 0 0 0 23 0 0 1
197 -1 -1 14884 8 0 5 0 0 40 0 57 0 0 7442 2167 5556 3807 1892 26 3721 -4670 7032 797 -6856 11 1
198 -1 -1 3720 8 0 3 0 0 11 0 2 6 0 1860 1246 -2943 -4997 -1057 399 930 1229 -3333 4628 7333 1 465 -1167 5677 1657 -1360 38 0
199 0
200 1
201 -1 -1 1859 8 0 3 6 0 55 0 4 1 0 0
202 0
203 1
204 -1 -1 7435 8 0 0 0 0 3 0 10 0 0 1
205 -1 -1 7434 8 0 0 0 0 54 3 4 0 0 3717 503 578 4611 -4962 53 0
206 1
207 -1 -1 7433 8 0 0 0 2 46 0 21 0 0 0
208 1
209 -1 -1 14865 8 0 1 0 0 20 0 2 0 0 1
210 -1 -1 14864 8 0 12 0 0 35 0 93 0 0 7432 -2772 6799 2804 3264 24 3716 2240 4257 4741 -2362 19 1858 2512 7800 -553 3935 13 929 -1522 -375 2294 -7712 184 0
211 1
212 -1 -1 1857 8 0 21 0 0 0 0 0 0 0 0
213 0
214 1
215 -1 -1 7427 8 0 0 0 0 14 0 19 6 0 0
216 1
217 -1 -1 14853 8 0 22 2 0 14 0 4 0 0 1
218 -1 -1 14852 8 0 5 0 0 29 0 23 0 0 7426 -3922 5026 -4551 -5197 395 3713 4567 2295 1300 922 6 1
219 -1 -1 3712 8 0 10 0 11 3 0 0 1 0 1856 1054 6448 -4638 -6166 263 928 1328 7300 3406 -2819 308 464 3657 6419 3472 4622 2 232 4201 7491 -3973 3915 399 116 3071 7289 106 3492 24 58 3271 -6092 581 363 42 29 -149 -772 2869 7391 10 0
220 0
221 0
222 0
223 1
224 -1 -1 463 8 0 18 0 13 5 8 0 5 0 0
225 0
226 1
227 -1 -1 1851 8 0 1 0 0 9 0 40 0 5 1
228 -1 -1 1850 8 0 4 0 1 28 0 6 0 0 925 1545 1888 3398 1058 11 0
229 0
230 1
231 -1 -1 3699 8 0 1 0 0 2 0 3 0 0 0
232 0
233 1
234 -1 -1 14795 8 0 0 0 0 0 0 0 0 39 1
235 -1 -1 14794 8 0 0 0 0 0 0 0 0 81 7397 2652 5617 4120 -4385 24 1
236 -1 -1 7396 8 0 2 0 0 0 0 0 0 2 3698 1087 114 -3040 -4956 138 1849 504 7571 3747 1702 41 1
237 -1 -1 1848 8 0 1 0 0 12 0 4 0 0 924 2806 5371 -1499 -6158 356 462 4950 -2368 -3993 1265 387 231 4629 -1749 2381 5022 0 0
238 0
239 0
240 1
241 -1 -1 1847 8 0 3 0 3 20 0 5 0 0 0
242 1
243 -1 -1 3693 8 0 5 0 0 1 0 0 0 0 0
244 1
245 -1 -1 7385 8 0 3 0 0 1 0 0 0 0 0
246 1
247 -1 -1 14769 8 0 0 0 0 7 0 2 0 0 1
248 -1 -1 14768 8 0 0 0 0 11 0 64 0 0 7384 -4715 6566 2477 -7526 315 3692 2201 2377 772 6584 1 1846 1752 1251 4541 5078 10 923 4583 4773 2284 -932 18 1
249 -1 -1 922 8 0 5 0 0 36 0 0 0 0 461 1654 6150 3857 -4433 11 0
250 1
251 -1 -1 921 8 0 5 0 20 3 0 0 9 0 0
252 1
253 -1 -1 1841 8 0 7 0 0 30 27 1 0 0 0
254 1
255 -1 -1 3681 8 0 10 0 3 20 2 0 0 10 1
256 -1 -1 3680 8 0 10 0 0 2 0 16 0 0 1840 -1991 7337 -1677 -6927 395 920 -4096 7988 -2158 2627 4 460 2589 6389 1137 1391 33 230 -1458 4205 4801 -4671 3 115 3797 -3223 -3506 7703 377 0
257 0
258 0
259 1
260 -1 -1 919 8 0 3 0 0 2 0 0 17 2 0
261 1
262 -1 -1 1837 8 0 23 0 36 3 0 0 0 7 1
263 -1 -1 1836 8 0 6 4 0 15 0 0 1 43 918 2265 -565 354 7467 10 459 2965 3799 3398 -2467 38 0
264 0
265 0
266 1
267 -1 -1 3671 8 0 21 1 0 8 0 6 1 0 1
268 -1 -1 3670 8 0 9 0 0 20 3 0 25 0 1835 -522 4023 1543 -3052 13 0
269 0
270 1
271 -1 -1 7339 8 0 4 0 0 1 0 20 0 0 1
272 -1 -1 7338 8 0 40 0 3 0 0 2 0 0 3669 4268 -1320 2002 685 9 1
273 -1 -1 3668 8 0 34 5 4 23 0 2 0 0 1834 -456 540 825 5554 12 917 3833 5997 970 -1114 2 0
274 0
275 1
276 -1 -1 3667 8 0 15 11 0 1 9 0 3 3 1
277 -1 -1 3666 8 0 25 0 0 14 0 0 0 0 1833 2915 3741 -547 -5179 345 0
278 1
279 -1 -1 3665 8 0 10 2 2 12 3 0 0 0 1
280 -1 -1 3664 8 0 17 8 32 0 0 1 0 0 1832 1475 13 -4456 4652 1 916 2195 -3572 -3146 -1413 3 458 1959 -2066 -2976 -2892 43 229 389 3922 3862 7050 38 0
281 0
282 0
283 1
284 -1 -1 1831 8 0 3 0 4 1 10 0 0 0 0
285 1
286 -1 -1 3661 8 0 15 0 1 18 0 1 0 0 0
287 1
288 -1 -1 7321 8 0 8 0 0 9 0 0 0 0 0
289 1
290 -1 -1 14641 8 0 72 0 0 0 0 0 0 0 1
291 -1 -1 14640 8 0 2 0 1 1 0 0 0 0 7320 684 -4889 -2205 19 0 3660 -1558 6311 2289 6491 1 1830 4171 2309 1746 7155 19 915 629 -1669 799 2277 262 0
292 0
293 1
294 -1 -1 3659 8 0 16 0 0 0 49 0 0 0 1
295 -1 -1 3658 8 0 2 0 0 1 0 0 5 0 1829 -934 -1660 -1782 1912 0 1
296 -1 -1 1828 8 0 37 0 0 1 1 0 1 0 914 -4772 -5087 1292 7373 0 457 2031 -3935 2719 6410 13 0
297 1
298 -1 -1 913 8 0 16 0 20 0 10 0 0 2 0
299 1
300 -1 -1 1825 8 0 32 0 3 5 2 3 0 4 0
301 1
302 -1 -1 3649 8 0 8 0 0 11 4 0 2 1 0
303 1
304 -1 -1 7297 8 0 11 0 0 2 0 0 0 0 0
305 1
306 -1 -1 14593 8 0 7 0 2 0 0 0 0 0 1
307 -1 -1 14592 8 0 12 0 1 0 2 0 117 0 7296 4431 177 -394 5088 13 3648 1729 7923 -3569 -121 127 1824 -1950 7081 4418 3578 1 912 3549 707 3963 7889 13 456 3816 5396 2436 -1946 156 228 2619 -6139 1138 7713 10 114 -260 4408 550 -6794 15 57 4543 7201 4266 5118 2 0
308 0
309 0
310 1
311 -1 -1 455 8 0 6 0 12 2 1 0 0 0 0
312 1
313 -1 -1 909 8 0 1 0 2 0 0 0 5 0 0
314 1
315 -1 -1 1817 8 0 0 0 0 2 0 0 2 1 0
316 0
317 1
318 -1 -1 7267 8 0 0 0 0 0 0 0 0 17 1
319 -1 -1 7266 8 0 0 0 0 0 0 0 0 60 3633 -1153 7604 -109 -221 27 1
320 -1 -1 3632 8 0 0 0 0 2 0 0 0 0 1816 3109 -239 -1556 -7657 177 908 1149 7342 4700 -2050 32 454 -860 -731 2415 -2913 3 227 4112 7709 -4629 4639 367 0
321 1
322 -1 -1 453 8 0 1 0 0 1 0 0 0 25 0
323 1
324 -1 -1 905 8 0 0 1 8 0 27 0 19 0 0
325 1
326 -1 -1 1809 8 0 1 0 0 5 0 0 0 5 0
327 1
328 -1 -1 3617 8 0 1 0 2 1 1 0 0 4 0
329 0
330 1
331 -1 -1 14467 8 0 0 0 0 2 0 0 2 0 1
332 -1 -1 14466 8 0 0 0 1 0 0 0 139 1 7233 4780 1622 -3940 -797 201 1
333 -1 -1 7232 8 0 0 0 1 3 1 0 1 0 3616 -39 -178 -2839 -3755 156 1808 3137 6945 -3821 5316 327 904 -3941 439 1766 -4424 271 452 -1876 84 -4143 2104 321 226 2749 -4635 -3496 3908 400 113 3799 1821 -1362 247 16 0
334 0
335 0
336 1
337 -1 -1 903 8 0 2 0 0 8 0 0 21 14 1
338 -1 -1 902 8 0 0 2 52 1 0 0 3 5 451 -2960 3890 -2459 -4162 316 0
339 0
340 0
341 1
342 -1 -1 3607 8 0 0 1 0 1 4 0 0 0 1
343 -1 -1 3606 8 0 3 0 0 3 1 2 57 1 1803 1083 2855 850 4582 11 1
344 -1 -1 1802 8 0 5 3 15 7 4 1 4 5 901 1609 3447 -4629 1849 21 0
345 0
346 1
347 -1 -1 3603 8 0 8 8 1 33 0 4 7 0 0
348 0
349 1
350 -1 -1 14411 8 0 1 0 0 10 0 0 0 0 1
351 -1 -1 14410 8 0 3 0 0 6 0 63 0 1 7205 2458 6257 1366 -2737 21 0
352 1
353 -1 -1 14409 8 0 0 0 0 16 0 11 0 0 1
354 -1 -1 14408 8 0 1 0 0 75 0 1 0 0 7204 4986 -6543 57 3063 27 3602 1985 3239 -4105 -6697 362 1801 1370 7123 -4262 -7769 391 0
355 1
356 -1 -1 3601 8 0 1 0 12 3 0 0 0 1 0
357 0
358 1
359 -1 -1 14403 8 0 10 1 0 12 0 0 0 1 1
360 -1 -1 14402 8 0 1 0 0 42 1 1 2 0 7201 -273 2510 3449 6267 0 1
361 -1 -1 7200 8 0 0 2 1 4 0 5 12 3 3600 4045 3561 -3646 -6847 334 1800 3756 3135 3041 7672 335 900 -3786 5335 -1395 -7467 2 450 3831 6134 1274 -758 30 225 414 373 4251 3151 349 0
362 0
363 0
364 1
365 -1 -1 1799 8 0 0 7 0 0 0 0 4 0 0
366 1
367 -1 -1 3597 8 0 0 0 0 1 2 0 1 1 0
368 1
369 -1 -1 7193 8 0 0 7 10 0 0 0 0 0 0
370 1
371 -1 -1 14385 8 0 0 0 4 0 0 0 0 0 1
372 -1 -1 14384 8 0 0 0 100 0 0 0 0 0 7192 -1758 -7294 3977 -1207 17 3596 4195 -3506 -2594 -125 118 1798 4879 -4327 1781 -2919 393 899 -3227 -3323 -1278 8000 162 0
373 1
374 -1 -1 1797 8 0 1 6 10 2 0 0 27 11 1
375 -1 -1 1796 8 0 1 0 2 12 0 0 0 17 898 4761 6299 -3619 -6761 303 449 -41 583 -2663 3663 231 0
376 0
377 0
378 1
379 -1 -1 3591 8 0 1 0 8 6 0 0 18 2 0
380 1
381 -1 -1 7181 8 0 0 3 0 1 0 0 3 9 1
382 -1 -1 7180 8 0 6 0 5 1 39 8 4 6 3590 4805 7872 4881 -1198 148 1795 -3599 3738 565 -6378 243 0
383 1
384 -1 -1 3589 8 0 0 17 0 1 6 0 2 1 0
385 1
386 -1 -1 7177 8 0 0 0 17 1 0 0 0 2 1
387 -1 -1 7176 8 0 0 4 1 25 0 2 0 18 3588 1783 -4154 -574 5006 316 1794 1648 7040 -2999 3054 56 897 3872 7547 -114 -1497 41 0
388 1
389 -1 -1 1793 8 0 10 1 13 17 3 0 6 3 0
390 0
391 1
392 -1 -1 7171 8 0 0 0 0 4 0 2 5 0 0
393 1
394 -1 -1 14341 8 0 1 0 2 1 0 0 0 0 1
395 -1 -1 14340 8 0 0 0 0 8 0 0 0 132 7170 -3494 -995 -2473 -6918 393 3585 1448 446 -4896 6103 338 0
396 1
397 -1 -1 7169 8 0 0 0 1 4 7 0 1 30 1
398 -1 -1 7168 8 0 0 3 0 37 0 5 5 5 3584 -4128 6471 3911 519 55 1792 3284 5230 -608 -7604 308 896 95 2831 1777 -3006 256 448 1739 -7237 4503 -6820 0 224 4742 -4391 369 4395 357 112 1587 -1922 -4096 -5858 325 56 4012 -1836 767 3520 242 28 -421 -593 -4435 -6561 399 14 -119 -4756 2806 -3637 1 7 3617 -7222 2397 5053 283 0
399 0
400 0
401 0
402 0
403 0
404 0
405 1
406 -1 -1 895 8 0 10 1 2 0 4 7 0 0 1
407 -1 -1 894 8 0 0 31 2 13 0 1 0 0 447 1513 3926 -3851 -1469 60 0
408 1
409 -1 -1 893 8 0 3 0 0 4 0 26 6 0 1
410 -1 -1 892 8 0 0 0 0 1 16 0 35 0 446 -275 7827 -4344 4685 19 223 2519 5260 -3532 -1739 43 0
411 0
412 0
413 1
414 -1 -1 1783 8 0 1 0 0 6 0 0 0 0 0
415 1
416 -1 -1 3565 8 0 0 0 2 0 0 0 0 0 0
417 1
418 -1 -1 7129 8 0 1 0 0 0 0 42 0 0 1
419 -1 -1 7128 8 0 2 0 0 8 0 41 0 0 3564 -3032 -1851 -4984 -300 14 1782 4399 -6158 -3651 2181 307 891 2075 3074 3152 7693 9 1
420 -1 -1 890 8 0 3 3 22 6 0 22 0 2 445 -561 5792 1561 -2516 400 0
421 0
422 1
423 -1 -1 1779 8 0 3 0 14 11 28 0 0 0 1
424 -1 -1 1778 8 0 22 13 7 11 3 5 0 1 889 4102 2960 889 241 4 1
425 -1 -1 888 8 0 10 0 7 9 2 0 1 31 444 -4293 621 -1082 -4363 106 222 1425 1243 -4537 -1252 11 111 4599 3890 -3502 -196 43 0
426 0
427 0
428 1
429 -1 -1 887 8 0 1 7 11 1 14 1 0 0 0
430 1
431 -1 -1 1773 8 0 14 0 0 0 1 0 0 0 0
432 0
433 0
434 1
435 -1 -1 14183 8 0 0 0 0 0 0 0 0 42 1
436 -1 -1 14182 8 0 0 0 0 0 0 0 0 30 7091 -3879 1265 3936 -5041 346 1
437 -1 -1 7090 8 0 0 0 0 3 4 0 0 0 3545 -3183 4180 2829 -6663 397 1
438 -1 -1 3544 8 0 1 0 6 7 15 3 0 17 1772 -4021 2822 -332 819 4 886 -186 7026 -429 -396 389 443 -4682 -2105 -1008 -5283 271 0
439 0
440 1
441 -1 -1 1771 8 0 1 0 0 1 0 0 0 0 0
442 1
443 -1 -1 3541 8 0 0 0 0 0 60 0 0 0 1
444 -1 -1 3540 8 0 0 0 0 0 12 0 0 0 1770 2679 -1272 236 -6048 0 885 2388 -6622 1508 2604 108 1
445 -1 -1 884 8 0 7 0 6 1 15 1 0 4 442 -618 4437 2814 3541 32 221 2021 961 -3537 -6918 275 0
446 1
447 -1 -1 441 8 0 10 0 0 2 11 5 1 0 0
448 0
449 1
450 -1 -1 1763 8 0 10 0 1 9 0 1 0 0 0
451 0
452 1
453 -1 -1 7051 8 0 1 5 0 6 0 0 0 1 0
454 1
455 -1 -1 14101 8 0 0 2 0 0 0 0 0 0 1
456 -1 -1 14100 8 0 1 0 86 0 0 0 0 0 7050 3963 4367 -1400 7784 116 3525 -1633 2694 3928 5100 1 0
457 1
458 -1 -1 7049 8 0 1 0 39 1 5 0 0 0 0
459 1
460 -1 -1 14097 8 0 17 1 5 6 0 0 0 2 1
461 -1 -1 14096 8 0 4 28 15 0 1 0 0 0 7048 4760 1218 -2278 -1746 304 3524 -808 -7365 3474 -1447 6 1762 -612 2047 -2498 7700 3 881 -3973 244 -3770 -7125 399 1
462 -1 -1 880 8 0 4 0 3 3 7 0 4 6 440 2239 3867 4622 -7394 311 220 -3702 -7370 4465 -668 21 110 4724 7000 1682 2766 13 55 -4546 -1448 2945 -4081 384 0
463 0
464 0
465 1
466 -1 -1 439 8 0 0 0 54 0 3 2 0 6 0
467 1
468 -1 -1 877 8 0 0 0 0 0 0 0 0 50 1
469 -1 -1 876 8 0 1 2 13 4 0 2 0 13 438 3278 6797 -3942 6682 392 219 -1111 525 914 -18 1 0
470 0
471 0
472 1
473 -1 -1 1751 8 0 2 3 0 0 0 2 0 13 0
474 0
475 1
476 -1 -1 7003 8 0 0 0 0 3 0 0 0 1 0
477 1
478 -1 -1 14005 8 0 0 0 0 0 0 0 1 178 1
479 -1 -1 14004 8 0 0 1 0 1 0 0 0 5 7002 -1014 7655 -977 4012 2 3501 4674 3777 2253 -2056 378 1
480 -1 -1 3500 8 0 1 0 0 4 0 0 0 5 1750 -1031 -381 -1134 -6238 61 875 3769 -1326 -3677 -2172 118 0
481 1
482 -1 -1 1749 8 0 0 28 0 0 0 0 0 28 1
483 -1 -1 1748 8 0 0 17 0 4 0 0 0 0 874 -2754 7272 -4104 -6517 134 437 -1405 4875 -4787 -3903 337 0
484 0
485 1
486 -1 -1 1747 8 0 0 12 0 2 0 0 0 26 1
487 -1 -1 1746 8 0 0 25 2 5 0 0 0 0 873 -2587 638 543 3141 2 1
488 -1 -1 872 8 0 6 5 21 4 19 0 0 7 436 -3091 3211 2782 7082 178 218 -441 7330 -1244 2840 6 109 3302 7006 -4263 2708 33 0
489 0
490 0
491 1
492 -1 -1 871 8 0 9 0 6 0 0 0 0 0 1
493 -1 -1 870 8 0 16 39 0 0 0 0 0 0 435 3920 -7147 1129 7240 4 0
494 0
495 1
496 -1 -1 1739 8 0 5 0 0 0 11 0 0 0 1
497 -1 -1 1738 8 0 45 1 0 1 0 0 0 7 869 -3325 -6458 2696 7584 294 0
498 0
499 1
500 -1 -1 3475 8 0 4 0 0 0 0 0 0 0 0
501 0
502 1
503 -1 -1 13899 8 0 0 0 0 0 0 0 0 34 1
504 -1 -1 13898 8 0 0 0 0 0 0 0 0 36 6949 -716 -1601 -3735 -2485 207 1
505 -1 -1 6948 8 0 1 0 0 0 0 0 0 0 3474 -4358 1109 865 -7462 202 1737 -1511 1101 -4470 1960 4 0
506 0
507 1
508 -1 -1 6947 8 0 0 40 0 1 0 0 0 6 1
509 -1 -1 6946 8 0 0 0 0 0 0 0 0 29 3473 -3414 7869 -2277 2784 15 1
510 -1 -1 3472 8 0 3 0 3 0 5 0 0 3 1736 1084 1167 1072 -4998 12 868 -373 -2805 4400 -1842 208 434 -2355 1252 -1832 7717 3 217 2155 351 -3132 5205 14 0
511 0
512 0
513 1
514 -1 -1 1735 8 0 0 0 0 3 0 0 0 0 1
515 -1 -1 1734 8 0 63 1 0 4 0 0 0 0 867 2770 -6526 -1715 -251 147 0
516 1
517 -1 -1 1733 8 0 23 2 0 11 0 0 0 32 1
518 -1 -1 1732 8 0 0 0 0 0 0 9 0 0 866 -4907 319 4185 -3202 0 433 1426 1836 361 7801 10 0
519 1
520 -1 -1 865 8 0 20 11 0 8 6 7 0 5 0
521 0
522 1
523 -1 -1 3459 8 0 3 0 0 7 0 2 0 0 0
524 1
525 -1 -1 6917 8 0 2 0 6 3 0 0 0 0 0
526 1
527 -1 -1 13833 8 0 0 0 55 0 0 0 0 0 1
528 -1 -1 13832 8 0 0 0 23 0 0 0 0 0 6916 4951 5570 -4968 -2812 54 3458 -3921 7543 22 -1682 395 1729 -3334 5132 2606 5793 1 0
529 1
530 -1 -1 3457 8 0 1 2 5 1 0 4 0 12 1
531 -1 -1 3456 8 0 27 0 6 8 2 0 0 4 1728 2068 7319 1321 2128 9 864 -4866 6799 -4188 -1863 309 432 -4280 -3020 -4569 -7928 187 216 -3282 1554 -1472 4137 4 108 -2992 6770 3287 7918 399 54 -1235 4471 -578 -344 2 27 4902 7896 -790 -1342 1 0
532 0
533 0
534 0
535 1
536 -1 -1 431 8 0 8 2 1 1 0 0 0 18 0
537 1
538 -1 -1 861 8 0 8 0 40 3 2 0 0 3 1
539 -1 -1 860 8 0 27 0 4 4 0 0 9 0 430 1397 4371 -704 -5815 146 215 -3710 7256 3545 7267 395 0
540 1
541 -1 -1 429 8 0 0 10 0 0 0 0 3 15 1
542 -1 -1 428 8 0 34 2 0 0 0 5 7 2 214 3000 5596 -467 1663 0 107 -1474 2628 178 -6707 19 0
543 0
544 0
545 1
546 -1 -1 855 8 0 12 1 7 4 0 0 0 5 0
547 0
548 0
549 1
550 -1 -1 6839 8 0 0 2 0 4 0 0 0 0 0
551 1
552 -1 -1 13677 8 0 0 90 0 0 0 0 0 0 1
553 -1 -1 13676 8 0 0 14 1 1 0 0 0 0 6838 -1336 -1006 -4264 4790 8 3419 -4465 -2917 -3306 2430 18 1
554 -1 -1 3418 8 0 1 5 0 1 0 0 0 4 1709 2103 7188 3532 -3707 259 1
555 -1 -1 1708 8 0 1 0 8 0 0 0 0 0 854 4656 -586 -3988 -6485 0 427 -478 -334 4413 7442 4 0
556 1
557 -1 -1 853 8 0 8 1 6 15 2 9 0 4 1
558 -1 -1 852 8 0 2 9 49 4 0 1 0 1 426 3450 3439 -3521 -4068 188 213 3398 -1527 -3741 5532 0 0
559 0
560 1
561 -1 -1 851 8 0 4 1 0 0 0 0 0 10 0
562 1
563 -1 -1 1701 8 0 5 0 0 0 0 0 0 0 0
564 0
565 1
566 -1 -1 6803 8 0 0 0 0 0 1 0 0 2 0
567 1
568 -1 -1 13605 8 0 2 0 0 0 0 0 0 0 1
569 -1 -1 13604 8 0 0 78 0 1 0 0 0 0 6802 489 -4814 4304 5094 399 3401 26 7800 1478 1322 2 1
570 -1 -1 3400 8 0 2 35 0 0 0 0 0 22 1700 -2672 -4753 -3292 126 0 850 -4765 -2961 -4746 6043 6 425 3309 2917 703 6574 200 0
571 1
572 -1 -1 849 8 0 3 21 15 5 0 6 3 8 0
573 1
574 -1 -1 1697 8 0 6 1 2 1 0 0 0 8 0
575 1
576 -1 -1 3393 8 0 0 0 0 0 0 0 0 3 0
577 1
578 -1 -1 6785 8 0 6 0 0 0 0 0 42 0 1
579 -1 -1 6784 8 0 11 0 0 0 0 4 10 0 3392 182 -1060 -888 -5606 390 1696 -1644 7899 4841 -4723 264 848 -2979 1934 645 -3366 337 424 -2437 4328 -581 -6437 2 212 -4416 7810 2294 -6066 400 106 3974 7110 -2295 -5421 241 53 1664 -2209 -3995 4842 1 0
580 0
581 0
582 0
583 1
584 -1 -1 847 8 0 1 0 0 1 0 4 0 27 1
585 -1 -1 846 8 0 4 22 0 1 0 0 0 11 423 -518 918 3567 3796 3 1
586 -1 -1 422 8 0 9 0 1 14 2 15 1 4 211 1852 2034 2992 -3454 70 0
587 0
588 1
589 -1 -1 843 8 0 1 2 1 11 21 0 1 0 1
590 -1 -1 842 8 0 11 1 0 16 2 18 1 0 421 -4591 3480 2104 -3552 6 0
591 0
592 1
593 -1 -1 1683 8 0 0 0 0 0 7 1 0 0 1
594 -1 -1 1682 8 0 0 0 0 61 0 1 0 2 841 56 3358 4005 -1168 49 1
595 -1 -1 840 8 0 6 16 10 29 0 2 0 2 420 3109 2390 -1995 -4773 363 210 4086 -2043 -1396 3489 13 105 4196 4071 -4582 6233 382 0
596 0
597 0
598 0
599 0
600 1
601 -1 -1 3359 8 0 33 0 0 2 0 0 0 0 1
602 -1 -1 3358 8 0 13 0 0 23 0 0 0 0 1679 1615 7546 -3619 -6008 393 1
603 -1 -1 1678 8 0 46 0 0 0 0 0 0 0 839 4873 2219 -3301 3497 11 0
604 1
605 -1 -1 1677 8 0 19 0 17 6 2 6 3 0 1
606 -1 -1 1676 8 0 35 0 0 11 0 0 0 0 838 -4906 5265 2968 -6345 11 419 -4766 347 -3108 6892 5 0
607 0
608 1
609 -1 -1 1675 8 0 10 0 13 4 0 0 0 4 1
610 -1 -1 1674 8 0 8 48 0 4 2 0 0 0 837 4955 3654 -508 5848 7 0
611 1
612 -1 -1 1673 8 0 5 1 0 5 2 7 0 0 1
613 -1 -1 1672 8 0 31 0 0 26 0 0 0 0 836 -610 1561 4613 -569 21 418 1439 -246 -2248 4372 5 209 3776 -862 1787 7458 13 0
614 0
615 1
616 -1 -1 835 8 0 0 1 0 6 6 0 0 1 0
617 1
618 -1 -1 1669 8 0 13 10 5 11 0 0 0 3 0
619 1
620 -1 -1 3337 8 0 4 4 2 0 0 8 0 1 1
621 -1 -1 3336 8 0 10 45 0 2 0 0 0 1 1668 1319 3889 4069 1509 1 834 -2916 3476 -3311 -4706 244 417 2320 -4954 4163 -3024 10 0
622 1
623 -1 -1 833 8 0 6 2 15 2 0 0 8 6 0
624 0
625 1
626 -1 -1 3331 8 0 29 8 0 4 0 0 3 17 1
627 -1 -1 3330 8 0 1 6 0 6 0 0 0 25 1665 527 -74 -4439 6968 3 1
628 -1 -1 1664 8 0 34 9 0 6 0 2 5 0 832 2356 -2465 2980 6424 182 416 -3284 -2967 1741 1866 22 208 2183 5428 4850 7226 21 104 4976 7302 -3491 -7057 63 52 4635 6846 3042 1450 2 26 516 718 4502 -882 190 13 -1677 7548 4221 -2176 397 0
629 0
630 0
631 0
632 0
633 0
634 1
635 -1 -1 831 8 0 2 2 0 2 0 0 0 0 1
636 -1 -1 830 8 0 0 68 0 0 0 0 0 0 415 -2312 -5312 -2194 -414 2 1
637 -1 -1 414 8 0 15 15 4 5 2 1 2 2 207 3710 -7199 -1140 -3953 13 0
638 0
639 1
640 -1 -1 827 8 0 0 4 14 1 0 0 0 0 0
641 1
642 -1 -1 1653 8 0 0 4 0 1 0 0 0 0 0
643 1
644 -1 -1 3305 8 0 0 0 0 0 0 1 0 0 0
645 1
646 -1 -1 6609 8 0 0 0 0 0 1 0 0 0 0
647 1
648 -1 -1 13217 8 0 0 0 0 0 8 0 0 0 1
649 -1 -1 13216 8 0 0 0 0 0 148 0 0 0 6608 4622 -4103 2586 4717 0 3304 4382 -5715 169 -342 332 1652 4873 -746 -2416 1997 83 826 -888 -259 1973 -1985 376 413 -1058 -692 2211 -5583 387 0
650 0
651 1
652 -1 -1 1651 8 0 0 3 4 6 7 1 0 23 0
653 1
654 -1 -1 3301 8 0 0 0 0 1 0 1 3 4 1
655 -1 -1 3300 8 0 1 57 0 4 0 0 0 2 1650 1727 -1139 -3475 7333 356 825 -4243 2571 -3592 692 4 1
656 -1 -1 824 8 0 3 2 0 0 26 0 0 0 412 3132 6448 -954 1095 10 206 -3881 3312 -216 -5369 293 103 -2951 3695 3246 -6725 391 0
657 0
658 1
659 -1 -1 411 8 0 0 1 0 0 13 0 0 0 0
660 0
661 1
662 -1 -1 1643 8 0 0 0 4 0 6 0 3 0 1
663 -1 -1 1642 8 0 0 47 0 0 0 0 15 2 821 -3866 3538 -3923 -428 12 0
664 1
665 -1 -1 1641 8 0 0 0 0 1 0 1 0 1 0
666 0
667 1
668 -1 -1 6563 8 0 0 1 0 0 0 0 0 0 0
669 1
670 -1 -1 13125 8 0 0 26 0 0 0 0 0 0 1
671 -1 -1 13124 8 0 0 99 0 0 0 0 0 0 6562 2696 -2265 763 987 4 3281 -1586 -6322 826 -4607 128 1
672 -1 -1 3280 8 0 0 5 1 1 0 0 0 0 1640 2511 7719 -1029 2901 7 820 4315 -6337 -1348 -7898 233 410 -1553 2198 4214 -4896 300 205 1367 5461 4910 5394 5 0
673 0
674 1
675 -1 -1 819 8 0 0 24 0 0 0 0 18 0 1
676 -1 -1 818 8 0 0 1 0 5 0 3 30 5 409 3479 -4842 443 -1600 0 0
677 1
678 -1 -1 817 8 0 4 19 7 7 7 0 0 1 0
679 1
680 -1 -1 1633 8 0 0 41 2 11 0 0 0 4 1
681 -1 -1 1632 8 0 0 14 1 2 0 0 0 46 816 3204 7965 -1068 248 0 408 1112 -5844 3587 1319 1 204 -138 6491 -1144 -2076 77 102 -4174 5126 1749 -4496 278 51 214 4849 3084 -810 23 0
682 0
683 0
684 0
685 1
686 -1 -1 815 8 0 1 0 0 0 0 0 6 12 0
687 0
688 1
689 -1 -1 3259 8 0 0 0 6 0 0 0 1 0 0
690 1
691 -1 -1 6517 8 0 0 0 0 0 3 0 0 0 0
692 1
693 -1 -1 13033 8 0 0 1 0 0 0 0 0 0 1
694 -1 -1 13032 8 0 0 74 0 0 0 0 0 0 6516 -534 -3994 -2346 7906 0 3258 -2600 6055 -1102 -436 106 1629 508 -5000 -4229 4803 166 1
695 -1 -1 1628 8 0 0 18 11 3 33 0 0 2 814 1918 3873 -4271 -2034 327 407 -1033 210 -4745 -5901 338 0
696 0
697 1
698 -1 -1 1627 8 0 0 8 49 2 1 0 4 0 0
699 0
700 1
701 -1 -1 6507 8 0 0 0 4 0 2 0 1 0 0
702 1
703 -1 -1 13013 8 0 0 0 0 1 0 0 0 0 1
704 -1 -1 13012 8 0 0 138 1 0 0 0 0 0 6506 -4563 -4033 -805 -1784 179 3253 403 7888 -4794 2043 301 0
705 1
706 -1 -1 6505 8 0 0 6 32 5 1 0 0 0 1
707 -1 -1 6504 8 0 0 38 3 3 1 0 13 0 3252 -4608 6611 -4956 -1427 38 1626 -994 -1196 -95 -3522 73 813 2900 7352 2095 5686 13 0
708 0
709 0
710 1
711 -1 -1 6503 8 0 0 0 19 0 4 0 0 0 0
712 1
713 -1 -1 13005 8 0 0 0 20 0 0 0 0 0 1
714 -1 -1 13004 8 0 0 0 79 0 0 0 0 0 6502 -525 233 -1711 -756 152 3251 1332 1624 -2766 3549 234 1
715 -1 -1 3250 8 0 0 7 53 3 0 0 0 0 1625 1888 3650 -4423 775 99 1
716 -1 -1 1624 8 0 0 27 27 3 3 0 1 3 812 510 641 -3986 -324 2 406 4594 6951 4484 -5 238 203 -3973 7342 -1408 725 59 0
717 0
718 1
719 -1 -1 811 8 0 2 0 4 2 22 0 1 18 0
720 0
721 1
722 -1 -1 3243 8 0 0 0 3 3 8 1 0 0 1
723 -1 -1 3242 8 0 0 1 58 4 0 0 0 0 1621 331 3507 140 -6298 290 1
724 -1 -1 1620 8 0 0 32 12 2 2 0 1 2 810 4806 2534 -708 -5144 20 405 -3941 1208 -2072 -7400 327 0
725 0
726 1
727 -1 -1 1619 8 0 0 0 0 11 0 0 7 5 0
728 1
729 -1 -1 3237 8 0 0 0 1 2 0 0 0 64 1
730 -1 -1 3236 8 0 1 1 6 0 0 0 0 9 1618 -1763 -2683 47 -6146 15 809 -4209 -559 -4060 1876 3 0
731 1
732 -1 -1 1617 8 0 0 0 1 2 0 0 0 28 0
733 0
734 0
735 1
736 -1 -1 12935 8 0 0 0 0 2 0 0 1 4 1
737 -1 -1 12934 8 0 0 72 4 2 6 1 0 0 6467 179 -3202 2969 1708 262 1
738 -1 -1 6466 8 0 0 30 3 26 1 7 2 0 3233 2141 6075 -4963 -3086 89 0
739 1
740 -1 -1 6465 8 0 0 0 8 2 0 0 8 0 1
741 -1 -1 6464 8 0 2 22 2 6 16 1 0 18 3232 -1879 -2543 2388 -4638 247 1616 3704 6216 -4405 3073 7 808 -3785 5270 -4279 -94 397 404 -2909 3619 -1428 6841 2 202 819 5830 -3417 5076 25 101 3374 4716 -2934 -3896 275 0
742 0
743 0
744 0
745 1
746 -1 -1 1615 8 0 1 26 13 9 3 0 0 0 0
747 1
748 -1 -1 3229 8 0 0 0 7 0 7 0 0 4 0
749 1
750 -1 -1 6457 8 0 0 0 22 4 0 0 0 0 0
751 1
752 -1 -1 12913 8 0 0 0 68 0 0 0 0 0 1
753 -1 -1 12912 8 0 0 0 10 0 0 0 0 0 6456 4895 -2716 3973 -5721 28 3228 -1791 3364 664 -7509 322 1614 3399 -5972 -921 -5103 288 807 -2007 6551 885 -2219 65 0
754 1
755 -1 -1 1613 8 0 0 0 0 2 1 0 5 23 1
756 -1 -1 1612 8 0 1 0 16 13 9 0 3 0 806 3141 1622 -895 -6617 299 403 4856 7042 2371 -7196 339 0
757 0
758 0
759 1
760 -1 -1 3223 8 0 0 0 22 3 35 0 8 0 0
761 0
762 1
763 -1 -1 12891 8 0 0 0 0 1 1 0 0 0 1
764 -1 -1 12890 8 0 0 0 126 3 0 0 0 0 6445 -4452 1405 841 -5528 289 1
765 -1 -1 6444 8 0 0 0 11 1 19 0 0 2 3222 4301 3798 -2007 -7604 250 1611 -3361 -194 2210 -4565 252 1
766 -1 -1 1610 8 0 0 0 7 9 18 1 10 3 805 -2595 5846 -1878 -4825 230 0
767 1
768 -1 -1 1609 8 0 1 7 24 1 0 0 0 0 0
769 0
770 1
771 -1 -1 6435 8 0 0 2 18 9 9 0 0 0 0
772 1
773 -1 -1 12869 8 0 0 1 14 2 67 0 0 0 1
774 -1 -1 12868 8 0 0 5 0 13 244 0 0 0 6434 -1401 7148 -478 1321 15 3217 -2480 6670 -761 4344 3 0
775 1
776 -1 -1 6433 8 0 0 3 0 1 22 0 3 0 1
777 -1 -1 6432 8 0 0 8 23 16 3 1 2 3 3216 -2355 -325 -4728 -2418 255 1608 2022 3998 -795 -154 11 804 2495 3777 -2428 2827 346 402 -2488 4827 -739 -4847 224 201 2580 7188 -4327 -7094 312 0
778 1
779 -1 -1 401 8 0 3 2 2 12 0 27 3 8 0
780 0
781 0
782 0
783 1
784 -1 -1 6415 8 0 0 0 6 1 7 0 0 0 1
785 -1 -1 6414 8 0 0 0 58 2 0 0 2 0 3207 2162 153 -1962 3590 212 1
786 -1 -1 3206 8 0 1 0 8 9 2 4 4 3 1603 -578 7 -4475 -6999 102 0
787 1
788 -1 -1 3205 8 0 0 0 21 9 12 0 0 1 1
789 -1 -1 3204 8 0 0 2 5 0 41 0 0 2 1602 1027 6394 -2527 6375 1 801 2467 -1992 4969 -5675 7 0
790 1
791 -1 -1 1601 8 0 0 0 0 0 0 1 19 26 0
792 0
793 0
794 1
795 -1 -1 12807 8 0 0 0 27 0 0 0 0 0 1
796 -1 -1 12806 8 0 0 17 2 1 3 0 20 5 6403 -4024 3581 2034 -2440 281 0
797 1
798 -1 -1 12805 8 0 0 1 3 6 53 5 8 0 1
799 -1 -1 12804 8 0 0 4 2 27 6 2 19 0 6402 4857 2637 644 5063 12 3201 4482 5814 1745 -5501 300 0
800 0
801 1
802 -1 -1 12803 8 0 0 62 9 20 2 1 4 3 1
803 -1 -1 12802 8 0 0 78 116 58 134 8 22 28 6401 666 5974 2471 -988 336 0
804 1
805 -1 -1 12801 8 0 2 10 1 15 3 0 3 0 1
806 -1 -1 12800 8 0 0 106 0 15 0 0 0 0 6400 -3200 7799 -3231 -4612 6 3200 3032 4916 1856 -5433 26 1600 -304 1061 -3176 7883 222 800 4556 -2209 -3284 449 391 400 3201 -4273 3967 -6824 210 200 -2052 -97 -4749 6243 353 100 4829 1674 -1059 -4691 207 50 993 -628 4915 -2384 185 25 4156 3688 -1953 -7117 376 0
807 0
808 0
809 0
810 0
811 1
812 -1 -1 799 8 0 1 0 0 0 0 0 36 0 0
813 1
814 -1 -1 1597 8 0 2 4 0 0 2 0 1 0 0
815 1
816 -1 -1 3193 8 0 1 0 0 1 2 0 0 0 0
817 0
818 1
819 -1 -1 12771 8 0 0 1 0 0 0 0 0 0 1
820 -1 -1 12770 8 0 0 0 99 0 0 0 0 0 6385 1598 3974 -2401 2261 5 1
821 -1 -1 6384 8 0 1 0 2 1 0 0 0 0 3192 243 -490 2473 -1824 3 1596 -1498 6055 -1358 2587 27 798 2851 6647 1773 -1164 390 399 -4920 -737 -847 -6761 305 0
822 0
823 1
824 -1 -1 1595 8 0 0 0 0 0 0 0 45 1 1
825 -1 -1 1594 8 0 1 15 14 3 3 0 14 2 797 -1770 -1845 2305 -6417 375 0
826 1
827 -1 -1 1593 8 0 1 5 34 9 0 0 0 0 0
828 0
829 1
830 -1 -1 6371 8 0 0 4 7 1 0 0 0 0 0
831 1
832 -1 -1 12741 8 0 0 0 1 1 0 0 0 0 1
833 -1 -1 12740 8 0 0 93 0 2 0 0 0 0 6370 -3635 -2729 1992 6916 216 3185 -971 7454 -4841 -653 369 1
834 -1 -1 3184 8 0 1 8 1 4 2 0 1 7 1592 -460 1666 -2056 -3534 227 796 -612 7661 1020 -7511 371 398 -913 3531 3485 3083 379 199 4359 6812 -4691 -31 315 0
835 0
836 0
837 1
838 -1 -1 1591 8 0 4 6 5 1 4 1 0 47 1
839 -1 -1 1590 8 0 2 5 0 3 0 0 48 1 795 -745 7097 1089 -5508 12 0
840 0
841 0
842 0
843 1
844 -1 -1 12719 8 0 0 8 0 1 0 0 0 6 1
845 -1 -1 12718 8 0 0 0 0 1 0 0 0 79 6359 -4289 646 3020 5747 330 1
846 -1 -1 6358 8 0 2 13 0 3 0 0 0 0 3179 -3397 7467 -2901 -6031 215 0
847 0
848 1
849 -1 -1 12715 8 0 1 4 3 0 0 0 0 12 1
850 -1 -1 12714 8 0 0 80 0 1 0 0 0 5 6357 -902 5458 2386 -1256 322 1
851 -1 -1 6356 8 0 1 4 2 1 3 0 2 22 3178 -3870 7130 2804 -1608 291 1589 -4739 1201 4169 7302 296 0
852 0
853 1
854 -1 -1 6355 8 0 2 10 4 0 1 1 1 4 0
855 1
856 -1 -1 12709 8 0 0 0 2 0 0 0 0 0 1
857 -1 -1 12708 8 0 0 196 0 2 0 0 0 0 6354 -551 2724 -4334 -3044 357 3177 43 7780 4289 -4717 387 0
858 1
859 -1 -1 6353 8 0 1 0 0 3 1 0 17 4 1
860 -1 -1 6352 8 0 0 36 2 4 0 0 3 0 3176 -2026 924 -4934 -2828 274 1588 -1620 7355 287 -6879 283 794 -3618 2626 3223 7583 25 397 -1503 3868 4774 1756 382 0
861 0
862 0
863 1
864 -1 -1 3175 8 0 2 17 0 0 0 0 0 2 0
865 1
866 -1 -1 6349 8 0 0 1 2 2 0 0 2 3 0
867 1
868 -1 -1 12697 8 0 0 0 0 0 0 0 0 18 1
869 -1 -1 12696 8 0 0 0 0 0 0 0 0 124 6348 967 6419 -4730 -1534 136 3174 898 2365 2632 7466 250 1587 -4140 7602 -1601 -7497 351 0
870 1
871 -1 -1 3173 8 0 2 1 9 0 0 0 0 30 0
872 1
873 -1 -1 6345 8 0 1 48 14 0 0 0 0 0 1
874 -1 -1 6344 8 0 3 9 0 8 0 0 3 1 3172 1855 7214 341 -3415 290 1586 -469 -1083 -1719 -5180 360 793 -4731 5512 4096 7879 1 0
875 0
876 1
877 -1 -1 3171 8 0 3 1 0 0 0 0 9 8 1
878 -1 -1 3170 8 0 4 0 23 19 0 0 0 9 1585 -4059 1684 1252 3462 385 0
879 0
880 1
881 -1 -1 6339 8 0 0 0 0 1 22 0 0 0 1
882 -1 -1 6338 8 0 0 11 18 11 4 0 0 3 3169 -844 -2996 1100 -5769 29 0
883 1
884 -1 -1 6337 8 0 1 0 27 2 1 0 2 0 0
885 1
886 -1 -1 12673 8 0 0 0 8 0 0 0 0 0 1
887 -1 -1 12672 8 0 2 49 1 11 0 0 2 6 6336 -2283 862 -2962 2900 262 3168 3316 1909 -2350 4147 11 1584 -1351 4610 -142 2337 4 792 814 -883 1714 5627 275 396 -1438 441 560 -4135 228 198 -3120 3534 1462 -5265 271 99 -2001 3262 -2913 -3690 343 0
888 0
889 0
890 1
891 -1 -1 791 8 0 2 1 0 0 53 0 5 0 1
892 -1 -1 790 8 0 12 1 0 1 0 0 8 8 395 4560 -735 2700 -3238 394 0
893 1
894 -1 -1 789 8 0 36 0 0 0 0 0 1 0 0
895 1
896 -1 -1 1577 8 0 0 0 2 0 0 0 37 1 1
897 -1 -1 1576 8 0 20 5 0 3 0 0 16 0 788 -525 -7067 -3298 -3498 24 394 -1248 468 -3679 -2141 398 197 3025 77 -3254 -3450 346 0
898 0
899 0
900 1
901 -1 -1 1575 8 0 1 0 7 6 37 2 14 0 0
902 1
903 -1 -1 3149 8 0 0 0 0 0 1 0 16 4 0
904 1
905 -1 -1 6297 8 0 0 0 0 0 0 0 12 0 0
906 1
907 -1 -1 12593 8 0 0 0 0 0 4 0 0 0 1
908 -1 -1 12592 8 0 0 1 63 6 1 0 1 0 6296 2789 -7879 3357 1115 306 3148 395 141 -3787 2283 324 1574 -4241 -1935 261 2 14 787 -521 -1458 89 4391 301 0
909 0
910 1
911 -1 -1 3147 8 0 1 0 0 0 1 4 0 10 1
912 -1 -1 3146 8 0 1 1 40 10 5 0 1 0 1573 -3475 1172 2649 -81 335 0
913 0
914 1
915 -1 -1 6291 8 0 1 0 0 0 1 0 18 9 1
916 -1 -1 6290 8 0 0 3 16 1 36 0 0 1 3145 -147 847 3475 5357 312 0
917 1
918 -1 -1 6289 8 0 0 4 3 5 4 0 12 1 0
919 1
920 -1 -1 12577 8 0 1 11 0 1 0 1 0 3 1
921 -1 -1 12576 8 0 5 2 1 9 4 0 2 128 6288 3480 -2057 -690 6528 273 3144 186 7794 -1713 -2503 8 1572 1647 -1540 -3437 7967 285 786 -4450 -4772 3273 5495 262 393 3290 462 -1160 3900 248 0
922 0
923 1
924 -1 -1 1571 8 0 0 53 0 0 0 0 3 1 0
925 0
926 1
927 -1 -1 6283 8 0 0 1 61 0 0 0 0 0 1
928 -1 -1 6282 8 0 1 2 25 0 0 0 0 12 3141 2151 1905 -2578 6345 321 0
929 1
930 -1 -1 6281 8 0 2 3 0 0 0 0 15 0 0
931 1
932 -1 -1 12561 8 0 1 26 0 2 19 0 2 1 1
933 -1 -1 12560 8 0 1 24 65 10 19 0 2 14 6280 632 -7227 -5 4114 21 3140 -2095 2904 -73 3516 384 1570 2121 452 -1873 4155 270 785 4634 5416 -4392 5115 394 0
934 0
935 1
936 -1 -1 3139 8 0 3 1 1 4 0 0 1 47 1
937 -1 -1 3138 8 0 2 10 26 0 4 2 0 1 1569 1616 -1084 1046 -5058 234 0
938 0
939 1
940 -1 -1 6275 8 0 0 33 5 2 0 0 0 2 0
941 1
942 -1 -1 12549 8 0 0 2 41 1 7 0 2 4 1
943 -1 -1 12548 8 0 0 0 0 6 1 0 0 35 6274 1740 729 -4563 2120 209 3137 4761 3262 -3740 -4901 120 0
944 0
945 1
946 -1 -1 12547 8 0 0 0 18 8 67 0 16 4 1
947 -1 -1 12546 8 0 4 75 7 11 5 0 4 7 6273 4849 -1449 1294 -7898 56 0
948 1
949 -1 -1 12545 8 0 1 26 6 11 33 1 390 13 1
950 -1 -1 12544 8 0 14 260 41 60 111 1 405 52 6272 2294 -1650 -631 7165 258 3136 -1963 4801 -2775 -766 15 1568 3936 -7527 -4027 -1261 290 784 4323 3798 4565 -2821 287 392 3908 7993 2051 -7649 268 196 1262 -7940 58 4568 276 98 103 -712 -4736 2262 390 49 -3372 6254 1422 -6218 15 0
951 0
952 0
953 0
954 1
955 -1 -1 783 8 0 1 65 0 0 0 0 0 0 1
956 -1 -1 782 8 0 1 12 0 7 0 3 1 2 391 -21 7990 4229 -4018 350 0
957 0
958 0
959 0
960 1
961 -1 -1 6255 8 0 0 27 0 3 0 0 1 0 1
962 -1 -1 6254 8 0 0 12 0 0 0 0 0 30 3127 1392 7252 1226 -730 5 1
963 -1 -1 3126 8 0 0 0 0 0 0 0 0 22 1563 3595 7350 136 1687 15 0
964 0
965 1
966 -1 -1 6251 8 0 0 0 0 2 0 0 0 0 0
967 1
968 -1 -1 12501 8 0 1 0 0 0 0 0 0 0 1
969 -1 -1 12500 8 0 0 0 0 0 0 0 0 163 6250 3548 -5496 -1260 -6357 232 3125 -1866 -5210 1194 -5667 392 1
970 -1 -1 3124 8 0 1 6 0 0 0 0 0 0 1562 -1022 59 -4055 4587 361 781 2794 7471 -1574 32 17 0
971 0
972 1
973 -1 -1 3123 8 0 0 10 1 2 0 0 3 2 0
974 1
975 -1 -1 6245 8 0 1 0 0 7 0 0 0 7 0
976 1
977 -1 -1 12489 8 0 0 0 0 1 0 0 0 84 1
978 -1 -1 12488 8 0 0 1 0 0 0 0 1 0 6244 2166 -301 -4739 3485 325 3122 -1252 -1557 -2432 5998 392 1561 -495 728 1982 7297 339 0
979 0
980 1
981 -1 -1 6243 8 0 4 11 0 0 0 0 0 0 0
982 1
983 -1 -1 12485 8 0 1 0 7 0 0 0 0 0 1
984 -1 -1 12484 8 0 1 0 0 0 0 0 122 2 6242 -4891 -6568 4486 545 243 3121 4770 5868 4385 -1350 369 0
985 1
986 -1 -1 6241 8 0 0 8 3 2 0 0 2 0 0
987 1
988 -1 -1 12481 8 0 0 0 0 1 0 2 13 3 1
989 -1 -1 12480 8 0 1 5 0 3 0 2 2 47 6240 -2749 -6523 1450 374 0 3120 2499 7822 -992 1974 24 1560 2069 -5632 -1823 2576 0 780 2364 -408 4289 -2213 327 390 -489 1601 770 -4546 357 195 -2745 6494 -290 -4292 294 0
990 0
991 0
992 1
993 -1 -1 1559 8 0 2 1 6 0 52 0 0 0 1
994 -1 -1 1558 8 0 7 0 7 3 0 0 0 15 779 1029 1856 1296 -6351 389 0
995 0
996 1
997 -1 -1 3115 8 0 1 2 1 33 4 26 0 0 0
998 1
999 -1 -1 6229 8 0 6 0 0 18 0 5 1 1 0
1000 1
1001 -1 -1 12457 8 0 0 4 0 30 0 0 0 0 1
1002 -1 -1 12456 8 0 0 58 0 14 0 0 0 1 6228 -2172 -2159 1826 -1361 3 3114 -3770 4646 4188 -4815 393 1557 3070 2110 -1742 -1490 8 0
1003 1
1004 -1 -1 3113 8 0 13 1 2 1 0 0 0 0 1
1005 -1 -1 3112 8 0 0 8 16 9 0 0 3 30 1556 -1690 -2399 3869 -2618 400 778 -4738 4844 4676 -4132 274 389 -2250 1889 2518 -7102 398 0
1006 0
1007 0
1008 1
1009 -1 -1 3111 8 0 1 3 0 0 0 0 51 0 1
1010 -1 -1 3110 8 0 5 7 19 1 6 0 4 9 1555 1766 7793 2359 -7671 394 0
1011 0
1012 1
1013 -1 -1 6219 8 0 0 8 2 12 14 4 0 0 0
1014 1
1015 -1 -1 12437 8 0 0 14 1 7 5 0 0 2 1
1016 -1 -1 12436 8 0 2 1 126 6 6 0 6 2 6218 -680 -1932 4310 7900 48 3109 -820 2022 3317 -2106 263 0
1017 1
1018 -1 -1 6217 8 0 0 0 2 0 0 0 0 28 0
1019 1
1020 -1 -1 12433 8 0 1 333 16 19 18 0 0 11 1
1021 -1 -1 12432 8 0 3 73 39 34 5 1 1 6 6216 -4183 7757 4823 4345 13 3108 -4369 7218 2930 6658 314 1554 2283 4386 -2874 6440 15 777 2148 7086 3937 5708 334 0
1022 0
1023 0
1024 0
1025 1
1026 -1 -1 12431 8 0 0 0 0 0 0 0 0 6 1
1027 -1 -1 12430 8 0 4 0 75 0 0 0 0 1 6215 4953 140 2684 -4387 342 0
1028 1
1029 -1 -1 12429 8 0 1 10 32 2 2 0 3 31 1
1030 -1 -1 12428 8 0 1 71 20 1 1 0 0 4 6214 -1654 -1863 -2751 -5210 1 3107 -242 3806 4847 6023 289 0
1031 1
1032 -1 -1 6213 8 0 1 5 0 3 45 0 0 0 1
1033 -1 -1 6212 8 0 5 13 14 6 1 0 11 5 3106 4594 5416 -1755 248 7 1553 714 3158 3576 -7939 224 0
1034 0
1035 0
1036 1
1037 -1 -1 12423 8 0 0 29 22 8 8 0 16 46 1
1038 -1 -1 12422 8 0 2 7 14 4 4 0 229 20 6211 -1693 7701 -3286 4902 4 1
1039 -1 -1 6210 8 0 2 2 22 13 1 0 0 20 3105 4639 -1639 325 -7593 0 0
1040 1
1041 -1 -1 6209 8 0 5 9 17 20 15 0 2 0 0
1042 1
1043 -1 -1 12417 8 0 4 0 4 15 0 1 0 122 1
1044 -1 -1 12416 8 0 8 10 11 9 1 2 22 15 6208 1251 6505 -3269 -5653 14 3104 4264 5742 -4952 -7695 247 1552 812 1685 -157 585 0 776 -1252 795 -2868 5144 235 388 2517 6616 -3551 2146 3 194 -2427 -1373 3769 -1930 313 97 3820 5887 -3552 3865 306 0
1045 0
1046 0
1047 0
1048 1
1049 -1 -1 1551 8 0 2 11 5 8 0 21 0 0 0
1050 0
1051 0
1052 1
1053 -1 -1 12407 8 0 1 0 0 0 0 0 0 0 1
1054 -1 -1 12406 8 0 0 70 0 0 0 0 0 0 6203 2526 -6258 4319 -4694 382 0
1055 1
1056 -1 -1 12405 8 0 0 0 0 9 0 1 0 0 1
1057 -1 -1 12404 8 0 0 58 0 14 0 0 0 1 6202 -128 2157 -996 -1323 286 3101 2686 7838 4464 -6589 385 1
1058 -1 -1 3100 8 0 3 0 0 21 0 2 0 2 1550 3500 3464 -3459 2095 0 775 3238 7538 393 7813 12 0
1059 1
1060 -1 -1 1549 8 0 17 3 3 9 0 0 0 28 0
1061 1
1062 -1 -1 3097 8 0 1 21 0 8 0 0 0 3 0
1063 1
1064 -1 -1 6193 8 0 0 0 0 1 7 0 2 2 0
1065 1
1066 -1 -1 12385 8 0 0 3 0 7 1 0 0 4 1
1067 -1 -1 12384 8 0 6 0 0 38 1 12 0 0 6192 1169 -2873 -3233 5719 130 3096 2836 -2491 1070 -3833 116 1548 -3788 7339 -1907 -7574 381 774 2871 3851 4141 7788 1 387 -177 2026 -357 -6591 352 0
1068 0
1069 1
1070 -1 -1 1547 8 0 4 0 1 4 7 1 16 4 0
1071 1
1072 -1 -1 3093 8 0 2 13 16 4 1 13 0 4 0
1073 1
1074 -1 -1 6185 8 0 1 0 0 5 5 0 0 7 0
1075 1
1076 -1 -1 12369 8 0 2 0 19 24 0 1 0 0 1
1077 -1 -1 12368 8 0 4 0 5 24 1 16 0 0 6184 2550 -501 -1599 -5667 7 3092 -3982 -232 2426 6220 10 1546 3916 -741 -234 -7875 369 773 3410 974 -4370 2991 45 0
1078 1
1079 -1 -1 1545 8 0 2 19 2 4 1 1 4 0 0
1080 1
1081 -1 -1 3089 8 0 4 0 0 4 0 23 0 0 0
1082 1
1083 -1 -1 6177 8 0 7 0 0 17 0 4 5 2 0
1084 1
1085 -1 -1 12353 8 0 14 0 0 9 0 2 0 0 1
1086 -1 -1 12352 8 0 65 0 0 3 0 1 0 0 6176 89 6406 -4186 -5625 0 3088 -3236 -4474 -4804 7007 73 1544 2940 -4640 3648 7043 150 772 -2611 -2632 3504 2247 254 386 1554 7843 -441 -540 1 193 4850 4301 -3455 -4788 60 0
1087 0
1088 0
1089 1
1090 -1 -1 1543 8 0 3 0 3 2 0 0 1 22 0
1091 0
1092 0
1093 1
1094 -1 -1 12343 8 0 0 0 0 1 0 0 0 0 1
1095 -1 -1 12342 8 0 1 87 0 0 0 0 0 0 6171 -194 -7487 1210 -312 1 1
1096 -1 -1 6170 8 0 4 0 0 2 0 0 0 0 3085 4782 4642 -3888 3620 235 0
1097 1
1098 -1 -1 6169 8 0 1 1 0 1 18 0 0 0 0
1099 1
1100 -1 -1 12337 8 0 0 23 0 1 1 0 0 1 1
1101 -1 -1 12336 8 0 0 20 71 3 0 0 0 0 6168 -294 7879 -1248 -3850 295 3084 2758 4776 2231 -5940 298 1542 3666 -3685 -2099 5552 233 771 4357 -883 -1229 -5455 318 0
1102 0
1103 1
1104 -1 -1 3083 8 0 0 1 0 0 0 0 32 0 0
1105 1
1106 -1 -1 6165 8 0 23 14 0 22 1 0 0 0 0
1107 1
1108 -1 -1 12329 8 0 10 0 0 3 1 7 0 0 1
1109 -1 -1 12328 8 0 3 0 0 46 6 1 10 0 6164 36 879 3020 -4370 366 3082 -4096 -2396 998 1544 0 1541 4004 1046 -2206 5016 42 0
1110 0
1111 0
1112 1
1113 -1 -1 12327 8 0 1 2 205 5 169 1 0 1 1
1114 -1 -1 12326 8 0 1 9 43 20 8 0 3 18 6163 4977 1574 -4076 -5669 39 0
1115 1
1116 -1 -1 12325 8 0 3 16 33 9 2 0 19 0 1
1117 -1 -1 12324 8 0 8 1 35 29 171 0 42 0 6162 -3687 -5247 3937 279 0 3081 -1508 4871 639 191 0 0
1118 0
1119 1
1120 -1 -1 12323 8 0 1 4 47 4 1 2 2 9 1
1121 -1 -1 12322 8 0 1 0 3 46 1 15 0 6 6161 -4212 -238 2090 391 15 0
1122 1
1123 -1 -1 12321 8 0 2 34 8 12 0 0 0 5 1
1124 -1 -1 12320 8 0 8 4 5 52 55 1 0 0 6160 190 406 2677 -4400 230 3080 -3363 1391 4414 -6524 225 1540 1061 3614 82 -7756 249 770 4154 4299 3390 -7873 312 385 4726 -488 -3177 5345 274 0
1125 0
1126 1
1127 -1 -1 1539 8 0 35 0 1 3 0 4 16 0 0
1128 0
1129 1
1130 -1 -1 6155 8 0 1 16 2 4 2 0 0 28 1
1131 -1 -1 6154 8 0 12 2 16 7 26 0 0 1 3077 3136 1796 119 -6736 292 0
1132 0
1133 1
1134 -1 -1 12307 8 0 2 0 13 3 0 1 1 0 1
1135 -1 -1 12306 8 0 1 30 2 16 27 0 140 42 6153 -2523 -6104 -3793 4528 271 0
1136 1
1137 -1 -1 12305 8 0 8 0 0 23 2 2 69 3 1
1138 -1 -1 12304 8 0 0 13 25 70 73 2 27 7 6152 1574 -6543 -3655 1513 286 3076 -462 215 449 5008 228 1538 -701 -383 2077 -5069 281 769 -528 -803 1892 7673 398 0
1139 0
1140 0
1141 1
1142 -1 -1 6151 8 0 2 0 0 0 3 4 4 5 0
1143 1
1144 -1 -1 12301 8 0 1 4 32 8 6 0 2 0 1
1145 -1 -1 12300 8 0 0 57 2 7 0 0 0 0 6150 -3403 -1422 1501 6694 58 3075 -4350 1735 1666 -4075 136 0
1146 0
1147 1
1148 -1 -1 12299 8 0 8 0 0 0 6 0 0 13 1
1149 -1 -1 12298 8 0 12 29 0 0 3 2 1 11 6149 -1772 3786 -4454 -5302 14 0
1150 1
1151 -1 -1 12297 8 0 3 4 1 23 6 0 0 24 1
1152 -1 -1 12296 8 0 7 14 14 25 44 0 17 6 6148 3648 -7564 217 1678 30 3074 -691 153 3531 -3273 310 1537 3681 -1897 2334 -342 10 0
1153 0
1154 0
1155 1
1156 -1 -1 12295 8 0 0 0 1 6 0 0 14 14 1
1157 -1 -1 12294 8 0 2 0 0 1 31 1 3 1 6147 -596 3409 -3963 5879 311 1
1158 -1 -1 6146 8 0 13 7 3 14 3 5 0 0 3073 1361 3036 1017 -4466 11 0
1159 0
1160 1
1161 -1 -1 12291 8 0 2 15 0 6 0 1 0 0 1
1162 -1 -1 12290 8 0 1 12 12 75 0 0 4 0 6145 3201 5279 4201 7192 132 0
1163 1
1164 -1 -1 12289 8 0 7 9 9 114 10 7 5 3 1
1165 -1 -1 12288 8 0 38 7 9 69 8 42 0 1 6144 -159 2058 -4799 -5666 12 3072 2978 5024 -2198 7129 34 1536 1311 6759 -4874 -1598 299 768 -653 -730 2457 6397 135 384 156 -363 -3652 1071 220 192 1331 4707 4475 -7967 196 96 3333 5141 -4666 -7572 348 48 1493 2793 4396 -612 195 24 -429 957 1868 3738 117 12 3006 4840 644 -25 21 6 202 1761 -1712 -6611 400 3 4222 -4804 -4173 -6501 313 0
1166 0
1167 0
1168 0
1169 0
1170 0
1171 1
1172 -1 -1 191 8 0 1 22 0 0 13 9 0 0 1
1173 -1 -1 190 8 0 7 22 0 2 0 0 0 0 95 4280 -1098 -2549 1781 128 0
1174 1
1175 -1 -1 189 8 0 6 0 8 8 4 24 0 5 0
1176 1
1177 -1 -1 377 8 0 6 0 15 1 5 4 0 0 0
1178 0
1179 0
1180 1
1181 -1 -1 3015 8 0 0 0 0 0 0 5 0 0 1
1182 -1 -1 3014 8 0 16 0 0 0 0 0 49 2 1507 2962 720 4325 -7249 75 1
1183 -1 -1 1506 8 0 6 0 0 5 1 0 0 0 753 2773 -7030 3750 3295 398 1
1184 -1 -1 752 8 0 25 1 0 0 0 0 0 0 376 1023 -1256 1333 7042 318 188 4656 4804 -648 -4302 1 94 -4186 -3527 -3614 7691 233 47 3126 -5707 786 -8 40 0
1185 0
1186 0
1187 0
1188 1
1189 -1 -1 751 8 0 5 2 1 0 0 0 0 0 0
1190 1
1191 -1 -1 1501 8 0 1 1 0 0 2 0 0 1 0
1192 1
1193 -1 -1 3001 8 0 4 0 0 0 0 0 0 0 0
1194 1
1195 -1 -1 6001 8 0 0 0 0 0 0 0 2 0 0
1196 1
1197 -1 -1 12001 8 0 1 0 0 0 0 0 0 72 1
1198 -1 -1 12000 8 0 2 0 0 0 0 0 0 0 6000 825 -598 -100 -1578 0 3000 -2600 746 3206 5697 90 1500 1634 6557 3401 2442 127 750 2044 -1293 2490 -2086 399 375 3856 1283 2621 3331 244 1
1199 -1 -1 374 8 0 10 0 0 1 0 0 2 0 187 189 -1285 -3339 5566 368 0
1200 1
1201 -1 -1 373 8 0 3 18 1 3 0 0 0 0 0
1202 1
1203 -1 -1 745 8 0 6 2 0 2 0 6 19 3 1
1204 -1 -1 744 8 0 12 11 0 0 0 4 2 16 372 386 -2654 -2358 -1628 6 186 -4526 3036 2965 -2809 400 93 2748 -1195 -3405 -55 211 0
1205 1
1206 -1 -1 185 8 0 6 2 22 0 13 1 0 14 0
1207 0
1208 1
1209 -1 -1 739 8 0 0 0 0 3 9 2 0 2 1
1210 -1 -1 738 8 0 9 32 0 2 0 2 11 6 369 4779 -5318 929 -7985 22 1
1211 -1 -1 368 8 0 4 0 6 5 0 15 0 1 184 4179 4024 4399 7501 0 92 -4588 1175 -4726 7684 0 46 -2737 -7517 -2390 7707 0 23 2152 -7180 -4996 4443 8 0
1212 0
1213 0
1214 1
1215 -1 -1 183 8 0 1 45 0 0 0 2 0 10 1
1216 -1 -1 182 8 0 0 4 1 4 16 19 0 0 91 924 3578 3408 3248 0 0
1217 1
1218 -1 -1 181 8 0 2 0 0 4 0 0 0 45 1
1219 -1 -1 180 8 0 7 10 11 3 5 1 0 8 90 4958 -4911 -4447 1855 138 45 736 -6686 630 -949 384 0
1220 0
1221 0
1222 0
1223 1
1224 -1 -1 719 8 0 0 0 0 0 0 0 2 0 0
1225 1
1226 -1 -1 1437 8 0 0 0 0 3 3 0 0 0 0
1227 0
1228 1
1229 -1 -1 5747 8 0 0 0 0 0 47 0 0 0 1
1230 -1 -1 5746 8 0 0 0 0 0 45 0 0 0 2873 678 -5472 4998 884 23 1
1231 -1 -1 2872 8 0 0 1 0 0 3 0 0 0 1436 2236 -5043 3299 6732 245 718 -3704 6010 4079 -5117 387 359 3450 6674 -951 -6676 1 1
1232 -1 -1 358 8 0 1 1 0 0 4 0 48 0 179 3021 -5372 1286 -284 3 0
1233 0
1234 1
1235 -1 -1 715 8 0 1 2 6 0 3 0 19 15 0
1236 0
1237 1
1238 -1 -1 2859 8 0 0 11 0 0 0 0 0 2 0
1239 1
1240 -1 -1 5717 8 0 0 4 11 0 0 0 11 0 0
1241 1
1242 -1 -1 11433 8 0 0 0 3 0 1 0 1 0 1
1243 -1 -1 11432 8 0 0 0 68 0 0 0 0 0 5716 -197 -1156 1708 -4716 187 2858 4803 3369 -4217 -6258 69 1429 1547 1690 1488 6407 336 0
1244 0
1245 1
1246 -1 -1 5715 8 0 0 0 11 0 0 0 1 1 1
1247 -1 -1 5714 8 0 0 0 10 0 46 0 1 0 2857 1496 -3534 3445 538 266 1
1248 -1 -1 2856 8 0 0 3 45 0 3 0 8 0 1428 4044 5640 -4710 -5319 8 714 -808 4967 4832 -374 361 357 3175 3114 4726 -2169 376 0
1249 0
1250 1
1251 -1 -1 1427 8 0 1 0 1 0 2 1 2 0 0
1252 1
1253 -1 -1 2853 8 0 0 0 5 0 0 0 1 0 0
1254 1
1255 -1 -1 5705 8 0 0 0 1 0 0 0 0 0 0
1256 1
1257 -1 -1 11409 8 0 0 0 0 0 0 0 12 0 1
1258 -1 -1 11408 8 0 0 0 0 0 0 0 87 0 5704 -2691 -4134 1621 1768 194 2852 -2869 -2918 0 -5337 109 1426 -4014 -5127 -4097 -629 72 713 -502 -3410 2558 -4211 144 0
1259 1
1260 -1 -1 1425 8 0 0 0 23 1 2 0 15 0 1
1261 -1 -1 1424 8 0 2 8 0 2 14 0 5 1 712 -3984 1268 1461 3886 33 356 232 6141 -1383 -5551 389 178 911 -2230 -3387 -2663 1 89 3847 -4468 2384 7652 196 0
1262 0
1263 0
1264 0
1265 1
1266 -1 -1 1423 8 0 0 0 0 0 0 4 1 5 1
1267 -1 -1 1422 8 0 0 0 0 1 0 0 0 60 711 -142 1062 3429 -4529 302 1
1268 -1 -1 710 8 0 3 3 2 2 6 0 6 5 355 3076 7598 -333 -2225 86 0
1269 0
1270 1
1271 -1 -1 1419 8 0 0 27 0 2 5 0 24 0 0
1272 1
1273 -1 -1 2837 8 0 1 0 18 1 0 0 0 0 0
1274 1
1275 -1 -1 5673 8 0 0 0 4 1 2 0 0 0 0
1276 1
1277 -1 -1 11345 8 0 0 0 3 0 0 0 0 1 1
1278 -1 -1 11344 8 0 0 73 1 0 0 0 0 0 5672 2017 -4559 825 2120 166 2836 4023 5672 4567 -1035 282 1418 1812 5680 -4825 3592 42 709 -3288 -91 -4231 6169 1 0
1279 1
1280 -1 -1 1417 8 0 1 2 4 1 5 7 0 21 0
1281 1
1282 -1 -1 2833 8 0 0 1 0 3 54 1 4 3 0
1283 1
1284 -1 -1 5665 8 0 0 26 0 0 0 0 0 8 1
1285 -1 -1 5664 8 0 0 13 6 8 28 4 7 2 2832 3172 -5943 -3145 6677 222 1416 2044 -1839 -4875 -1245 185 708 -2025 1732 4980 2385 254 354 1053 50 1856 -6059 226 177 -425 -2436 2798 -4900 263 0
1286 0
1287 0
1288 1
1289 -1 -1 1415 8 0 1 0 0 2 17 0 0 0 0
1290 1
1291 -1 -1 2829 8 0 2 0 0 1 0 1 0 5 0
1292 1
1293 -1 -1 5657 8 0 0 0 0 0 0 7 10 0 0
1294 1
1295 -1 -1 11313 8 0 0 0 0 0 0 1 0 0 1
1296 -1 -1 11312 8 0 0 0 0 0 0 0 94 0 5656 4729 -1494 -2490 -178 362 2828 -3187 -2238 3559 6887 284 1414 -302 4101 3246 -2592 1 707 -2470 -5025 -2350 2558 330 0
1297 1
1298 -1 -1 1413 8 0 0 14 6 2 2 0 16 2 1
1299 -1 -1 1412 8 0 1 0 2 7 24 1 2 4 706 4668 3667 -1709 1777 309 353 2348 -5035 -4713 6736 299 0
1300 0
1301 0
1302 1
1303 -1 -1 2823 8 0 0 7 20 0 30 0 0 1 0
1304 1
1305 -1 -1 5645 8 0 0 2 6 2 16 0 0 0 1
1306 -1 -1 5644 8 0 1 39 3 1 1 0 11 1 2822 2883 3878 -90 -756 0 1411 3228 -7031 -1792 6803 268 0
1307 0
1308 1
1309 -1 -1 5643 8 0 0 18 22 5 0 0 1 7 0
1310 1
1311 -1 -1 11285 8 0 0 25 0 0 0 0 0 5 1
1312 -1 -1 11284 8 0 1 14 19 5 50 0 264 5 5642 3512 5908 3217 7829 362 2821 -3946 -4103 4500 2531 234 0
1313 1
1314 -1 -1 5641 8 0 1 0 0 1 3 0 14 6 0
1315 1
1316 -1 -1 11281 8 0 0 5 0 5 11 0 0 0 1
1317 -1 -1 11280 8 0 1 16 92 5 9 0 3 7 5640 -165 -6133 -2508 302 38 2820 1565 4200 727 -6349 365 1410 521 -551 -289 7892 198 705 2682 -6152 -3006 -4456 29 0
1318 0
1319 1
1320 -1 -1 2819 8 0 1 0 14 0 0 0 0 0 1
1321 -1 -1 2818 8 0 0 0 3 0 54 0 9 0 1409 -3992 -5814 3714 -4507 268 0
1322 0
1323 1
1324 -1 -1 5635 8 0 0 7 0 0 4 0 0 0 0
1325 1
1326 -1 -1 11269 8 0 1 0 0 0 0 0 0 47 1
1327 -1 -1 11268 8 0 0 1 23 0 2 0 0 5 5634 4823 -4330 2452 -7861 11 2817 -3745 -690 187 5476 126 0
1328 0
1329 1
1330 -1 -1 11267 8 0 0 0 12 1 0 0 1 0 1
1331 -1 -1 11266 8 0 0 64 4 5 4 0 7 12 5633 -157 -1854 -1642 -1926 256 0
1332 1
1333 -1 -1 11265 8 0 1 5 26 5 28 0 0 14 1
1334 -1 -1 11264 8 0 1 6 88 6 11 0 25 3 5632 -3073 -7043 2726 5220 164 2816 -3758 -3683 1086 7302 215 1408 -3190 -6688 -4203 -5063 160 704 -1020 -7566 1597 -6726 184 352 2801 4078 42 -7604 0 176 520 -4535 -4172 3605 297 88 -4029 3256 -3473 -7168 3 44 -4584 6729 -2723 -1757 306 22 3166 -6926 2514 6911 376 11 336 -990 -1224 1023 360 0
1335 0
1336 0
1337 0
1338 0
1339 1
1340 -1 -1 351 8 0 13 2 4 0 0 11 0 0 0
1341 1
1342 -1 -1 701 8 0 0 0 0 20 0 6 5 8 0
1343 1
1344 -1 -1 1401 8 0 0 0 0 7 0 4 2 0 0
1345 0
1346 0
1347 1
1348 -1 -1 11207 8 0 0 0 0 0 0 0 3 0 1
1349 -1 -1 11206 8 0 0 0 0 0 0 0 97 0 5603 -1716 1550 -4437 2875 385 1
1350 -1 -1 5602 8 0 0 0 0 5 0 1 9 0 2801 3604 7522 2906 -6123 334 1
1351 -1 -1 2800 8 0 0 0 0 6 0 0 0 0 1400 -640 51 4034 -6989 3 700 -1941 3147 -4934 -6354 21 350 -3544 1829 -3750 -5345 26 175 -382 7691 -4943 -2774 336 0
1352 0
1353 0
1354 1
1355 -1 -1 1399 8 0 1 0 13 11 3 0 19 0 1
1356 -1 -1 1398 8 0 1 0 0 4 2 22 2 0 699 -4990 -1244 3706 6775 176 0
1357 0
1358 0
1359 1
1360 -1 -1 5591 8 0 5 1 1 2 0 5 2 0 0
1361 1
1362 -1 -1 11181 8 0 0 3 0 4 0 0 0 0 1
1363 -1 -1 11180 8 0 6 0 0 57 0 278 2 0 5590 -4290 -621 -1649 5732 211 2795 -1993 -634 -1804 671 0 0
1364 0
1365 1
1366 -1 -1 11179 8 0 0 0 0 10 0 25 0 0 1
1367 -1 -1 11178 8 0 6 0 4 70 0 28 0 4 5589 -4851 7995 -3693 6420 11 0
1368 1
1369 -1 -1 11177 8 0 2 0 0 11 0 62 0 0 1
1370 -1 -1 11176 8 0 4 0 0 8 0 1 0 0 5588 -4896 7090 4675 -1811 38 2794 -2769 4179 3397 -5779 12 1397 1496 982 -4554 -3345 22 1
1371 -1 -1 1396 8 0 2 3 3 22 0 10 11 0 698 -136 2041 -1798 -6229 13 349 -2784 -2847 695 1389 13 0
1372 0
1373 1
1374 -1 -1 1395 8 0 1 0 0 15 4 5 2 1 0
1375 1
1376 -1 -1 2789 8 0 0 0 0 9 1 2 0 0 1
1377 -1 -1 2788 8 0 1 0 52 8 0 1 0 0 1394 4389 7995 2877 832 13 697 120 4368 1932 -1806 12 1
1378 -1 -1 696 8 0 3 3 0 8 0 4 9 0 348 -2781 -1230 -1474 -3666 2 174 -1722 7198 -3276 2615 10 87 4393 6886 -3432 -3070 292 0
1379 0
1380 0
1381 0
1382 1
1383 -1 -1 1391 8 0 0 0 0 0 30 0 0 0 0
1384 1
1385 -1 -1 2781 8 0 6 0 0 24 8 18 0 0 1
1386 -1 -1 2780 8 0 2 0 0 7 25 5 2 4 1390 -981 1540 -1608 -3936 14 695 4475 7767 -4459 -2762 343 1
1387 -1 -1 694 8 0 14 0 3 19 0 4 0 1 347 -4850 3183 2876 -7596 0 0
1388 1
1389 -1 -1 693 8 0 8 3 0 12 0 13 0 0 0
1390 1
1391 -1 -1 1385 8 0 0 0 6 0 0 1 2 44 1
1392 -1 -1 1384 8 0 1 0 0 18 3 0 0 9 692 4684 5566 1636 -5122 295 346 -4795 -599 329 -6801 42 173 -4127 -82 3828 5517 27 0
1393 1
1394 -1 -1 345 8 0 1 0 0 6 8 1 0 23 0
1395 0
1396 1
1397 -1 -1 1379 8 0 4 0 0 2 14 1 11 0 0
1398 0
1399 1
1400 -1 -1 5515 8 0 0 0 0 3 0 0 4 0 0
1401 1
1402 -1 -1 11029 8 0 1 0 0 0 0 0 0 0 1
1403 -1 -1 11028 8 0 2 0 0 0 0 0 70 0 5514 -4015 -6761 -1070 -2088 223 2757 47 4389 -1320 3629 1 1
1404 -1 -1 2756 8 0 4 0 0 15 0 6 13 2 1378 1066 -1382 3092 7730 253 689 1065 3385 -3090 3527 2 1
1405 -1 -1 688 8 0 31 0 5 17 0 6 9 1 344 -2584 -7947 4740 -5888 323 172 -4325 2453 -1246 265 31 86 -4080 -795 -4658 -5921 12 43 -2129 7926 -4699 -1633 12 0
1406 0
1407 0
1408 0
1409 1
1410 -1 -1 687 8 0 1 16 0 0 0 0 0 8 0
1411 1
1412 -1 -1 1373 8 0 0 2 0 1 0 0 2 0 0
1413 1
1414 -1 -1 2745 8 0 0 0 0 0 1 2 0 0 0
1415 1
1416 -1 -1 5489 8 0 0 1 0 0 0 0 0 0 0
1417 1
1418 -1 -1 10977 8 0 0 0 0 0 0 0 0 118 1
1419 -1 -1 10976 8 0 0 0 0 0 0 0 0 14 5488 -4355 -6429 -1362 1714 242 2744 -3786 -4618 -2070 -6957 25 1372 2024 2487 1164 2045 94 686 -259 3030 4983 -5432 12 343 -2897 5995 4795 5069 223 1
1420 -1 -1 342 8 0 15 19 0 4 0 6 6 0 171 -1402 -6325 804 -6 215 0
1421 0
1422 1
1423 -1 -1 683 8 0 0 0 0 0 0 4 0 31 0
1424 1
1425 -1 -1 1365 8 0 0 0 0 1 0 63 0 3 1
1426 -1 -1 1364 8 0 4 1 0 1 0 6 0 3 682 -2354 716 -4619 2125 24 341 -327 4795 2476 1594 34 0
1427 0
1428 0
1429 0
1430 1
1431 -1 -1 5455 8 0 2 2 0 0 3 0 0 0 0
1432 1
1433 -1 -1 10909 8 0 2 1 0 0 0 0 0 0 1
1434 -1 -1 10908 8 0 6 0 0 1 0 89 0 0 5454 3139 6467 -2846 2852 34 2727 2856 4335 -4523 1767 377 1
1435 -1 -1 2726 8 0 12 1 0 0 0 0 7 0 1363 -3343 -2497 -4496 1529 17 0
1436 0
1437 1
1438 -1 -1 5451 8 0 1 1 0 0 16 4 0 0 0
1439 1
1440 -1 -1 10901 8 0 14 0 0 0 0 19 0 0 1
1441 -1 -1 10900 8 0 39 44 0 2 0 11 0 0 5450 4359 1696 -3042 -448 6 2725 2600 5328 -3293 7996 95 1
1442 -1 -1 2724 8 0 32 0 0 9 0 0 0 1 1362 -2827 -4030 -1941 3911 28 681 -3310 1844 -3180 7021 13 0
1443 1
1444 -1 -1 1361 8 0 1 2 0 8 4 0 2 27 1
1445 -1 -1 1360 8 0 22 1 0 7 2 16 2 5 680 317 -5470 858 -188 186 340 -1740 -7268 4935 -7943 0 170 -1375 2839 -668 1006 9 85 4614 7133 1419 1411 178 0
1446 0
1447 0
1448 0
1449 1
1450 -1 -1 1359 8 0 0 3 37 2 0 3 0 0 0
1451 0
1452 1
1453 -1 -1 5435 8 0 0 6 9 16 4 4 2 0 0
1454 1
1455 -1 -1 10869 8 0 0 0 0 5 0 0 0 0 1
1456 -1 -1 10868 8 0 0 73 1 3 0 1 0 0 5434 -2515 3198 -380 -5956 20 2717 -4103 3826 -3759 -4389 8 1
1457 -1 -1 2716 8 0 3 0 0 0 0 3 0 10 1358 -3733 7650 -3455 4474 4 679 3633 6111 -2079 -7110 6 1
1458 -1 -1 678 8 0 18 6 0 3 33 1 0 0 339 -2825 7295 -1549 -555 3 0
1459 0
1460 1
1461 -1 -1 1355 8 0 2 0 3 1 0 33 0 0 1
1462 -1 -1 1354 8 0 28 0 19 2 0 1 0 7 677 -1827 -371 -3321 -6779 5 0
1463 0
1464 1
1465 -1 -1 2707 8 0 1 12 0 9 0 0 0 18 1
1466 -1 -1 2706 8 0 11 2 0 13 0 18 0 5 1353 -3863 7600 -587 -2762 17 0
1467 1
1468 -1 -1 2705 8 0 30 0 0 1 3 2 0 1 1
1469 -1 -1 2704 8 0 15 5 0 15 0 3 0 0 1352 -4340 -6946 -689 594 1 676 4444 7312 1419 732 11 338 856 6918 -606 578 30 169 -300 3698 4790 7548 389 0
1470 0
1471 0
1472 0
1473 1
1474 -1 -1 2703 8 0 2 0 0 1 4 0 0 0 0
1475 0
1476 1
1477 -1 -1 10811 8 0 0 0 0 0 0 0 53 0 1
1478 -1 -1 10810 8 0 5 0 0 0 0 0 18 0 5405 1074 241 -3144 -1085 15 1
1479 -1 -1 5404 8 0 3 0 0 1 0 1 0 0 2702 -2039 208 3859 -5997 161 1351 -331 429 -3115 -4697 15 1
1480 -1 -1 1350 8 0 2 0 0 8 12 0 2 0 675 288 -6313 -1090 3033 0 0
1481 0
1482 1
1483 -1 -1 2699 8 0 1 0 0 4 0 0 57 0 1
1484 -1 -1 2698 8 0 5 0 0 0 0 4 0 0 1349 617 2279 4587 -5970 66 0
1485 1
1486 -1 -1 2697 8 0 19 0 0 9 0 5 7 0 0
1487 1
1488 -1 -1 5393 8 0 27 0 0 6 0 1 0 0 0
1489 1
1490 -1 -1 10785 8 0 1 0 0 0 0 1 0 0 1
1491 -1 -1 10784 8 0 106 0 0 0 0 0 0 0 5392 1974 -208 -439 -1309 13 2696 -302 -3912 -3122 2436 20 1348 -3076 3890 -4427 -4702 5 674 -2757 -6915 -4755 3068 41 337 -579 7469 -854 4406 1 0
1492 0
1493 1
1494 -1 -1 1347 8 0 40 0 0 9 0 1 9 0 0
1495 1
1496 -1 -1 2693 8 0 7 0 0 6 0 37 0 1 1
1497 -1 -1 2692 8 0 19 0 0 34 9 5 0 0 1346 4393 5473 1947 6301 8 673 2103 -7169 4709 -4290 137 0
1498 0
1499 0
1500 1
1501 -1 -1 5383 8 0 16 0 0 4 0 0 0 0 1
1502 -1 -1 5382 8 0 7 2 0 2 0 5 3 47 2691 3742 4480 2948 -3163 371 1
1503 -1 -1 2690 8 0 22 3 3 6 0 25 0 2 1345 -4591 -6730 -3754 2970 272 0
1504 0
1505 1
1506 -1 -1 5379 8 0 2 0 0 11 0 0 0 0 0
1507 1
1508 -1 -1 10757 8 0 2 0 0 3 0 5 0 0 1
1509 -1 -1 10756 8 0 61 0 0 2 0 2 0 0 5378 2827 -214 953 -7264 10 2689 4855 5402 4002 -7770 79 0
1510 1
1511 -1 -1 5377 8 0 4 0 9 2 0 0 0 2 1
1512 -1 -1 5376 8 0 51 1 0 3 0 0 5 7 2688 1095 4827 3659 1490 384 1344 3377 -7319 -2024 6883 4 672 -3807 -7309 2528 -1877 281 336 -1823 4874 4140 -4806 23 168 -2053 3599 3248 6472 397 84 -3303 5221 -607 -5083 2 42 1798 -6227 -4981 2609 77 21 -4274 -387 -2925 -7705 5 0
1513 0
1514 0
1515 0
1516 1
1517 -1 -1 335 8 0 5 13 0 0 1 6 0 0 0
1518 1
1519 -1 -1 669 8 0 4 9 0 0 0 2 0 24 0
1520 1
1521 -1 -1 1337 8 0 0 3 0 0 0 0 0 1 0
1522 0
1523 1
1524 -1 -1 5347 8 0 0 0 0 0 0 0 0 9 0
1525 1
1526 -1 -1 10693 8 0 0 0 0 0 0 0 0 47 1
1527 -1 -1 10692 8 0 0 0 0 0 0 0 0 104 5346 -1744 697 -2040 -2011 192 2673 -2965 2222 -1894 802 75 1
1528 -1 -1 2672 8 0 0 0 0 1 0 0 0 0 1336 444 -3729 -209 5993 0 668 4536 4681 3893 -6131 279 334 3171 -6160 -4729 1947 399 167 -599 -894 4755 -7233 382 0
1529 0
1530 1
1531 -1 -1 667 8 0 0 4 0 0 7 3 0 0 0
1532 1
1533 -1 -1 1333 8 0 0 0 0 2 0 0 0 2 0
1534 0
1535 1
1536 -1 -1 5331 8 0 0 20 0 0 0 0 0 0 0
1537 1
1538 -1 -1 10661 8 0 0 45 0 0 0 0 0 0 1
1539 -1 -1 10660 8 0 0 32 0 0 0 0 0 0 5330 3629 -7962 -2638 3618 370 2665 2260 -6249 1516 -5127 233 0
1540 1
1541 -1 -1 5329 8 0 0 59 0 0 0 0 0 0 1
1542 -1 -1 5328 8 0 0 24 0 9 0 0 0 0 2664 -4813 -753 1109 1614 37 1332 -1630 -2502 2347 141 244 666 -4140 1014 4342 3655 354 333 4000 1028 -3484 -1138 381 0
1543 0
1544 0
1545 1
1546 -1 -1 2663 8 0 0 12 0 0 0 0 0 0 0
1547 1
1548 -1 -1 5325 8 0 0 1 0 0 0 0 0 0 0
1549 1
1550 -1 -1 10649 8 0 0 0 0 0 0 0 0 10 1
1551 -1 -1 10648 8 0 0 0 0 0 0 0 0 92 5324 -935 2509 3919 1571 306 2662 -3538 -3092 -4204 -6709 334 1331 -904 -5434 2818 -7503 14 1
1552 -1 -1 1330 8 0 1 38 0 0 0 0 0 11 665 2070 -4601 4409 495 394 0
1553 1
1554 -1 -1 1329 8 0 4 33 0 1 0 1 0 3 0
1555 1
1556 -1 -1 2657 8 0 2 2 0 13 0 0 0 24 0
1557 0
1558 1
1559 -1 -1 10627 8 0 3 0 0 0 0 46 0 0 1
1560 -1 -1 10626 8 0 3 14 0 6 0 14 0 4 5313 -4305 6160 3499 7934 7 1
1561 -1 -1 5312 8 0 3 5 0 20 0 3 0 1 2656 -1192 -1105 -4354 4665 21 1328 2096 344 -3316 -4336 52 664 2166 3341 2550 350 311 332 4961 3858 -35 538 170 166 4443 7268 -2657 4600 214 83 -522 -997 2039 3197 290 0
1562 0
1563 0
1564 1
1565 -1 -1 663 8 0 5 9 17 8 0 4 15 0 0
1566 1
1567 -1 -1 1325 8 0 0 2 0 6 2 43 5 4 1
1568 -1 -1 1324 8 0 10 2 0 17 0 4 5 0 662 1677 5280 -2246 -5644 20 331 -3874 7447 186 7935 0 0
1569 1
1570 -1 -1 661 8 0 1 2 0 2 16 0 0 0 0
1571 0
1572 1
1573 -1 -1 2643 8 0 26 0 0 5 1 0 28 0 1
1574 -1 -1 2642 8 0 31 1 0 0 0 0 0 0 1321 -3866 -6637 -19 3228 12 1
1575 -1 -1 1320 8 0 26 2 1 9 6 7 0 0 660 -2011 4725 4418 4283 46 330 -4410 -3416 -268 -670 32 165 -1421 347 -4437 -4145 7 0
1576 0
1577 1
1578 -1 -1 659 8 0 0 9 0 0 0 1 0 2 0
1579 1
1580 -1 -1 1317 8 0 0 0 0 2 0 1 0 0 1
1581 -1 -1 1316 8 0 0 0 0 1 0 0 0 67 658 716 -2438 1329 -1171 358 329 -1074 207 -4952 3111 0 1
1582 -1 -1 328 8 0 6 8 13 13 5 6 2 6 164 -2414 -5366 1014 123 30 82 -736 -84 3997 -2854 383 41 -1971 -6965 -4487 3013 65 0
1583 0
1584 0
1585 0
1586 0
1587 0
1588 1
1589 -1 -1 2623 8 0 0 0 10 0 0 0 0 0 0
1590 0
1591 1
1592 -1 -1 10491 8 0 0 0 0 0 51 0 0 0 1
1593 -1 -1 10490 8 0 0 0 0 0 24 0 0 0 5245 -504 4940 4251 -5797 147 1
1594 -1 -1 5244 8 0 1 2 1 0 8 0 4 0 2622 -1965 2115 -1844 -5946 243 1311 -498 -7241 2077 -5618 68 1
1595 -1 -1 1310 8 0 4 4 30 4 15 5 0 0 655 1213 -5741 -3173 -2488 7 0
1596 0
1597 1
1598 -1 -1 2619 8 0 0 0 9 0 6 0 0 2 0
1599 1
1600 -1 -1 5237 8 0 0 0 2 1 0 0 0 0 0
1601 1
1602 -1 -1 10473 8 0 0 0 50 0 0 0 0 0 1
1603 -1 -1 10472 8 0 0 0 58 0 0 0 0 0 5236 2503 2971 -3596 822 77 2618 4025 -1300 4260 4036 229 1309 -1704 -6729 -3807 -2945 4 1
1604 -1 -1 1308 8 0 0 1 0 1 3 0 0 12 654 -2247 4616 -4356 -1357 84 327 -4632 5209 4951 -4629 0 0
1605 0
1606 1
1607 -1 -1 1307 8 0 4 0 0 0 6 2 53 0 0
1608 0
1609 1
1610 -1 -1 5227 8 0 0 0 0 1 0 0 2 0 0
1611 1
1612 -1 -1 10453 8 0 0 0 0 0 0 0 0 95 1
1613 -1 -1 10452 8 0 0 0 0 1 0 0 0 0 5226 -3747 6548 2718 -4830 311 2613 -2069 2177 -395 5761 18 1
1614 -1 -1 2612 8 0 0 1 7 0 0 0 1 0 1306 -1857 6449 357 -6869 316 653 -4657 7902 3309 5710 0 0
1615 0
1616 1
1617 -1 -1 2611 8 0 0 0 0 4 0 1 0 2 0
1618 0
1619 1
1620 -1 -1 10443 8 0 0 0 3 1 2 0 0 0 1
1621 -1 -1 10442 8 0 0 0 1 0 63 0 0 0 5221 1662 -2672 -4760 -132 11 1
1622 -1 -1 5220 8 0 0 0 8 1 1 0 0 0 2610 -2174 5217 -950 -5593 210 1305 4066 6975 -2615 6859 64 0
1623 1
1624 -1 -1 2609 8 0 0 0 1 1 5 0 62 0 1
1625 -1 -1 2608 8 0 1 3 6 5 17 0 0 12 1304 887 5232 -4166 -7307 201 652 3231 7501 1010 -3456 266 326 -3671 4270 -4334 -7027 284 163 4680 -4531 2715 -2850 2 0
1626 0
1627 1
1628 -1 -1 651 8 0 0 7 0 0 27 0 1 2 0
1629 1
1630 -1 -1 1301 8 0 1 4 3 4 20 5 0 10 0
1631 0
1632 0
1633 1
1634 -1 -1 10407 8 0 0 0 1 0 0 0 0 0 1
1635 -1 -1 10406 8 0 0 0 0 0 0 0 0 137 5203 3258 6508 -4496 -2902 225 1
1636 -1 -1 5202 8 0 0 1 8 1 0 0 0 37 2601 -3882 -1934 -490 -314 20 0
1637 1
1638 -1 -1 5201 8 0 0 0 0 0 0 0 0 41 1
1639 -1 -1 5200 8 0 0 9 3 10 6 4 0 17 2600 -4105 -1938 4248 637 306 1300 -692 6954 -150 -1677 20 650 327 -366 -3585 -3071 15 325 -3622 -741 4130 -1976 400 0
1640 0
1641 1
1642 -1 -1 1299 8 0 0 0 1 0 2 0 0 32 0
1643 1
1644 -1 -1 2597 8 0 0 15 0 2 23 0 2 15 0
1645 1
1646 -1 -1 5193 8 0 2 0 0 2 1 20 2 0 1
1647 -1 -1 5192 8 0 0 14 0 17 1 18 0 3 2596 670 -1873 4933 4 359 1298 -4464 5587 178 -7570 217 649 4724 -4248 -2296 -925 52 0
1648 0
1649 1
1650 -1 -1 2595 8 0 0 0 5 2 11 0 2 0 1
1651 -1 -1 2594 8 0 1 3 43 1 0 3 1 0 1297 -1775 4606 774 6729 0 0
1652 1
1653 -1 -1 2593 8 0 0 27 4 5 3 0 0 27 1
1654 -1 -1 2592 8 0 1 1 7 11 19 0 1 3 1296 4826 -5714 -2711 -2900 41 648 -462 3733 250 -6804 9 324 -4759 -2294 -553 -6287 3 162 -3270 354 841 -720 28 81 -2060 5080 665 -35 149 0
1655 0
1656 0
1657 0
1658 1
1659 -1 -1 1295 8 0 1 14 3 0 7 1 1 20 1
1660 -1 -1 1294 8 0 0 2 15 5 0 10 1 0 647 -4833 1613 -2408 -754 3 0
1661 0
1662 0
1663 1
1664 -1 -1 5175 8 0 0 0 0 0 0 7 0 0 0
1665 1
1666 -1 -1 10349 8 0 1 0 1 1 0 4 0 0 1
1667 -1 -1 10348 8 0 0 1 0 142 2 3 1 1 5174 -3597 7353 -213 287 62 2587 4462 1692 231 -684 62 0
1668 1
1669 -1 -1 5173 8 0 3 0 0 33 0 1 2 0 1
1670 -1 -1 5172 8 0 3 9 12 30 6 0 2 1 2586 1204 -6025 801 7319 2 1293 -1433 1840 -3316 -4021 8 0
1671 0
1672 0
1673 1
1674 -1 -1 10343 8 0 1 0 0 10 0 52 0 0 1
1675 -1 -1 10342 8 0 0 0 2 5 0 0 0 0 5171 -84 -7468 2413 3317 15 0
1676 1
1677 -1 -1 10341 8 0 8 1 2 78 2 21 4 5 1
1678 -1 -1 10340 8 0 1 8 16 35 18 11 0 0 5170 2389 134 4448 4966 0 2585 -1657 -7706 3449 -180 350 0
1679 1
1680 -1 -1 5169 8 0 4 0 0 1 38 1 0 2 0
1681 1
1682 -1 -1 10337 8 0 0 4 0 1 14 13 0 0 1
1683 -1 -1 10336 8 0 1 1 12 23 7 6 3 1 5168 3541 7983 -4445 -522 73 2584 -2168 -904 -831 4555 316 1292 -2565 -6724 4977 -1630 1 646 -240 -983 2634 -7169 220 323 -3565 -7124 -2287 1553 113 0
1684 0
1685 1
1686 -1 -1 1291 8 0 3 1 0 0 16 0 0 0 0
1687 1
1688 -1 -1 2581 8 0 0 0 0 0 8 5 0 29 0
1689 0
1690 1
1691 -1 -1 10323 8 0 0 0 1 8 0 3 4 0 1
1692 -1 -1 10322 8 0 0 1 0 8 0 1 0 48 5161 -4977 -6939 -4361 -1027 7 1
1693 -1 -1 5160 8 0 1 5 9 16 0 0 1 1 2580 -1252 -7381 4253 5442 308 1290 -1088 1120 -3222 -2962 23 645 -2941 -580 2424 1564 387 0
1694 0
1695 1
1696 -1 -1 2579 8 0 3 0 0 8 0 8 17 1 1
1697 -1 -1 2578 8 0 26 2 0 3 13 0 0 0 1289 -4274 7798 -728 70 0 0
1698 0
1699 1
1700 -1 -1 5155 8 0 2 29 18 0 9 0 2 0 0
1701 1
1702 -1 -1 10309 8 0 0 0 0 0 0 4 10 1 1
1703 -1 -1 10308 8 0 1 2 5 8 46 2 0 2 5154 4973 -4099 2010 -5999 3 2577 -2540 -5038 4991 -2242 264 0
1704 0
1705 1
1706 -1 -1 10307 8 0 1 0 1 21 0 0 3 7 1
1707 -1 -1 10306 8 0 6 205 2 28 5 2 6 2 5153 667 -2824 4576 4348 249 0
1708 1
1709 -1 -1 10305 8 0 2 46 9 6 9 1 5 8 1
1710 -1 -1 10304 8 0 12 44 65 192 13 8 4 10 5152 -2331 3490 -3322 -2826 114 2576 -4482 -2636 -1648 -5416 17 1288 -4724 6563 -2291 1828 69 644 -1644 -2384 -83 -6772 399 322 -411 -7872 -1787 7852 294 161 -72 -5487 -2448 -6522 1 0
1711 0
1712 0
1713 1
1714 -1 -1 1287 8 0 2 0 0 2 0 3 0 51 1
1715 -1 -1 1286 8 0 1 34 0 16 0 0 0 15 643 -2097 -5443 -1026 4337 356 0
1716 0
1717 1
1718 -1 -1 2571 8 0 0 0 0 14 0 20 1 0 1
1719 -1 -1 2570 8 0 6 0 30 15 0 18 0 0 1285 -3371 275 3845 -7262 4 0
1720 1
1721 -1 -1 2569 8 0 8 0 5 5 6 22 0 0 0
1722 1
1723 -1 -1 5137 8 0 1 6 0 0 0 0 0 14 0
1724 1
1725 -1 -1 10273 8 0 10 0 0 3 0 0 9 0 1
1726 -1 -1 10272 8 0 48 0 2 18 0 0 0 0 5136 2131 -2474 -547 4129 390 2568 -4085 -2814 75 -1188 15 1284 4163 -6042 938 1790 64 642 713 4245 -626 -7114 12 321 2000 -5397 -1889 1070 202 0
1727 0
1728 0
1729 0
1730 1
1731 -1 -1 5135 8 0 0 7 1 2 11 6 0 13 0
1732 1
1733 -1 -1 10269 8 0 0 0 0 2 0 42 0 0 1
1734 -1 -1 10268 8 0 1 0 0 19 0 16 0 0 5134 186 -998 -3831 -4251 40 2567 -3548 -4020 3903 -6589 0 1
1735 -1 -1 2566 8 0 7 0 9 9 40 4 0 0 1283 -3315 -4003 3213 5615 79 0
1736 0
1737 0
1738 1
1739 -1 -1 10263 8 0 0 0 0 0 0 0 85 0 1
1740 -1 -1 10262 8 0 0 0 0 0 18 0 21 5 5131 3127 -5983 -1987 -1364 36 0
1741 1
1742 -1 -1 10261 8 0 0 1 0 2 2 0 0 65 1
1743 -1 -1 10260 8 0 0 7 1 11 75 0 35 4 5130 -4633 -5683 4005 6849 319 2565 3392 -3906 -491 4833 298 0
1744 0
1745 1
1746 -1 -1 10259 8 0 0 0 1 2 1 0 0 37 1
1747 -1 -1 10258 8 0 2 0 0 23 1 36 0 3 5129 2584 -123 -147 -7921 40 0
1748 1
1749 -1 -1 10257 8 0 8 25 12 26 9 10 29 32 1
1750 -1 -1 10256 8 0 0 0 18 76 23 5 70 0 5128 4219 -5278 -198 -2117 30 2564 3456 -3307 4968 4863 360 1282 -50 -688 -3163 1457 49 641 131 -920 2021 2584 339 0
1751 0
1752 0
1753 1
1754 -1 -1 5127 8 0 2 0 0 4 0 0 0 2 0
1755 1
1756 -1 -1 10253 8 0 0 0 0 0 3 4 0 0 1
1757 -1 -1 10252 8 0 1 0 0 0 0 0 84 0 5126 2734 1303 -885 -5219 65 2563 -1515 -607 2710 4669 371 1
1758 -1 -1 2562 8 0 5 0 6 4 2 34 11 3 1281 -3075 -7840 -3963 -1611 2 0
1759 0
1760 0
1761 1
1762 -1 -1 10247 8 0 0 0 0 1 2 0 86 0 1
1763 -1 -1 10246 8 0 3 1 1 0 1 0 0 3 5123 230 -6578 -925 2464 21 0
1764 1
1765 -1 -1 10245 8 0 0 0 0 0 1 2 6 0 1
1766 -1 -1 10244 8 0 5 65 3 4 0 0 0 2 5122 -3010 -3492 -314 -961 19 2561 -1333 -7261 -1255 -2320 18 0
1767 0
1768 1
1769 -1 -1 10243 8 0 0 6 23 6 5 1 0 29 1
1770 -1 -1 10242 8 0 0 84 18 22 1 7 0 4 5121 4645 -6864 -4894 3886 23 0
1771 1
1772 -1 -1 10241 8 0 2 96 129 28 33 3 16 17 1
1773 -1 -1 10240 8 0 9 49 159 56 228 20 103 24 5120 683 -7877 4989 -2108 238 2560 -2076 3302 3083 5560 200 1280 -3593 -6787 -3817 811 297 640 100 42 -4422 6558 352 320 4646 -5704 4667 2961 272 160 -248 -6700 4996 -443 396 80 -3889 2549 4495 -3423 9 40 -4035 3473 -564 -582 36 20 -1137 -6207 4237 -2182 395 10 885 -2067 4233 -226 394 5 998 266 -1533 700 165 0
1774 0
1775 0
1776 0
1777 0
1778 0
1779 0
1780 0
1781 1
1782 -1 -1 1279 8 0 0 4 0 3 0 1 0 2 0
1783 1
1784 -1 -1 2557 8 0 0 0 0 7 0 45 0 0 0
1785 1
1786 -1 -1 5113 8 0 5 0 0 30 0 31 0 0 1
1787 -1 -1 5112 8 0 7 1 0 1 0 0 0 0 2556 4018 2788 4264 -7105 5 1278 1721 7710 3939 1387 37 639 2014 3071 4826 6062 27 1
1788 -1 -1 638 8 0 9 0 0 3 0 0 0 4 319 3153 3942 -3520 -1215 27 1
1789 -1 -1 318 8 0 21 0 0 21 0 0 0 3 159 1550 2116 2421 -5628 9 0
1790 1
1791 -1 -1 317 8 0 9 0 14 2 0 1 0 0 0
1792 1
1793 -1 -1 633 8 0 4 14 0 1 0 0 6 0 1
1794 -1 -1 632 8 0 3 0 0 5 0 27 1 25 316 1502 -1438 4495 6989 6 158 -4772 -3008 612 -6780 194 79 4818 -2288 -3763 -6017 398 0
1795 0
1796 0
1797 1
1798 -1 -1 631 8 0 14 0 17 3 9 0 0 5 1
1799 -1 -1 630 8 0 10 0 0 4 0 14 1 2 315 -1856 -51 698 4302 0 0
1800 1
1801 -1 -1 629 8 0 27 0 4 13 0 5 0 1 0
1802 1
1803 -1 -1 1257 8 0 16 0 0 4 1 0 0 0 0
1804 1
1805 -1 -1 2513 8 0 2 0 0 0 0 1 0 0 0
1806 1
1807 -1 -1 5025 8 0 1 0 0 0 0 0 0 0 0
1808 1
1809 -1 -1 10049 8 0 1 0 0 0 0 0 0 0 1
1810 -1 -1 10048 8 0 138 0 0 0 0 0 0 0 5024 1874 -7852 4083 2250 124 2512 -1166 -6235 718 36 251 1256 3658 -2348 3480 580 10 628 207 -5850 -3067 -6706 375 314 -490 -2716 3911 -7168 0 157 4075 -4241 2142 5881 67 0
1811 0
1812 1
1813 -1 -1 627 8 0 7 18 5 0 0 0 0 24 0
1814 1
1815 -1 -1 1253 8 0 13 20 0 9 0 0 0 2 1
1816 -1 -1 1252 8 0 16 1 3 0 0 7 14 1 626 -11 5965 -2933 -1563 393 313 2371 1884 -338 2886 144 0
1817 1
1818 -1 -1 625 8 0 9 0 0 1 23 0 0 0 0
1819 1
1820 -1 -1 1249 8 0 18 1 3 1 4 0 0 5 0
1821 1
1822 -1 -1 2497 8 0 9 0 0 0 8 0 2 1 1
1823 -1 -1 2496 8 0 3 6 0 3 0 1 49 0 1248 73 2208 191 -7399 394 624 -3743 7386 3656 -3854 355 312 4104 -5305 -4221 -2865 298 156 4013 6316 4325 -5570 259 78 3925 -3922 -2800 -5189 308 39 2738 7118 4172 2500 2 0
1824 0
1825 1
1826 -1 -1 155 8 0 12 5 2 17 0 1 8 9 0
1827 1
1828 -1 -1 309 8 0 8 0 0 6 0 23 0 1 1
1829 -1 -1 308 8 0 28 0 1 15 0 1 0 0 154 -4619 -6351 -2540 7115 74 77 2296 4831 -2778 2914 2 0
1830 0
1831 0
1832 1
1833 -1 -1 615 8 0 1 16 0 0 0 0 0 0 0
1834 0
1835 1
1836 -1 -1 2459 8 0 1 0 2 5 4 1 0 16 1
1837 -1 -1 2458 8 0 0 0 57 3 0 1 0 0 1229 1367 -183 -886 5325 359 0
1838 0
1839 1
1840 -1 -1 4915 8 0 0 0 0 0 0 0 2 0 0
1841 1
1842 -1 -1 9829 8 0 0 0 0 0 1 0 0 0 1
1843 -1 -1 9828 8 0 0 0 0 0 0 0 0 75 4914 -1720 -2778 2198 -6415 78 2457 1477 -1277 -4322 1938 281 1
1844 -1 -1 2456 8 0 1 1 3 14 0 0 0 21 1228 1849 332 -1678 7374 19 614 4106 797 -4102 5261 280 307 -4538 -5709 -190 -1332 394 0
1845 1
1846 -1 -1 613 8 0 0 1 6 3 0 27 0 5 1
1847 -1 -1 612 8 0 7 1 0 34 0 24 0 0 306 2698 1961 -3575 2831 171 153 3841 -6737 407 3421 219 0
1848 0
1849 1
1850 -1 -1 611 8 0 5 2 3 13 0 0 19 3 0
1851 1
1852 -1 -1 1221 8 0 1 3 13 2 0 0 0 19 0
1853 0
1854 0
1855 1
1856 -1 -1 9767 8 0 0 2 0 0 0 0 0 0 1
1857 -1 -1 9766 8 0 0 83 0 0 0 0 0 0 4883 -2163 -606 2180 -3594 147 1
1858 -1 -1 4882 8 0 0 0 0 0 0 2 0 0 2441 4716 5755 4695 -395 5 0
1859 0
1860 1
1861 -1 -1 9763 8 0 5 45 0 2 0 0 11 0 1
1862 -1 -1 9762 8 0 0 2 11 0 0 0 14 0 4881 4771 2903 -3460 -4526 291 0
1863 1
1864 -1 -1 9761 8 0 0 49 24 0 0 3 0 7 1
1865 -1 -1 9760 8 0 0 14 0 0 6 0 1 0 4880 3734 1110 3012 -4172 7 2440 -808 6549 2286 -6980 370 1220 1498 5147 227 2050 297 610 1412 2042 1452 6650 386 305 -3408 -4417 4578 -7621 2 0
1866 0
1867 0
1868 0
1869 1
1870 -1 -1 4879 8 0 0 4 14 6 6 0 0 1 1
1871 -1 -1 4878 8 0 0 0 5 3 2 0 41 5 2439 3483 7237 3276 3302 20 1
1872 -1 -1 2438 8 0 2 0 0 29 5 7 3 10 1219 3635 4963 1900 2120 9 0
1873 0
1874 0
1875 1
1876 -1 -1 9751 8 0 0 7 3 0 2 0 0 14 1
1877 -1 -1 9750 8 0 0 2 43 0 4 6 0 3 4875 4717 5520 -3544 -7850 357 0
1878 1
1879 -1 -1 9749 8 0 0 18 2 6 1 0 2 24 1
1880 -1 -1 9748 8 0 2 0 0 8 3 2 2 0 4874 162 326 1902 -7737 188 2437 1303 6 -2756 1932 319 0
1881 0
1882 1
1883 -1 -1 9747 8 0 0 0 0 4 3 2 1 0 1
1884 -1 -1 9746 8 0 0 4 0 8 0 2 0 132 4873 -1626 2511 642 4844 2 0
1885 1
1886 -1 -1 9745 8 0 0 23 3 1 2 2 0 1 1
1887 -1 -1 9744 8 0 0 22 1 8 2 0 13 55 4872 879 7225 4481 3936 9 2436 124 -1348 -1186 -5413 329 1218 4247 1105 2645 -2097 12 609 2425 7495 -4928 3401 317 0
1888 0
1889 0
1890 0
1891 1
1892 -1 -1 9743 8 0 0 34 0 0 4 0 1 1 1
1893 -1 -1 9742 8 0 0 2 27 1 0 0 0 2 4871 507 -564 -3665 -2265 303 0
1894 1
1895 -1 -1 9741 8 0 0 33 3 2 71 2 70 3 1
1896 -1 -1 9740 8 0 1 37 35 12 11 0 93 5 4870 500 -1231 3253 5639 217 2435 285 -1195 2316 -7860 283 0
1897 0
1898 1
1899 -1 -1 9739 8 0 1 39 3 0 0 0 0 0 1
1900 -1 -1 9738 8 0 0 9 44 12 22 0 4 11 4869 4853 -2065 -2369 3631 264 0
1901 1
1902 -1 -1 9737 8 0 3 13 1 2 6 0 58 8 1
1903 -1 -1 9736 8 0 1 77 12 36 2 7 30 105 4868 -4931 6123 690 -3239 343 2434 2947 2842 -1516 6159 198 1217 2086 -133 -3751 5177 240 0
1904 0
1905 1
1906 -1 -1 4867 8 0 1 0 0 5 2 1 11 30 0
1907 1
1908 -1 -1 9733 8 0 1 0 30 6 111 0 0 5 1
1909 -1 -1 9732 8 0 0 33 151 17 74 1 25 29 4866 3942 -3224 -4564 -3017 70 2433 597 6038 -669 -6965 354 0
1910 1
1911 -1 -1 4865 8 0 0 24 0 14 7 4 7 1 0
1912 1
1913 -1 -1 9729 8 0 1 0 12 9 14 1 2 0 1
1914 -1 -1 9728 8 0 0 0 10 21 0 20 11 7 4864 3708 -2450 -2862 -2589 45 2432 543 378 748 -5618 144 1216 963 350 1985 -6880 173 608 4941 -3044 4265 3841 0 304 3900 1468 -2280 -3823 301 152 3925 7965 4994 -4654 366 76 3904 -7004 -722 -7055 334 38 18 144 1595 -5806 399 19 2222 -323 -2704 -6773 398 0
1915 0
1916 0
1917 0
1918 1
1919 -1 -1 303 8 0 3 1 2 16 9 5 6 1 0
1920 0
1921 0
1922 1
1923 -1 -1 2423 8 0 1 1 0 5 2 0 0 0 0
1924 0
1925 1
1926 -1 -1 9691 8 0 0 0 0 3 0 2 0 0 1
1927 -1 -1 9690 8 0 5 0 0 6 0 223 0 0 4845 -1355 -4724 3169 3171 204 1
1928 -1 -1 4844 8 0 0 0 0 15 0 34 0 0 2422 -3439 63 -197 -3670 21 1211 -4003 2583 3352 -7859 181 1
1929 -1 -1 1210 8 0 1 0 0 6 0 35 13 0 605 759 7864 4644 4522 13 0
1930 0
1931 0
1932 0
1933 1
1934 -1 -1 9679 8 0 4 0 0 3 0 0 0 0 1
1935 -1 -1 9678 8 0 6 0 0 10 0 64 0 0 4839 -573 -3427 -3272 -3421 22 1
1936 -1 -1 4838 8 0 0 0 0 2 0 65 0 0 2419 2811 4964 -1778 4428 2 1
1937 -1 -1 2418 8 0 0 0 0 13 0 11 0 0 1209 4884 3317 2169 -770 19 0
1938 0
1939 1
1940 -1 -1 4835 8 0 2 0 0 16 1 48 0 0 1
1941 -1 -1 4834 8 0 0 0 0 17 0 3 0 0 2417 3061 -575 843 -2602 8 1
1942 -1 -1 2416 8 0 4 0 0 32 0 2 0 0 1208 -4093 -3112 -2836 -7194 5 604 4471 265 -3491 -6596 47 302 -3227 -7150 -1422 -6876 1 151 1211 6559 -2768 -6642 274 0
1943 0
1944 1
1945 -1 -1 603 8 0 1 1 0 6 0 1 0 13 0
1946 1
1947 -1 -1 1205 8 0 0 0 0 9 0 0 10 0 1
1948 -1 -1 1204 8 0 1 1 0 8 0 49 0 0 602 3669 6564 -2050 -3808 210 301 2757 -7812 663 -3043 0 1
1949 -1 -1 300 8 0 5 45 1 5 2 1 0 9 150 -2279 -1352 -2341 -7113 8 75 1153 7968 1055 4193 6 0
1950 0
1951 1
1952 -1 -1 299 8 0 1 19 7 19 23 0 0 0 0
1953 1
1954 -1 -1 597 8 0 14 0 1 8 1 1 1 2 1
1955 -1 -1 596 8 0 4 32 0 15 0 9 0 2 298 1798 -3483 -2913 5400 1 149 327 4994 -2341 -840 34 0
1956 1
1957 -1 -1 297 8 0 22 0 0 5 0 18 8 16 0
1958 1
1959 -1 -1 593 8 0 0 0 8 3 32 3 0 1 0
1960 0
1961 1
1962 -1 -1 2371 8 0 0 4 3 6 0 43 4 0 0
1963 1
1964 -1 -1 4741 8 0 9 0 0 28 0 27 0 1 1
1965 -1 -1 4740 8 0 1 0 1 35 0 4 0 0 2370 -3315 -3700 4216 -4883 2 1185 2461 3331 150 -4540 41 0
1966 1
1967 -1 -1 2369 8 0 6 1 0 4 3 0 3 10 0
1968 1
1969 -1 -1 4737 8 0 0 0 1 28 0 5 1 0 1
1970 -1 -1 4736 8 0 8 0 0 14 26 6 0 0 2368 1781 7646 -4631 2678 93 1184 2352 1891 -134 -7101 162 592 -2045 4840 4384 -5041 23 296 -2841 -6073 4027 -666 14 148 -3311 7019 2826 -7748 275 74 -2520 -6137 4150 6377 5 37 -2772 2177 -3275 -4453 25 0
1971 0
1972 0
1973 0
1974 1
1975 -1 -1 591 8 0 1 0 22 0 1 0 0 0 0
1976 1
1977 -1 -1 1181 8 0 1 0 0 8 0 1 18 0 0
1978 1
1979 -1 -1 2361 8 0 0 0 0 1 61 0 0 0 1
1980 -1 -1 2360 8 0 1 0 0 1 9 4 9 2 1180 4471 7075 -2197 -619 245 590 -4916 -418 2066 6810 400 295 3762 7609 4202 -260 256 0
1981 0
1982 1
1983 -1 -1 1179 8 0 0 4 0 6 6 4 37 1 0
1984 0
1985 1
1986 -1 -1 4715 8 0 1 0 0 7 0 7 10 1 0
1987 1
1988 -1 -1 9429 8 0 1 4 0 2 0 0 0 0 1
1989 -1 -1 9428 8 0 6 0 2 16 0 128 0 0 4714 233 2444 894 -7573 336 2357 -4409 5889 1670 -2469 64 0
1990 0
1991 1
1992 -1 -1 9427 8 0 1 0 0 4 2 25 5 0 1
1993 -1 -1 9426 8 0 0 0 2 8 8 7 32 0 4713 -452 -5388 -249 -7537 6 1
1994 -1 -1 4712 8 0 3 0 0 22 0 17 2 0 2356 4865 -7364 -1670 -4137 0 1178 4979 6125 1543 -5151 78 589 -1514 7770 4705 5119 288 0
1995 0
1996 1
1997 -1 -1 2355 8 0 5 0 0 12 0 0 0 14 0
1998 1
1999 -1 -1 4709 8 0 2 0 1 0 0 8 0 7 0
2000 1
2001 -1 -1 9417 8 0 0 0 0 8 4 3 2 2 1
2002 -1 -1 9416 8 0 4 0 0 18 0 7 174 0 4708 1649 -1741 4528 -2498 4 2354 4098 -4607 1045 -6749 54 1177 -17 -5651 -413 -2917 3 0
2003 0
2004 1
2005 -1 -1 4707 8 0 3 0 2 4 10 2 2 0 0
2006 1
2007 -1 -1 9413 8 0 3 2 0 10 1 16 6 0 1
2008 -1 -1 9412 8 0 3 0 0 10 2 3 48 0 4706 4529 2354 -2278 834 31 2353 2140 6544 -3353 -4365 45 1
2009 -1 -1 2352 8 0 7 1 28 10 2 9 9 0 1176 -2007 -1353 -4142 4329 1 588 -4340 634 -662 -5445 20 294 3634 4552 2570 2213 10 147 -4210 3627 1148 6087 371 0
2010 0
2011 0
2012 1
2013 -1 -1 1175 8 0 22 0 0 0 0 20 0 0 1
2014 -1 -1 1174 8 0 7 0 0 6 2 7 34 0 587 4618 -2706 1308 -5251 35 0
2015 1
2016 -1 -1 1173 8 0 6 0 1 4 1 17 0 0 1
2017 -1 -1 1172 8 0 5 0 0 35 0 13 0 0 586 4375 5173 4484 -942 11 293 3246 -600 821 -4720 31 0
2018 0
2019 0
2020 1
2021 -1 -1 2343 8 0 1 1 1 4 0 13 0 0 0
2022 1
2023 -1 -1 4685 8 0 0 0 0 0 53 0 0 0 0
2024 1
2025 -1 -1 9369 8 0 0 0 5 0 55 1 6 0 1
2026 -1 -1 9368 8 0 1 0 2 6 12 3 22 0 4684 629 4136 -2953 2423 20 2342 3782 411 150 7451 396 1171 1045 -2497 -888 -6437 19 0
2027 0
2028 0
2029 1
2030 -1 -1 9367 8 0 1 0 9 0 45 0 0 0 1
2031 -1 -1 9366 8 0 0 0 3 5 7 22 1 0 4683 1340 3152 -3787 2817 20 0
2032 1
2033 -1 -1 9365 8 0 0 0 21 1 2 0 0 0 1
2034 -1 -1 9364 8 0 9 0 2 18 4 15 0 0 4682 -4695 5860 -2157 -36 18 2341 -464 6002 4470 -4810 17 0
2035 1
2036 -1 -1 4681 8 0 0 0 40 7 10 0 1 0 1
2037 -1 -1 4680 8 0 3 3 4 20 3 0 12 0 2340 -2509 5992 -2667 719 23 1170 -2665 -882 -3293 -7913 7 585 -4475 3041 1663 -5844 20 0
2038 0
2039 0
2040 0
2041 1
2042 -1 -1 9359 8 0 0 0 0 10 0 10 0 0 1
2043 -1 -1 9358 8 0 0 0 1 7 13 0 30 31 4679 -1391 -5890 -4162 2140 231 1
2044 -1 -1 4678 8 0 0 28 10 10 11 3 2 2 2339 4959 -2505 -1488 2247 166 0
2045 1
2046 -1 -1 4677 8 0 0 0 0 0 49 0 1 0 1
2047 -1 -1 4676 8 0 0 2 21 1 11 0 2 3 2338 4218 6585 -2790 3136 14 1169 3473 -245 910 -4504 14 0
2048 0
2049 1
2050 -1 -1 4675 8 0 0 19 3 8 0 0 1 5 0
2051 1
2052 -1 -1 9349 8 0 11 0 11 10 6 33 1 0 1
2053 -1 -1 9348 8 0 23 2 4 58 0 13 0 0 4674 -3500 5910 16 -2167 0 2337 806 -1048 -4372 -6541 106 0
2054 1
2055 -1 -1 4673 8 0 3 20 0 15 2 0 18 0 0
2056 1
2057 -1 -1 9345 8 0 0 1 26 1 3 0 0 0 1
2058 -1 -1 9344 8 0 11 3 11 12 0 0 3 0 4672 -1059 7171 -3072 3759 22 2336 3090 -3621 -3874 6580 19 1168 76 -2846 -4611 -6560 11 584 1549 -1664 -3849 4726 155 292 -1770 628 919 -3755 1 146 3808 -4069 -2224 4870 394 73 -2009 232 1208 -5553 12 0
2059 0
2060 0
2061 0
2062 1
2063 -1 -1 1167 8 0 2 3 1 27 2 17 0 0 1
2064 -1 -1 1166 8 0 1 2 8 0 31 0 0 0 583 -325 5522 -1210 -4631 4 0
2065 0
2066 1
2067 -1 -1 2331 8 0 0 8 0 2 0 2 0 23 1
2068 -1 -1 2330 8 0 3 0 0 19 1 7 2 7 1165 163 -505 -954 1049 264 1
2069 -1 -1 1164 8 0 0 2 5 3 3 0 19 2 582 4536 -1113 2487 -7806 3 291 -4591 5630 -4262 2816 5 0
2070 0
2071 0
2072 1
2073 -1 -1 2327 8 0 4 0 0 5 1 39 0 0 1
2074 -1 -1 2326 8 0 3 0 0 33 0 16 2 0 1163 1179 1801 1053 -7560 56 0
2075 1
2076 -1 -1 2325 8 0 1 1 0 13 0 23 6 4 0
2077 1
2078 -1 -1 4649 8 0 0 0 0 5 1 2 60 0 1
2079 -1 -1 4648 8 0 3 1 2 3 3 19 16 0 2324 -3566 1532 2020 -658 10 1162 -2363 -2698 -580 -5783 15 581 1733 -1624 -4520 -724 148 0
2080 0
2081 0
2082 0
2083 1
2084 -1 -1 9295 8 0 0 0 0 2 0 3 35 0 1
2085 -1 -1 9294 8 0 12 0 0 14 0 44 4 0 4647 2773 -5001 -393 -7052 23 1
2086 -1 -1 4646 8 0 3 0 0 4 24 4 0 0 2323 16 148 -4761 -3836 9 0
2087 1
2088 -1 -1 4645 8 0 0 0 0 4 0 36 2 0 0
2089 1
2090 -1 -1 9289 8 0 10 0 0 8 0 4 1 0 1
2091 -1 -1 9288 8 0 18 0 0 22 0 83 0 0 4644 -4463 -3512 -1342 -7355 16 2322 2478 5572 -4674 -7734 213 1161 4427 3753 -1797 -4815 45 0
2092 0
2093 0
2094 1
2095 -1 -1 9287 8 0 24 0 1 204 0 104 18 0 1
2096 -1 -1 9286 8 0 12 0 20 63 38 2 4 1 4643 -40 6028 -1121 2927 8 0
2097 1
2098 -1 -1 9285 8 0 7 0 12 12 19 11 5 0 1
2099 -1 -1 9284 8 0 35 0 12 65 1 216 11 0 4642 909 3177 -434 -513 13 2321 585 2558 -3052 -7532 25 0
2100 0
2101 1
2102 -1 -1 9283 8 0 5 0 1 3 0 0 0 8 1
2103 -1 -1 9282 8 0 0 0 2 31 12 6 1 2 4641 -1205 -2885 925 5313 325 0
2104 1
2105 -1 -1 9281 8 0 0 1 1 30 1 43 6 0 1
2106 -1 -1 9280 8 0 10 0 10 250 1 25 1 0 4640 4071 4126 3144 -2057 36 2320 678 348 -1647 -7346 240 1160 -3746 6018 -3475 -6039 2 580 1017 -6301 -3893 6229 398 290 2743 2323 1094 -1984 29 145 3526 4097 2420 -4838 210 0
2107 0
2108 0
2109 1
2110 -1 -1 1159 8 0 13 9 12 0 0 1 1 3 0
2111 1
2112 -1 -1 2317 8 0 3 0 0 3 5 3 0 0 0
2113 1
2114 -1 -1 4633 8 0 0 0 1 1 0 3 0 1 0
2115 1
2116 -1 -1 9265 8 0 7 0 0 4 0 0 0 0 1
2117 -1 -1 9264 8 0 72 0 2 0 0 4 0 0 4632 29 4953 3135 6951 264 2316 2792 6394 2650 3025 3 1158 -3013 228 2957 491 34 579 -898 -3447 -4226 690 276 0
2118 1
2119 -1 -1 1157 8 0 6 0 0 6 0 38 0 3 1
2120 -1 -1 1156 8 0 7 0 5 6 0 1 2 0 578 2488 7777 4163 -757 1 289 3427 6319 3941 7664 0 0
2121 0
2122 1
2123 -1 -1 1155 8 0 2 4 1 10 0 14 18 0 0
2124 1
2125 -1 -1 2309 8 0 0 9 0 2 3 0 1 5 0
2126 1
2127 -1 -1 4617 8 0 0 2 20 1 0 1 4 1 1
2128 -1 -1 4616 8 0 2 1 12 10 19 1 0 0 2308 -2847 -2349 3922 -4278 19 1154 436 3967 1449 -5148 94 577 2194 -3445 -4622 1385 258 0
2129 0
2130 0
2131 1
2132 -1 -1 4615 8 0 6 0 0 4 0 2 4 0 0
2133 1
2134 -1 -1 9229 8 0 10 0 0 3 0 0 0 0 1
2135 -1 -1 9228 8 0 10 0 0 31 0 55 0 0 4614 -1404 2852 -4776 -4700 36 2307 -4619 -7937 4659 -7668 4 0
2136 0
2137 1
2138 -1 -1 9227 8 0 0 5 1 31 2 1 1 0 1
2139 -1 -1 9226 8 0 12 0 34 21 0 4 4 3 4613 4784 -700 718 7889 212 0
2140 1
2141 -1 -1 9225 8 0 4 4 1 55 13 8 2 3 1
2142 -1 -1 9224 8 0 43 1 0 40 8 30 7 0 4612 2636 -7659 1943 7368 145 2306 -1770 981 -2699 -1003 6 1153 3716 -887 -4820 5415 391 0
2143 0
2144 0
2145 1
2146 -1 -1 9223 8 0 10 0 0 47 9 6 0 0 1
2147 -1 -1 9222 8 0 52 0 0 28 0 2 5 0 4611 1299 -6321 -2055 6480 32 0
2148 1
2149 -1 -1 9221 8 0 34 1 0 173 1 47 144 0 1
2150 -1 -1 9220 8 0 26 1 2 110 34 34 40 6 4610 -3081 -1944 545 -5892 12 2305 -4693 2288 -2721 7111 1 0
2151 1
2152 -1 -1 4609 8 0 1 5 4 9 24 2 2 13 0
2153 1
2154 -1 -1 9217 8 0 9 0 0 4 2 3 0 1 1
2155 -1 -1 9216 8 0 13 1 5 64 0 5 3 0 4608 455 4820 4586 -7097 394 2304 -59 -3916 -1672 1267 126 1152 1492 -1865 1767 -4274 2 576 4920 -7489 -2296 -2447 1 288 1141 1696 -633 -544 26 144 -431 5402 -1414 -6866 399 72 4659 4432 2960 1659 7 36 3475 76 379 -2132 19 18 -1773 6506 427 3313 22 9 1994 -256 -1062 -5032 117 0
2156 0
2157 0
2158 0
2159 0
2160 1
2161 -1 -1 287 8 0 7 4 1 26 0 21 0 4 0
2162 0
2163 1
2164 -1 -1 1147 8 0 0 0 0 6 0 10 0 0 1
2165 -1 -1 1146 8 0 1 0 0 1 0 66 0 0 573 -3287 5495 -4931 -6729 12 1
2166 -1 -1 572 8 0 15 0 0 7 0 45 0 0 286 -3677 1014 251 -2267 27 143 4696 6891 -3428 -2899 164 0
2167 0
2168 1
2169 -1 -1 571 8 0 3 0 0 1 0 25 0 0 0
2170 1
2171 -1 -1 1141 8 0 2 0 0 9 0 18 0 0 0
2172 1
2173 -1 -1 2281 8 0 16 0 0 10 0 11 0 0 0
2174 1
2175 -1 -1 4561 8 0 1 0 0 0 0 0 3 1 0
2176 1
2177 -1 -1 9121 8 0 36 0 0 0 0 0 1 0 1
2178 -1 -1 9120 8 0 40 0 0 1 0 13 0 0 4560 2509 1888 2665 4588 4 2280 -3076 -2668 1341 728 358 1140 -3867 170 -1521 -3690 15 570 1576 -3059 4336 279 32 285 4048 7787 431 17 15 0
2179 1
2180 -1 -1 569 8 0 4 0 0 0 0 5 25 3 1
2181 -1 -1 568 8 0 17 0 4 6 3 2 0 8 284 3397 -5817 -4506 -1412 378 142 -561 -4070 4484 -2365 6 71 2825 3723 2362 -2102 10 0
2182 0
2183 0
2184 1
2185 -1 -1 567 8 0 2 0 0 1 0 8 8 16 1
2186 -1 -1 566 8 0 6 0 33 2 0 0 0 0 283 -4663 -4503 178 1091 44 0
2187 1
2188 -1 -1 565 8 0 18 0 0 1 0 28 0 0 0
2189 1
2190 -1 -1 1129 8 0 31 0 0 0 3 3 0 0 1
2191 -1 -1 1128 8 0 9 0 0 2 17 0 5 0 564 -3635 -7987 3266 -3009 15 282 -3519 -4645 2289 -5996 13 141 4142 -6132 -2948 -6920 6 0
2192 1
2193 -1 -1 281 8 0 6 0 0 1 43 0 0 3 0
2194 0
2195 0
2196 0
2197 1
2198 -1 -1 4495 8 0 6 0 0 3 0 0 0 0 0
2199 1
2200 -1 -1 8989 8 0 10 0 0 0 0 0 0 0 1
2201 -1 -1 8988 8 0 101 0 0 0 0 0 0 0 4494 -2860 -4197 -1649 -7010 2 2247 -682 -5000 -3133 173 22 0
2202 0
2203 1
2204 -1 -1 8987 8 0 6 0 0 13 7 1 0 0 1
2205 -1 -1 8986 8 0 68 0 0 29 0 2 2 0 4493 1581 -6746 3177 961 27 1
2206 -1 -1 4492 8 0 0 0 0 7 0 1 9 0 2246 -2002 -3235 4150 7372 12 1123 -3906 -7518 4223 -4184 7 0
2207 1
2208 -1 -1 2245 8 0 11 0 0 7 42 3 0 0 0
2209 1
2210 -1 -1 4489 8 0 7 0 0 0 0 6 4 1 0
2211 1
2212 -1 -1 8977 8 0 0 0 0 6 3 0 0 0 1
2213 -1 -1 8976 8 0 49 0 0 40 0 4 0 0 4488 -3358 5394 282 -1850 3 2244 2625 -853 -3239 -4638 45 1122 -4195 -800 -3312 2900 18 561 -2762 503 2782 5315 6 0
2214 0
2215 1
2216 -1 -1 2243 8 0 29 0 2 4 14 1 0 5 0
2217 1
2218 -1 -1 4485 8 0 35 0 0 4 0 7 0 0 0
2219 1
2220 -1 -1 8969 8 0 13 0 0 0 0 4 0 0 1
2221 -1 -1 8968 8 0 35 0 0 59 0 0 0 1 4484 -3941 2520 2963 6790 9 2242 873 -6415 3124 -6385 5 1121 1935 -7919 -1047 -3898 7 0
2222 0
2223 1
2224 -1 -1 4483 8 0 5 0 0 3 0 50 2 0 0
2225 1
2226 -1 -1 8965 8 0 3 0 0 11 0 41 0 0 1
2227 -1 -1 8964 8 0 25 0 0 24 1 1 0 0 4482 2463 3597 -4010 -5218 15 2241 3639 -7747 -303 -4650 21 0
2228 1
2229 -1 -1 4481 8 0 27 0 0 16 0 4 0 0 1
2230 -1 -1 4480 8 0 4 0 1 6 14 1 5 1 2240 -2301 -7930 -1340 6106 2 1120 -4287 -3565 -3254 7541 102 560 1310 -1141 4909 126 0 280 -3823 -6682 4458 7990 400 140 1710 7669 3207 -774 311 70 -1452 -5234 1757 -1141 21 35 -383 744 3952 -2730 14 0
2231 0
2232 0
2233 1
2234 -1 -1 279 8 0 0 12 1 1 0 5 28 0 0
2235 0
2236 1
2237 -1 -1 1115 8 0 0 0 0 2 0 0 5 1 0
2238 1
2239 -1 -1 2229 8 0 0 3 0 3 0 0 0 0 0
2240 1
2241 -1 -1 4457 8 0 0 1 0 0 0 0 0 0 0
2242 1
2243 -1 -1 8913 8 0 0 0 40 0 0 0 0 0 1
2244 -1 -1 8912 8 0 0 0 34 0 0 0 0 0 4456 4148 -7690 2175 7053 69 2228 1541 1683 1059 -7592 255 1114 -4065 -3589 -771 7742 291 557 -129 -3122 -1115 -871 278 0
2245 1
2246 -1 -1 1113 8 0 0 0 0 4 18 0 0 0 1
2247 -1 -1 1112 8 0 1 8 16 23 1 6 0 0 556 1149 -6659 -3483 -2559 30 278 4856 -7769 491 -375 41 139 4372 3508 -3213 -3569 298 0
2248 0
2249 0
2250 1
2251 -1 -1 1111 8 0 0 1 0 0 0 17 0 30 0
2252 0
2253 1
2254 -1 -1 4443 8 0 0 0 0 0 0 0 0 23 1
2255 -1 -1 4442 8 0 0 0 0 0 0 0 0 54 2221 2763 6111 3937 -7170 1 1
2256 -1 -1 2220 8 0 1 0 0 4 2 0 0 0 1110 1945 -4960 -875 -1565 0 555 -3386 -4234 -4200 2600 285 0
2257 1
2258 -1 -1 1109 8 0 3 1 0 7 6 0 51 0 1
2259 -1 -1 1108 8 0 6 2 0 4 4 4 0 7 554 4181 -7262 4371 6212 347 277 -1068 -7627 3395 609 37 0
2260 0
2261 0
2262 0
2263 0
2264 1
2265 -1 -1 8863 8 0 0 0 0 0 16 16 0 0 1
2266 -1 -1 8862 8 0 0 0 0 0 66 1 0 0 4431 1007 3193 -2999 5627 217 1
2267 -1 -1 4430 8 0 0 0 0 0 0 17 0 0 2215 3678 -5431 1086 -7155 0 0
2268 1
2269 -1 -1 4429 8 0 5 0 0 0 0 0 0 0 0
2270 1
2271 -1 -1 8857 8 0 0 0 0 4 0 0 0 0 1
2272 -1 -1 8856 8 0 0 0 0 3 132 0 0 0 4428 511 -45 -2741 1325 310 2214 1967 -3280 -2508 2941 394 1107 -3080 -7517 3545 236 69 1
2273 -1 -1 1106 8 0 7 8 1 10 16 15 0 9 553 2245 645 -4897 6916 202 0
2274 0
2275 1
2276 -1 -1 2211 8 0 2 0 0 0 0 0 2 22 0
2277 0
2278 1
2279 -1 -1 8843 8 0 0 0 5 3 5 0 0 2 1
2280 -1 -1 8842 8 0 0 0 0 16 192 0 0 0 4421 -4020 -6711 -4887 -1 302 1
2281 -1 -1 4420 8 0 3 7 2 6 15 0 6 6 2210 -297 -7120 -4384 -5655 4 1105 403 940 -3912 6237 360 0
2282 0
2283 1
2284 -1 -1 4419 8 0 7 1 0 14 6 9 0 6 0
2285 1
2286 -1 -1 8837 8 0 6 1 28 5 0 0 15 0 1
2287 -1 -1 8836 8 0 2 1 0 5 0 3 81 1 4418 -4229 -3766 -4426 4061 301 2209 -753 -2473 -2734 6900 339 0
2288 1
2289 -1 -1 4417 8 0 5 7 0 14 0 2 8 22 0
2290 1
2291 -1 -1 8833 8 0 0 0 5 3 79 0 0 0 1
2292 -1 -1 8832 8 0 14 28 6 55 44 9 6 8 4416 -1112 231 -4031 -4760 224 2208 -2216 -4478 -1898 -495 297 1104 4026 -3704 4476 4815 325 552 4041 -5313 -2367 -3897 254 276 4120 7636 -4459 1427 227 138 -2667 2069 -348 7562 337 69 4516 6469 3856 -4891 51 0
2293 0
2294 1
2295 -1 -1 275 8 0 2 0 1 0 0 0 1 18 1
2296 -1 -1 274 8 0 47 0 0 7 0 0 0 4 137 -923 563 419 -7030 96 0
2297 0
2298 1
2299 -1 -1 547 8 0 7 0 0 4 4 5 0 0 1
2300 -1 -1 546 8 0 49 0 0 2 0 0 1 0 273 1269 4503 561 3214 4 0
2301 0
2302 0
2303 1
2304 -1 -1 2183 8 0 0 7 9 9 4 0 3 11 1
2305 -1 -1 2182 8 0 4 0 37 1 0 0 3 0 1091 3459 -1619 693 7042 241 0
2306 1
2307 -1 -1 2181 8 0 3 3 10 0 13 0 0 3 0
2308 1
2309 -1 -1 4361 8 0 0 4 1 1 13 0 0 0 0
2310 1
2311 -1 -1 8721 8 0 4 6 12 16 5 5 19 3 1
2312 -1 -1 8720 8 0 3 6 4 11 7 1 139 2 4360 1735 -4688 -1261 -2054 2 2180 1605 7753 91 1995 129 1090 2695 7300 -1672 -1331 250 545 -1554 -4079 -884 4995 244 0
2313 0
2314 1
2315 -1 -1 2179 8 0 8 34 10 5 1 7 0 0 0
2316 1
2317 -1 -1 4357 8 0 0 4 1 7 6 5 33 5 0
2318 1
2319 -1 -1 8713 8 0 17 0 9 5 17 1 0 0 1
2320 -1 -1 8712 8 0 13 2 4 116 25 76 11 6 4356 2021 3262 1741 7447 397 2178 -567 646 759 -1618 14 1089 -929 -7377 -455 -3946 325 0
2321 0
2322 1
2323 -1 -1 4355 8 0 0 50 0 4 0 1 5 0 0
2324 1
2325 -1 -1 8709 8 0 0 18 34 5 0 1 5 0 1
2326 -1 -1 8708 8 0 0 18 4 13 2 2 0 8 4354 1321 -7297 -4999 3455 178 2177 -3274 -4927 1305 -3488 46 0
2327 0
2328 1
2329 -1 -1 8707 8 0 0 0 85 4 0 1 5 0 1
2330 -1 -1 8706 8 0 1 2 50 6 33 0 1 0 4353 -655 -4504 3518 -3150 9 0
2331 1
2332 -1 -1 8705 8 0 0 9 13 23 66 0 30 1 1
2333 -1 -1 8704 8 0 18 27 79 91 28 21 8 2 4352 2637 6512 -4512 -4470 104 2176 2917 -6028 3246 3663 181 1088 4892 -4186 -1061 -3055 39 544 932 -7899 -1086 7069 280 272 2968 -990 1368 3961 190 136 -560 635 4292 4874 396 68 4257 -3543 -630 -1183 370 34 3939 -6410 -308 4275 244 17 717 -1610 -2304 6862 382 0
2334 0
2335 0
2336 0
2337 0
2338 1
2339 -1 -1 543 8 0 6 0 32 0 0 0 0 0 1
2340 -1 -1 542 8 0 15 16 3 1 8 0 0 0 271 -1706 709 -4894 137 3 0
2341 1
2342 -1 -1 541 8 0 18 0 11 3 5 7 19 4 0
2343 0
2344 1
2345 -1 -1 2163 8 0 5 0 1 0 0 11 0 0 0
2346 0
2347 1
2348 -1 -1 8651 8 0 89 0 6 16 0 0 0 0 1
2349 -1 -1 8650 8 0 157 0 0 1 0 0 0 0 4325 1369 -5853 -3333 -5478 4 1
2350 -1 -1 4324 8 0 0 0 6 0 0 0 0 2 2162 3017 6815 -4327 -2379 128 1081 -3955 -4732 -3169 4376 87 0
2351 1
2352 -1 -1 2161 8 0 3 7 0 0 3 2 0 0 0
2353 1
2354 -1 -1 4321 8 0 27 0 0 0 0 0 0 0 0
2355 1
2356 -1 -1 8641 8 0 7 0 3 0 0 0 0 0 1
2357 -1 -1 8640 8 0 24 0 0 1 0 37 0 0 4320 -601 -8 -4462 -866 15 2160 1231 -2604 4481 774 6 1080 2347 -122 -1675 862 101 540 -1461 -7202 -2611 -558 2 270 -4410 868 3366 929 201 135 -7 -3185 -3341 4161 144 0
2358 0
2359 1
2360 -1 -1 539 8 0 7 0 0 4 38 1 0 0 1
2361 -1 -1 538 8 0 1 2 1 3 3 4 7 5 269 -4542 5308 -4050 -7250 212 0
2362 1
2363 -1 -1 537 8 0 7 2 15 5 0 0 5 0 1
2364 -1 -1 536 8 0 2 14 0 4 0 0 0 24 268 1183 805 3859 3644 0 134 -321 6571 -4901 -7774 49 67 4894 7863 3377 -2686 330 0
2365 0
2366 0
2367 0
2368 1
2369 -1 -1 1071 8 0 0 4 4 12 21 0 7 4 0
2370 0
2371 1
2372 -1 -1 4283 8 0 0 0 0 3 1 0 0 0 0
2373 1
2374 -1 -1 8565 8 0 0 0 0 0 0 0 97 0 1
2375 -1 -1 8564 8 0 0 0 0 0 0 1 0 0 4282 175 7058 -382 -7955 228 2141 -2644 2222 -4186 1699 40 1
2376 -1 -1 2140 8 0 0 0 0 5 0 0 3 8 1070 2650 6001 -2619 -1287 260 535 1220 -4495 533 -750 0 0
2377 0
2378 1
2379 -1 -1 2139 8 0 1 0 50 3 4 0 0 0 1
2380 -1 -1 2138 8 0 1 0 4 4 21 3 0 0 1069 2946 -7296 -4190 1354 0 1
2381 -1 -1 1068 8 0 0 9 5 4 20 1 14 2 534 -4571 -7143 4964 -4187 17 267 2051 5843 -4955 5835 13 0
2382 0
2383 1
2384 -1 -1 1067 8 0 3 0 0 26 7 7 1 22 0
2385 1
2386 -1 -1 2133 8 0 2 3 3 8 17 8 0 0 0
2387 1
2388 -1 -1 4265 8 0 1 39 0 0 0 0 3 4 1
2389 -1 -1 4264 8 0 4 5 0 8 0 6 0 0 2132 3618 7406 518 1237 42 1066 1063 5232 -1121 -5775 25 533 -2941 7741 -3776 -2303 215 0
2390 0
2391 1
2392 -1 -1 2131 8 0 1 0 1 5 20 2 0 0 0
2393 1
2394 -1 -1 4261 8 0 1 12 5 23 3 1 1 1 0
2395 1
2396 -1 -1 8521 8 0 0 0 1 15 0 60 1 0 1
2397 -1 -1 8520 8 0 1 10 24 18 4 37 0 0 4260 -3500 3535 2611 1892 37 2130 -3527 1780 -2149 -4593 92 1065 -930 -5945 -4741 1306 33 0
2398 0
2399 1
2400 -1 -1 4259 8 0 1 3 0 3 1 12 0 1 0
2401 1
2402 -1 -1 8517 8 0 0 0 0 0 69 2 0 0 1
2403 -1 -1 8516 8 0 0 0 20 14 41 4 2 0 4258 88 -5682 2456 -639 5 2129 4259 2735 966 -364 79 0
2404 1
2405 -1 -1 4257 8 0 2 0 0 20 0 14 0 0 0
2406 1
2407 -1 -1 8513 8 0 3 8 0 8 1 7 0 0 1
2408 -1 -1 8512 8 0 1 1 14 17 37 5 33 0 4256 -4628 -439 1719 2174 13 2128 -2055 -1442 -4881 7209 263 1064 727 -4169 -5 -4030 1 532 -3963 5502 2747 -7621 81 266 -2736 -7661 -3778 -974 50 133 -4798 6346 -4458 -6207 220 0
2409 0
2410 1
2411 -1 -1 531 8 0 8 10 0 6 0 1 24 2 0
2412 0
2413 1
2414 -1 -1 2123 8 0 2 0 1 3 1 8 4 15 1
2415 -1 -1 2122 8 0 4 27 7 5 0 2 7 1 1061 4641 4046 -4109 1499 92 0
2416 0
2417 1
2418 -1 -1 4243 8 0 9 2 0 3 1 12 0 0 0
2419 1
2420 -1 -1 8485 8 0 1 7 0 16 0 0 0 29 1
2421 -1 -1 8484 8 0 0 1 0 16 0 9 0 0 4242 4111 -7260 -126 2658 263 2121 -2725 -7578 47 749 394 0
2422 1
2423 -1 -1 4241 8 0 0 0 11 2 0 1 0 0 0
2424 1
2425 -1 -1 8481 8 0 4 0 0 9 0 9 2 10 1
2426 -1 -1 8480 8 0 19 0 2 62 0 143 2 1 4240 2093 -6496 4067 -37 291 2120 -4105 5430 -2052 6194 29 1060 807 -7208 3651 3015 290 530 -2082 7039 138 4312 196 265 3648 1463 -1023 4333 228 0
2427 0
2428 0
2429 1
2430 -1 -1 2119 8 0 4 7 0 17 24 1 5 9 0
2431 1
2432 -1 -1 4237 8 0 6 6 9 1 7 3 8 0 0
2433 1
2434 -1 -1 8473 8 0 1 0 5 1 0 3 0 7 1
2435 -1 -1 8472 8 0 18 2 4 99 8 69 9 0 4236 -2584 -7723 1262 -6633 319 2118 -3320 -2014 797 -4628 302 1059 1553 3997 2546 143 26 0
2436 0
2437 0
2438 1
2439 -1 -1 8471 8 0 1 4 2 1 0 9 1 2 1
2440 -1 -1 8470 8 0 12 0 0 45 0 25 0 0 4235 -1272 3124 -324 -3061 49 0
2441 1
2442 -1 -1 8469 8 0 2 0 0 8 0 32 0 0 1
2443 -1 -1 8468 8 0 96 2 0 13 0 21 0 0 4234 -3195 5043 2902 -6385 97 2117 -2265 -1755 3491 2569 30 0
2444 1
2445 -1 -1 4233 8 0 1 9 0 1 3 0 0 0 0
2446 1
2447 -1 -1 8465 8 0 15 0 1 37 0 17 0 0 1
2448 -1 -1 8464 8 0 4 0 0 16 19 2 0 0 4232 -483 1146 3350 -1420 6 2116 2497 4917 -301 1652 29 1058 2244 96 3601 1077 0 529 3133 4829 1444 4889 0 0
2449 0
2450 0
2451 1
2452 -1 -1 4231 8 0 0 0 10 0 0 0 0 0 0
2453 1
2454 -1 -1 8461 8 0 2 0 3 6 8 0 0 0 1
2455 -1 -1 8460 8 0 0 1 0 0 56 0 1 0 4230 1464 -3417 3888 -460 13 2115 4156 -2600 4272 2694 330 0
2456 0
2457 1
2458 -1 -1 8459 8 0 5 1 0 16 0 9 2 0 1
2459 -1 -1 8458 8 0 2 0 0 13 30 5 0 0 4229 127 1971 3806 1736 3 1
2460 -1 -1 4228 8 0 9 0 6 28 1 3 0 0 2114 -4809 1762 3346 -1824 5 1057 -2448 5999 834 1657 79 0
2461 0
2462 0
2463 1
2464 -1 -1 8455 8 0 8 6 0 4 0 4 11 0 1
2465 -1 -1 8454 8 0 0 0 22 3 0 1 1 12 4227 -3879 -975 4135 93 375 0
2466 1
2467 -1 -1 8453 8 0 5 0 1 6 11 4 5 1 1
2468 -1 -1 8452 8 0 4 56 3 12 2 2 1 2 4226 4987 -5890 1265 -4603 1 2113 -2220 2068 4952 -6332 395 0
2469 0
2470 1
2471 -1 -1 8451 8 0 0 0 21 5 0 6 0 0 1
2472 -1 -1 8450 8 0 6 0 7 35 8 5 0 1 4225 186 4809 -2780 -45 20 1
2473 -1 -1 4224 8 0 25 1 7 6 7 0 0 5 2112 -1521 1575 -776 -2908 1 1056 -1553 3573 1858 -2751 27 528 -2740 4489 -2054 2694 8 264 -732 -1845 3764 -3609 1 132 4772 -5196 -3693 6233 85 66 2560 6224 -2571 -1968 43 33 2459 7961 -1972 -2444 397 0
2474 0
2475 0
2476 0
2477 0
2478 1
2479 -1 -1 1055 8 0 2 2 0 5 2 2 3 15 0
2480 1
2481 -1 -1 2109 8 0 7 0 4 0 0 0 0 0 0
2482 1
2483 -1 -1 4217 8 0 16 0 0 25 1 27 0 0 1
2484 -1 -1 4216 8 0 0 4 0 1 0 3 0 0 2108 750 -4332 -3297 6598 25 1054 4991 6748 -2168 4695 385 527 1181 1222 2624 5623 237 0
2485 0
2486 1
2487 -1 -1 2107 8 0 17 0 0 11 0 12 0 0 0
2488 1
2489 -1 -1 4213 8 0 3 2 0 4 0 1 0 0 0
2490 1
2491 -1 -1 8425 8 0 20 0 0 2 0 82 0 0 1
2492 -1 -1 8424 8 0 2 0 0 4 1 119 0 0 4212 -480 -5953 3522 -580 31 2106 -759 2605 -2565 -6027 33 1053 -4290 -3255 -2653 840 78 0
2493 0
2494 1
2495 -1 -1 4211 8 0 4 0 0 0 0 56 0 0 1
2496 -1 -1 4210 8 0 10 0 0 0 0 6 0 0 2105 -1773 5940 4541 6332 2 0
2497 1
2498 -1 -1 4209 8 0 2 0 0 53 0 3 0 0 0
2499 1
2500 -1 -1 8417 8 0 8 0 0 4 0 33 0 0 1
2501 -1 -1 8416 8 0 7 0 0 19 0 4 0 0 4208 3191 -4795 2270 -439 34 2104 -3780 -7271 -3405 -665 166 1052 -4128 -6234 -632 1325 362 526 4721 -194 -496 5803 40 263 2601 4371 3124 3602 0 0
2502 0
2503 0
2504 1
2505 -1 -1 2103 8 0 23 0 0 8 0 8 0 0 1
2506 -1 -1 2102 8 0 4 0 0 25 3 1 0 0 1051 -1283 -1194 1676 7085 379 1
2507 -1 -1 1050 8 0 3 2 0 9 6 7 19 0 525 -4788 -7400 -2809 5603 2 0
2508 1
2509 -1 -1 1049 8 0 9 4 3 10 0 14 0 0 0
2510 0
2511 1
2512 -1 -1 4195 8 0 0 0 0 1 0 10 0 0 0
2513 1
2514 -1 -1 8389 8 0 32 0 0 12 0 23 0 0 1
2515 -1 -1 8388 8 0 45 0 0 2 0 1 0 0 4194 -740 -2264 -126 7706 53 2097 -2727 -7751 2533 1698 152 0
2516 1
2517 -1 -1 4193 8 0 3 0 0 7 0 1 0 0 0
2518 1
2519 -1 -1 8385 8 0 15 0 0 0 0 3 0 0 1
2520 -1 -1 8384 8 0 86 0 0 11 0 0 0 0 4192 1659 1948 4585 -6018 198 2096 3141 6365 -660 2020 5 1048 -1448 -5710 -688 -4463 6 524 -2353 -1845 -2998 7464 149 262 2385 -4353 1341 7471 187 131 4247 -7752 -279 2113 60 0
2521 0
2522 0
2523 1
2524 -1 -1 1047 8 0 0 22 0 6 0 4 2 3 0
2525 1
2526 -1 -1 2093 8 0 0 4 0 2 0 3 0 0 0
2527 1
2528 -1 -1 4185 8 0 1 0 0 2 9 0 4 0 1
2529 -1 -1 4184 8 0 0 0 1 0 3 4 50 0 2092 -2105 2349 4505 -7365 0 1046 2830 6144 4725 -5575 11 523 -2762 -7504 4647 -1399 64 1
2530 -1 -1 522 8 0 3 0 0 17 5 25 4 9 261 -3482 -7727 860 6467 245 0
2531 0
2532 0
2533 1
2534 -1 -1 2087 8 0 2 0 0 1 5 6 0 0 0
2535 1
2536 -1 -1 4173 8 0 3 0 0 0 0 7 0 0 1
2537 -1 -1 4172 8 0 58 0 0 1 0 0 1 2 2086 2919 6458 2243 -897 17 1043 2095 6845 -1601 310 24 1
2538 -1 -1 1042 8 0 10 9 1 8 2 9 7 14 521 4549 -6535 -2205 2482 394 0
2539 0
2540 0
2541 1
2542 -1 -1 4167 8 0 4 4 0 36 0 18 0 4 0
2543 1
2544 -1 -1 8333 8 0 7 1 2 12 0 129 0 0 1
2545 -1 -1 8332 8 0 8 1 0 7 0 5 0 0 4166 -2272 -5798 943 6466 86 2083 -4708 -4954 3513 7483 195 1
2546 -1 -1 2082 8 0 2 1 12 13 16 6 1 2 1041 -3041 -4142 1971 4809 46 0
2547 1
2548 -1 -1 2081 8 0 3 5 41 5 9 0 0 0 0
2549 1
2550 -1 -1 4161 8 0 0 2 11 1 5 3 0 0 0
2551 1
2552 -1 -1 8321 8 0 27 0 0 1 3 8 0 0 1
2553 -1 -1 8320 8 0 6 0 1 19 0 11 8 0 4160 57 191 -9 7285 374 2080 1802 -5999 250 -2865 32 1040 -1895 1462 -2953 5148 110 520 1018 -7116 3426 -1814 16 260 4439 -3680 1690 2818 332 130 -2612 -4356 1063 -7897 12 65 1620 1783 -129 5297 5 0
2554 0
2555 0
2556 0
2557 1
2558 -1 -1 1039 8 0 3 2 4 20 5 4 0 3 1
2559 -1 -1 1038 8 0 2 5 1 2 0 0 0 26 519 876 -3276 -1650 4349 2 0
2560 0
2561 1
2562 -1 -1 2075 8 0 0 5 3 3 0 0 9 7 0
2563 1
2564 -1 -1 4149 8 0 1 0 3 9 3 1 0 0 1
2565 -1 -1 4148 8 0 5 0 50 0 0 0 2 1 2074 -507 6655 1819 3112 16 1037 2628 5263 -2719 -2620 163 0
2566 1
2567 -1 -1 2073 8 0 1 0 0 9 0 4 29 0 1
2568 -1 -1 2072 8 0 2 2 5 2 6 5 5 1 1036 4249 1366 -1208 2142 11 518 3289 7351 -566 3708 16 259 -2851 -7078 -811 5545 8 0
2569 0
2570 0
2571 1
2572 -1 -1 2071 8 0 2 0 0 3 0 3 0 12 1
2573 -1 -1 2070 8 0 12 1 5 5 7 4 20 0 1035 3323 -6949 -2790 3003 303 0
2574 0
2575 0
2576 1
2577 -1 -1 8279 8 0 0 0 4 12 4 6 0 2 1
2578 -1 -1 8278 8 0 1 12 54 4 1 3 0 0 4139 1770 2915 3249 -6772 12 1
2579 -1 -1 4138 8 0 3 0 0 21 1 13 0 0 2069 333 7084 4614 -4909 7 0
2580 0
2581 1
2582 -1 -1 8275 8 0 17 0 3 59 0 38 2 0 1
2583 -1 -1 8274 8 0 114 0 2 34 0 48 0 0 4137 1733 7311 -2466 3263 13 0
2584 1
2585 -1 -1 8273 8 0 8 6 0 4 0 23 0 0 1
2586 -1 -1 8272 8 0 85 5 59 91 17 20 0 0 4136 667 2235 4800 -6632 390 2068 -3050 4213 -898 -7666 7 1034 -282 3384 3299 6971 44 517 3871 -3734 -1910 4814 48 0
2587 0
2588 1
2589 -1 -1 2067 8 0 1 0 8 19 0 2 9 0 0
2590 0
2591 1
2592 -1 -1 8267 8 0 25 0 0 19 0 1 0 1 1
2593 -1 -1 8266 8 0 11 0 0 29 0 6 13 0 4133 33 1301 1438 2445 1 0
2594 1
2595 -1 -1 8265 8 0 4 0 0 15 0 6 0 0 1
2596 -1 -1 8264 8 0 24 0 0 4 0 31 0 0 4132 -4191 7200 -4869 -6658 33 2066 519 1532 -2872 5314 2 1033 -3378 6219 -2610 2656 10 0
2597 1
2598 -1 -1 2065 8 0 13 0 0 3 0 0 0 18 0
2599 0
2600 1
2601 -1 -1 8259 8 0 1 0 0 1 0 0 0 0 1
2602 -1 -1 8258 8 0 97 0 0 0 0 0 0 1 4129 3819 -1653 -197 7807 352 0
2603 1
2604 -1 -1 8257 8 0 47 0 1 60 0 17 1 0 1
2605 -1 -1 8256 8 0 166 3 0 53 1 4 22 0 4128 -933 -7409 -2450 -1559 25 2064 1074 -3115 -4698 -631 379 1032 2884 3185 1376 6379 21 516 -863 3804 3134 -6845 3 258 1022 6451 984 256 7 129 2462 4693 135 687 25 0
2606 0
2607 0
2608 0
2609 1
2610 -1 -1 2063 8 0 1 0 0 13 2 3 0 6 0
2611 0
2612 1
2613 -1 -1 8251 8 0 27 0 0 47 1 31 0 0 1
2614 -1 -1 8250 8 0 15 0 0 2 0 0 0 0 4125 -1822 -6811 -1769 -3013 23 1
2615 -1 -1 4124 8 0 6 0 0 3 0 35 0 0 2062 2513 2110 1324 7485 5 1031 429 -4238 -156 1116 90 0
2616 1
2617 -1 -1 2061 8 0 0 8 1 3 0 1 0 13 0
2618 1
2619 -1 -1 4121 8 0 0 0 0 5 5 0 0 3 1
2620 -1 -1 4120 8 0 58 0 1 5 0 4 0 0 2060 -4835 1178 -3612 6974 23 1030 -4284 7712 -234 -1815 34 515 1861 -1535 1971 2441 8 0
2621 0
2622 1
2623 -1 -1 2059 8 0 5 0 0 6 44 2 0 0 1
2624 -1 -1 2058 8 0 0 2 26 0 1 0 1 0 1029 550 -800 -3026 1523 6 1
2625 -1 -1 1028 8 0 24 5 0 12 1 3 7 0 514 2845 -7627 4538 -280 25 257 -2343 -7600 4396 132 23 0
2626 0
2627 0
2628 0
2629 1
2630 -1 -1 4111 8 0 5 0 1 46 0 10 0 1 1
2631 -1 -1 4110 8 0 3 0 0 10 0 32 0 0 2055 -3180 -7422 656 3189 7 0
2632 1
2633 -1 -1 4109 8 0 0 0 0 3 0 13 0 0 0
2634 1
2635 -1 -1 8217 8 0 9 0 0 16 0 10 0 0 1
2636 -1 -1 8216 8 0 33 0 0 8 0 2 0 1 4108 -1224 -7999 33 -2732 16 2054 3243 7824 -417 -251 10 1027 3943 5703 -1312 4322 2 0
2637 0
2638 1
2639 -1 -1 4107 8 0 26 0 1 5 0 1 0 0 0
2640 1
2641 -1 -1 8213 8 0 62 0 0 9 0 124 0 1 1
2642 -1 -1 8212 8 0 60 0 0 6 0 26 0 0 4106 -3874 -7727 -3074 6890 33 2053 -2262 -1032 -1453 6722 22 0
2643 0
2644 1
2645 -1 -1 8211 8 0 24 0 0 9 8 65 0 0 1
2646 -1 -1 8210 8 0 116 1 0 21 0 21 0 2 4105 4470 7122 3763 -3065 12 0
2647 1
2648 -1 -1 8209 8 0 2 0 1 5 0 15 0 0 1
2649 -1 -1 8208 8 0 714 0 4 52 1 34 2 0 4104 -3989 -6818 2000 -258 82 2052 3766 282 1259 -1103 1 1026 -635 -7924 603 4632 24 513 4769 675 3859 -7817 15 0
2650 0
2651 1
2652 -1 -1 2051 8 0 2 0 35 1 0 1 0 0 0
2653 1
2654 -1 -1 4101 8 0 0 7 2 10 0 1 2 2 1
2655 -1 -1 4100 8 0 22 1 0 17 1 16 0 0 2050 -3519 -7592 -3679 -675 58 1025 2713 -6174 -634 7284 36 0
2656 0
2657 0
2658 1
2659 -1 -1 8199 8 0 48 1 3 1 0 0 0 0 1
2660 -1 -1 8198 8 0 67 2 0 74 9 29 3 0 4099 4879 -3472 2939 -94 37 0
2661 1
2662 -1 -1 8197 8 0 432 1 10 59 5 62 1 0 1
2663 -1 -1 8196 8 0 1700 0 3 184 0 24 2 0 4098 -2392 6572 4622 5108 5 2049 4972 -6213 -3855 5745 77 0
2664 0
2665 1
2666 -1 -1 8195 8 0 7 20 30 3 0 2 0 0 1
2667 -1 -1 8194 8 0 66 4 19 25 5 10 3 0 4097 -1827 4302 4753 7983 85 0
2668 1
2669 -1 -1 8193 8 0 143 8 0 119 0 21 0 0 1
2670 -1 -1 8192 8 0 243 6 5 46 8 12 0 0 4096 3827 6293 4410 -7752 22 2048 2571 6811 268 -3327 6 1024 4778 -7230 2968 7582 1 512 -1248 -788 1506 -157 15 256 -4972 5105 -975 545 4 128 2803 -6017 875 -135 41 64 851 6850 -4124 -3255 9 32 -1908 -3574 179 7111 52 16 -2057 6824 1082 -1431 22 8 683 -188 -1658 7008 145 4 2420 1056 -1060 -6909 15 2 -92 -1311 4742 -46 140 1 -1165 500 -3362 -7938 144 1 1
