22 serialization::archive 15 0 0 5 0 1 0
0 0 0 0
1 0
2 0
3 0
4 0
5 1 1 0
6 -1 -1 127 8 0 1 3 39 1 0 3 0 0 0
7 0
8 1
9 -1 -1 507 8 0 3 0 0 0 0 0 0 0 0
10 1
11 -1 -1 1013 8 0 0 0 0 7 0 2 0 0 1
12 -1 -1 1012 8 0 0 0 0 14 0 50 0 0 506 0 0 -563 -2733 1575 -2246 11 253 4993 -2839 -429 7346 1 1
13 -1 -1 252 8 0 2 0 4 11 0 1 0 0 126 1757 6553 -1385 -6647 17 63 -835 -2489 4785 -1241 322 0
14 0
15 1
16 -1 -1 251 8 0 6 5 8 8 1 30 0 0 0
17 1
18 -1 -1 501 8 0 11 0 0 13 2 29 1 7 0
19 0
20 0
21 1
22 -1 -1 4007 8 0 3 19 0 7 0 5 0 1 0
23 1
24 -1 -1 8013 8 0 0 17 0 2 0 0 0 11 1
25 -1 -1 8012 8 0 3 0 6 2 0 1 0 51 4006 -2204 -3700 3852 -6585 62 2003 3943 7614 -1464 -1041 21 0
26 1
27 -1 -1 4005 8 0 6 0 1 0 2 1 0 0 0
28 1
29 -1 -1 8009 8 0 5 0 0 1 0 0 0 2 0
30 1
31 -1 -1 16017 8 0 1 0 0 1 0 1 0 0 1
32 -1 -1 16016 8 0 5 0 0 2 0 0 0 144 8008 -2486 5561 4195 7389 3 4004 1860 -1669 2478 3557 14 2002 3634 -3937 1913 -121 0 1001 1242 2723 1378 115 2 0
33 1
34 -1 -1 2001 8 0 1 0 0 0 11 0 0 0 0
35 1
36 -1 -1 4001 8 0 8 0 0 1 0 1 0 21 1
37 -1 -1 4000 8 0 16 0 0 19 0 5 0 1 2000 3367 1766 -59 -6075 389 1000 460 4895 820 1162 10 500 2792 5170 348 -7516 395 250 4103 -7538 -4221 7056 386 125 -1437 5192 -137 2304 7 0
38 1
39 -1 -1 249 8 0 4 34 0 11 0 2 1 11 0
40 1
41 -1 -1 497 8 0 30 17 0 10 0 1 0 0 1
42 -1 -1 496 8 0 22 3 9 3 0 0 0 3 248 -737 7245 -4958 2190 361 124 458 1635 -688 891 2 62 3788 3006 4670 1250 0 31 -3247 5988 25 3356 4 0
43 0
44 0
45 1
46 -1 -1 247 8 0 4 0 0 3 6 0 0 0 0
47 1
48 -1 -1 493 8 0 54 0 4 1 0 2 0 0 1
49 -1 -1 492 8 0 7 0 0 8 0 0 0 0 246 875 442 -620 7026 3 123 2959 173 4990 994 254 0
50 1
51 -1 -1 245 8 0 2 2 3 2 0 0 0 26 0
52 1
53 -1 -1 489 8 0 0 0 3 0 36 0 0 0 0
54 1
55 -1 -1 977 8 0 4 0 0 1 23 0 0 0 1
56 -1 -1 976 8 0 28 1 0 3 3 0 0 13 488 4344 -404 4335 3162 139 244 -2307 4445 1915 5700 27 122 -1676 3729 -3043 6919 16 61 4125 -3526 -4637 6296 10 0
57 0
58 0
59 1
60 -1 -1 487 8 0 4 0 0 0 0 0 0 4 0
61 1
62 -1 -1 973 8 0 0 0 0 0 9 0 0 0 0
63 1
64 -1 -1 1945 8 0 1 0 0 0 3 0 0 0 0
65 1
66 -1 -1 3889 8 0 1 0 0 0 0 0 0 0 0
67 1
68 -1 -1 7777 8 0 1 0 0 0 0 0 0 0 0
69 1
70 -1 -1 15553 8 0 1 0 0 0 0 0 2 0 1
71 -1 -1 15552 8 0 0 0 0 0 0 0 79 0 7776 -3818 -7902 4624 3677 105 3888 4809 5447 -2012 -1637 80 1944 -28 4158 -3490 372 47 972 -3607 7950 -2625 2255 384 486 4749 707 -1119 -2036 257 243 -1895 4717 -557 -6219 62 1
72 -1 -1 242 8 0 4 0 0 0 0 14 2 0 121 -699 -7498 -3120 -5244 0 0
73 0
74 1
75 -1 -1 483 8 0 4 15 7 0 0 0 5 3 0
76 0
77 1
78 -1 -1 1931 8 0 4 0 0 1 0 0 0 62 1
79 -1 -1 1930 8 0 16 0 0 7 0 1 0 5 965 -3136 -2961 3465 2265 355 1
80 -1 -1 964 8 0 6 0 1 0 3 9 0 0 482 -362 -1308 1589 -7445 84 241 -4939 472 2671 -2925 244 0
81 0
82 0
83 1
84 -1 -1 1927 8 0 0 0 0 0 0 0 35 0 1
85 -1 -1 1926 8 0 26 0 7 0 3 0 24 0 963 4977 -5189 600 -939 21 0
86 1
87 -1 -1 1925 8 0 7 0 0 0 0 0 15 0 0
88 1
89 -1 -1 3849 8 0 5 0 0 0 0 5 0 0 0
90 1
91 -1 -1 7697 8 0 60 0 0 0 0 0 0 0 1
92 -1 -1 7696 8 0 25 0 0 1 0 0 5 0 3848 -1136 85 3028 -581 400 1924 -4639 -5299 3590 2246 238 962 4836 -5020 4291 -7953 336 481 2705 1064 -2812 -1198 12 0
93 0
94 1
95 -1 -1 1923 8 0 1 1 0 0 0 0 11 0 1
96 -1 -1 1922 8 0 3 3 12 1 0 0 0 42 961 -108 6931 810 -168 318 1
97 -1 -1 960 8 0 13 0 8 0 0 3 0 0 480 1235 4352 3994 2258 400 240 -145 -7700 -1664 4906 0 120 -2904 -5522 1728 7949 8 60 2205 -1545 -18 64 6 30 4683 7539 -3253 -6321 7 15 2943 3644 4648 -6307 3 0
98 0
99 0
100 0
101 0
102 0
103 1
104 -1 -1 959 8 0 0 0 0 2 0 3 0 0 0
105 1
106 -1 -1 1917 8 0 2 0 0 0 0 0 0 0 0
107 0
108 1
109 -1 -1 7667 8 0 0 0 0 0 0 1 0 0 0
110 1
111 -1 -1 15333 8 0 0 0 0 0 0 3 0 0 1
112 -1 -1 15332 8 0 0 0 0 0 0 114 0 0 7666 -3297 5137 2716 6367 4 3833 -4932 -3843 1136 5636 172 1
113 -1 -1 3832 8 0 3 0 0 0 0 58 0 0 1916 -565 53 2988 837 8 958 -3044 3709 2105 -7307 269 479 1252 743 4034 3518 20 0
114 0
115 1
116 -1 -1 1915 8 0 0 0 0 5 0 41 0 0 1
117 -1 -1 1914 8 0 6 0 0 0 0 60 0 0 957 -217 -763 -2352 -2083 10 1
118 -1 -1 956 8 0 2 0 0 18 0 14 0 0 478 4293 -7590 -3613 6075 391 239 3164 7941 -3986 -7853 152 1
119 -1 -1 238 8 0 14 0 0 8 0 12 0 6 119 2921 5979 2741 4450 1 0
120 0
121 0
122 1
123 -1 -1 951 8 0 3 0 0 21 8 8 26 0 1
124 -1 -1 950 8 0 6 0 0 12 0 35 0 0 475 2855 -599 -484 -6168 19 0
125 1
126 -1 -1 949 8 0 9 0 0 4 0 32 3 0 0
127 1
128 -1 -1 1897 8 0 0 0 0 7 0 0 0 0 0
129 1
130 -1 -1 3793 8 0 4 0 0 4 0 53 0 0 0
131 1
132 -1 -1 7585 8 0 1 0 0 0 0 12 0 0 0
133 1
134 -1 -1 15169 8 0 0 0 0 24 0 60 0 0 1
135 -1 -1 15168 8 0 0 0 0 7 0 0 0 0 7584 4023 -721 -4545 -3124 0 3792 -3630 -6031 -1290 -7451 8 1896 2644 3785 4926 -5897 37 948 -330 4263 551 -4923 77 474 -3373 -3717 3644 -6061 22 237 -4096 -2828 -2425 4807 359 0
136 1
137 -1 -1 473 8 0 2 0 0 8 0 21 0 0 0
138 1
139 -1 -1 945 8 0 0 0 0 66 0 2 0 0 1
140 -1 -1 944 8 0 0 0 0 3 0 10 0 0 472 4111 514 1892 -3336 0 236 2285 -7908 -3553 2695 396 118 -409 -7260 -4245 7677 399 59 371 1135 2416 -6436 43 0
141 0
142 1
143 -1 -1 235 8 0 5 0 0 3 0 1 0 37 0
144 1
145 -1 -1 469 8 0 2 0 0 0 0 21 0 6 1
146 -1 -1 468 8 0 36 0 2 24 0 5 0 1 234 -145 7216 3535 -2838 53 117 -1417 -2164 1305 6943 30 0
147 0
148 0
149 1
150 -1 -1 935 8 0 2 0 1 2 7 0 0 0 1
151 -1 -1 934 8 0 3 0 0 0 6 52 0 1 467 -531 4747 -2928 1097 8 0
152 0
153 1
154 -1 -1 1867 8 0 7 0 0 7 0 24 14 2 1
155 -1 -1 1866 8 0 0 0 0 13 0 32 0 0 933 2541 1752 -2783 -6516 44 1
156 -1 -1 932 8 0 23 0 0 2 0 19 0 1 466 4746 2383 1692 -3271 11 233 411 -3766 1456 1829 31 0
157 1
158 -1 -1 465 8 0 32 0 0 16 0 7 2 0 1
159 -1 -1 464 8 0 13 0 9 0 33 3 3 0 232 1405 -1133 4474 -3134 1 116 -739 -6914 2725 5475 22 58 -908 6277 -4511 -1475 74 29 2537 5374 2282 -5514 21 0
160 0
161 0
162 1
163 -1 -1 231 8 0 8 0 26 6 0 3 0 0 0
164 1
165 -1 -1 461 8 0 11 0 0 5 0 31 0 0 1
166 -1 -1 460 8 0 14 0 0 24 0 9 0 0 230 3085 2140 4898 -6050 40 115 4281 -2684 4481 2587 156 0
167 0
168 1
169 -1 -1 459 8 0 6 0 0 16 0 37 0 1 0
170 0
171 1
172 -1 -1 1835 8 0 2 0 0 7 0 2 3 0 0
173 1
174 -1 -1 3669 8 0 1 0 0 0 0 0 52 0 1
175 -1 -1 3668 8 0 0 0 0 8 0 1 20 0 1834 4431 1881 -3758 -2950 29 917 175 -1799 -4585 -3565 26 0
176 0
177 1
178 -1 -1 3667 8 0 6 0 0 16 0 0 2 0 1
179 -1 -1 3666 8 0 8 0 0 26 0 29 0 0 1833 -167 -2236 1717 -7353 17 0
180 1
181 -1 -1 3665 8 0 0 0 0 12 5 4 0 0 0
182 1
183 -1 -1 7329 8 0 0 0 0 0 0 7 0 0 0
184 1
185 -1 -1 14657 8 0 0 0 0 7 0 0 6 0 1
186 -1 -1 14656 8 0 0 0 0 2 0 1 60 0 7328 -2287 -3399 -4817 -6546 138 3664 -1954 2625 4807 1859 16 1832 3950 -6064 -3785 -7422 0 916 4660 -1043 -3192 -6677 19 458 2188 639 763 -4466 29 229 -426 -1342 3050 -6947 42 0
187 1
188 -1 -1 457 8 0 15 0 0 11 0 29 0 0 0
189 1
190 -1 -1 913 8 0 8 0 0 13 1 11 10 0 1
191 -1 -1 912 8 0 8 0 1 5 34 5 3 0 456 -251 -3108 -4302 -2307 58 228 -4575 -7637 -1059 -7640 6 114 4836 -276 863 -5300 12 57 3257 -2654 -3131 -6256 45 0
192 0
193 1
194 -1 -1 227 8 0 1 0 6 2 0 0 0 21 1
195 -1 -1 226 8 0 14 19 0 1 0 13 0 7 113 4499 7598 -2513 2704 263 0
196 0
197 0
198 0
199 0
200 1
201 -1 -1 3615 8 0 58 0 0 0 0 0 0 0 1
202 -1 -1 3614 8 0 29 0 0 1 0 11 0 0 1807 -628 -6956 -1476 -1827 5 0
203 1
204 -1 -1 3613 8 0 9 0 2 10 0 0 0 7 0
205 1
206 -1 -1 7225 8 0 14 0 0 11 0 0 0 0 1
207 -1 -1 7224 8 0 65 0 0 1 0 0 0 0 3612 1396 7012 4061 766 0 1806 2555 -2786 4968 -4839 72 903 -2507 -6373 4555 -664 18 1
208 -1 -1 902 8 0 20 0 0 7 0 40 0 1 451 4323 1142 -4302 4603 396 0
209 1
210 -1 -1 901 8 0 24 0 0 4 0 1 20 0 0
211 1
212 -1 -1 1801 8 0 18 0 3 0 0 1 4 7 0
213 1
214 -1 -1 3601 8 0 11 0 3 4 3 0 0 0 0
215 1
216 -1 -1 7201 8 0 4 0 0 1 0 1 0 0 0
217 1
218 -1 -1 14401 8 0 4 0 0 0 0 0 0 0 1
219 -1 -1 14400 8 0 66 0 0 0 0 0 0 0 7200 2926 -1036 900 7818 307 3600 -3790 58 -4061 4400 290 1800 -4341 -3951 4 3823 4 900 -4347 -7905 -2244 -5715 3 450 1549 -3804 756 -2056 7 225 4226 583 -3791 4652 4 0
220 0
221 0
222 1
223 -1 -1 1799 8 0 16 0 0 16 3 12 0 0 1
224 -1 -1 1798 8 0 11 0 0 5 50 0 0 0 899 3044 127 -2301 -3089 4 0
225 1
226 -1 -1 1797 8 0 15 6 34 7 4 3 0 0 0
227 1
228 -1 -1 3593 8 0 1 0 3 1 0 1 32 0 0
229 1
230 -1 -1 7185 8 0 7 0 0 4 27 9 0 0 0
231 1
232 -1 -1 14369 8 0 101 0 0 44 6 3 9 0 1
233 -1 -1 14368 8 0 20 0 0 14 0 4 44 0 7184 1179 -3127 2052 5785 1 3592 1182 5026 4383 7682 124 1796 -294 -1609 1776 -4227 14 898 504 3058 2227 5811 24 449 3874 5809 2157 4252 3 0
234 1
235 -1 -1 897 8 0 4 0 0 0 0 20 0 0 0
236 1
237 -1 -1 1793 8 0 7 0 0 14 0 6 0 5 0
238 1
239 -1 -1 3585 8 0 14 0 0 18 0 5 0 0 0
240 1
241 -1 -1 7169 8 0 20 0 0 10 0 0 0 0 0
242 1
243 -1 -1 14337 8 0 0 0 0 0 0 0 1 0 1
244 -1 -1 14336 8 0 81 0 0 1 0 0 0 0 7168 -154 1816 -70 -880 230 3584 -2728 -1428 -2310 7006 52 1792 485 7599 3303 228 8 896 4109 -1630 2196 -5897 11 448 -3854 -6071 4537 -1439 23 224 4315 -4898 -1589 7521 396 112 1223 -6125 4893 -1137 13 56 -4022 6132 3535 1914 52 28 1686 -1364 1735 -6125 8 14 2782 4278 4047 1222 7 7 -4320 7070 1781 -6276 0 0
245 0
246 0
247 0
248 0
249 0
250 1
251 -1 -1 447 8 0 0 13 3 0 0 0 1 0 1
252 -1 -1 446 8 0 2 0 0 0 0 6 0 58 223 -4913 -2170 4215 7131 49 0
253 1
254 -1 -1 445 8 0 3 8 0 0 0 3 0 9 0
255 1
256 -1 -1 889 8 0 0 0 0 0 1 38 0 0 0
257 0
258 1
259 -1 -1 3555 8 0 0 2 0 0 0 0 0 2 0
260 1
261 -1 -1 7109 8 0 0 0 0 2 0 1 0 0 0
262 1
263 -1 -1 14217 8 0 0 0 0 0 13 2 0 0 1
264 -1 -1 14216 8 0 0 0 0 0 100 0 0 0 7108 2065 -5514 340 -4205 162 3554 -2168 1771 -4315 -2237 213 1777 1062 3432 2488 -2225 221 1
265 -1 -1 1776 8 0 0 0 0 1 0 19 0 0 888 833 4013 -2323 -1182 0 444 3000 7962 -2874 5389 241 222 4230 7398 -2754 2256 248 111 857 5580 -539 2235 19 0
266 1
267 -1 -1 221 8 0 4 53 0 3 2 2 0 0 0
268 0
269 0
270 1
271 -1 -1 1767 8 0 1 0 0 4 0 49 0 8 1
272 -1 -1 1766 8 0 7 2 0 2 0 0 0 3 883 -73 -1975 3883 7976 16 0
273 1
274 -1 -1 1765 8 0 0 7 0 0 0 0 0 0 0
275 1
276 -1 -1 3529 8 0 1 2 0 2 0 0 0 0 0
277 1
278 -1 -1 7057 8 0 2 0 0 2 0 4 0 13 1
279 -1 -1 7056 8 0 0 0 0 0 0 0 0 59 3528 3538 -6645 -1458 4047 366 1764 1273 4258 4135 4102 18 882 2973 -6035 2496 -7113 4 441 4675 -4034 -445 4518 322 1
280 -1 -1 440 8 0 6 36 0 1 0 0 0 0 220 -1837 -7883 1783 6402 8 110 -1914 4351 2754 6489 229 55 3283 7727 -1012 4032 16 0
281 0
282 0
283 0
284 1
285 -1 -1 879 8 0 2 0 0 0 0 0 2 0 0
286 1
287 -1 -1 1757 8 0 0 0 0 1 0 0 0 0 0
288 1
289 -1 -1 3513 8 0 0 0 0 0 0 0 0 3 0
290 1
291 -1 -1 7025 8 0 0 0 0 0 0 0 0 8 0
292 1
293 -1 -1 14049 8 0 0 0 0 0 0 0 0 107 1
294 -1 -1 14048 8 0 0 0 0 0 0 0 0 9 7024 -3249 -3834 1320 3798 0 3512 1781 6823 3196 -7472 10 1756 230 1626 -90 4788 372 878 -107 -3599 -4914 -6203 370 439 1252 1497 1375 4152 383 1
295 -1 -1 438 8 0 3 10 1 1 0 2 0 24 219 4360 3847 970 6163 359 1
296 -1 -1 218 8 0 7 13 0 3 0 0 8 12 109 2174 -4766 722 3701 36 0
297 0
298 0
299 1
300 -1 -1 871 8 0 0 0 0 0 0 0 66 0 0
301 1
302 -1 -1 1741 8 0 0 1 21 2 0 0 12 0 1
303 -1 -1 1740 8 0 3 2 0 1 0 36 2 14 870 3603 -7577 -654 746 318 435 -778 -4523 -4437 -5456 12 0
304 1
305 -1 -1 869 8 0 1 17 0 0 0 2 0 1 0
306 1
307 -1 -1 1737 8 0 2 3 0 7 0 9 6 14 0
308 1
309 -1 -1 3473 8 0 0 0 0 9 0 46 0 0 1
310 -1 -1 3472 8 0 10 0 0 6 1 13 0 0 1736 -2552 -2721 3396 -517 49 868 1442 -6224 4502 7946 159 434 -2710 -3576 1487 -5067 339 217 -4861 -5123 3491 1730 257 0
311 1
312 -1 -1 433 8 0 12 2 12 0 0 0 0 3 0
313 0
314 1
315 -1 -1 1731 8 0 5 4 1 22 2 9 0 16 0
316 1
317 -1 -1 3461 8 0 1 2 0 2 0 3 0 1 0
318 0
319 1
320 -1 -1 13843 8 0 0 0 0 0 0 0 0 2 1
321 -1 -1 13842 8 0 0 0 0 0 0 0 0 77 6921 -1649 -2258 -1101 459 212 1
322 -1 -1 6920 8 0 3 1 0 0 0 0 0 11 3460 2772 -5651 4245 1232 2 1730 2993 -2623 -4231 -2294 279 865 858 -6304 833 7080 280 0
323 1
324 -1 -1 1729 8 0 0 1 0 0 0 0 0 17 0
325 1
326 -1 -1 3457 8 0 1 1 0 2 3 0 17 2 1
327 -1 -1 3456 8 0 14 2 0 15 0 9 3 2 1728 2126 -7400 1000 3876 220 864 1657 1518 599 5861 271 432 184 -6835 -1748 -459 166 216 -4677 -2814 700 -1947 347 108 -3693 -3518 -1667 6590 72 54 4500 5679 624 5199 335 27 -4220 -5737 1030 1416 398 0
328 0
329 0
330 0
331 1
332 -1 -1 431 8 0 2 0 26 2 9 0 4 1 1
333 -1 -1 430 8 0 2 5 1 0 48 0 1 0 215 4846 -3283 -2476 -7267 7 0
334 1
335 -1 -1 429 8 0 0 0 8 1 18 0 0 0 0
336 0
337 1
338 -1 -1 1715 8 0 3 0 0 4 0 5 0 0 1
339 -1 -1 1714 8 0 2 0 0 0 0 60 0 0 857 -4790 -7114 2923 5048 326 0
340 1
341 -1 -1 1713 8 0 4 0 0 1 5 1 0 0 1
342 -1 -1 1712 8 0 0 2 2 31 0 22 0 2 856 -1572 -3517 3782 6223 359 428 -1367 -179 1751 5136 368 214 1877 -2604 -50 91 4 107 1617 -3792 244 -204 7 0
343 0
344 0
345 1
346 -1 -1 855 8 0 1 0 0 24 0 1 0 0 0
347 1
348 -1 -1 1709 8 0 1 0 0 10 0 2 6 0 0
349 1
350 -1 -1 3417 8 0 0 0 0 4 0 0 0 0 0
351 0
352 1
353 -1 -1 13667 8 0 0 0 0 0 0 0 11 0 1
354 -1 -1 13666 8 0 0 0 0 0 0 0 79 0 6833 186 -3777 -3152 6806 375 1
355 -1 -1 6832 8 0 0 0 0 5 0 0 27 0 3416 3697 2740 -1015 902 15 1708 3540 -2931 -4306 -1672 356 854 4433 -6868 -2410 4906 386 427 2070 7697 4261 6619 6 0
356 0
357 1
358 -1 -1 1707 8 0 1 0 0 1 0 2 0 14 0
359 1
360 -1 -1 3413 8 0 5 0 0 47 0 5 3 0 1
361 -1 -1 3412 8 0 0 0 0 1 0 3 11 0 1706 1782 -1334 -3296 4350 359 853 4008 3295 4754 -3505 379 1
362 -1 -1 852 8 0 7 9 0 3 2 0 0 0 426 -114 34 -3013 7636 352 213 -2704 1425 -4628 7971 347 0
363 0
364 0
365 1
366 -1 -1 1703 8 0 2 0 0 0 0 0 0 0 0
367 1
368 -1 -1 3405 8 0 0 0 0 1 0 0 0 0 0
369 1
370 -1 -1 6809 8 0 0 0 0 34 0 0 0 0 0
371 1
372 -1 -1 13617 8 0 0 0 0 62 0 0 0 0 1
373 -1 -1 13616 8 0 0 0 0 13 0 0 0 0 6808 -1003 -2551 -1751 7415 249 3404 1465 -569 -989 2654 314 1702 4614 -4540 101 -2297 349 851 1746 -2038 -4465 2545 399 1
374 -1 -1 850 8 0 5 4 4 16 0 5 0 5 425 4463 212 4006 -7258 4 1
375 -1 -1 424 8 0 1 1 0 4 0 1 0 32 212 -675 -6402 -4714 3681 272 106 90 -5796 -3433 5041 353 53 2481 -3463 4329 2398 13 0
376 0
377 1
378 -1 -1 211 8 0 17 0 0 2 0 1 14 0 0
379 1
380 -1 -1 421 8 0 23 5 0 10 0 9 0 2 0
381 1
382 -1 -1 841 8 0 8 0 0 1 0 2 0 0 0
383 1
384 -1 -1 1681 8 0 18 0 0 0 0 0 0 0 0
385 1
386 -1 -1 3361 8 0 19 0 0 0 0 0 0 0 1
387 -1 -1 3360 8 0 64 0 0 0 0 0 0 0 1680 -4400 7554 1734 -7531 93 840 -2483 -5165 2850 3643 179 420 2063 4929 4236 3628 9 210 1877 1259 -3068 -6501 10 105 4851 -848 4391 3105 86 0
388 1
389 -1 -1 209 8 0 64 1 0 2 2 0 0 0 0
390 1
391 -1 -1 417 8 0 6 2 0 1 19 0 14 3 0
392 0
393 1
394 -1 -1 1667 8 0 3 0 33 3 0 3 6 4 1
395 -1 -1 1666 8 0 24 1 10 24 5 1 0 1 833 2859 -744 487 6731 181 0
396 1
397 -1 -1 1665 8 0 15 0 1 24 0 23 0 0 0
398 1
399 -1 -1 3329 8 0 34 0 0 4 0 0 0 3 0
400 1
401 -1 -1 6657 8 0 8 0 6 0 0 0 0 10 0
402 1
403 -1 -1 13313 8 0 1 7 0 1 0 0 0 0 1
404 -1 -1 13312 8 0 7 0 0 28 1 7 0 31 6656 -403 2598 4290 3892 217 3328 -2974 5548 4482 3708 254 1664 -2884 -2544 -4443 2258 397 832 -4542 -1131 -2057 -6287 5 416 1733 -1878 570 1516 5 208 2831 4073 -167 302 289 104 -341 -1263 1900 -6025 394 52 -197 -4382 -4178 909 398 26 -1169 -2205 -4502 6100 321 13 -2781 -6381 711 -874 33 0
405 0
406 0
407 0
408 1
409 -1 -1 207 8 0 10 0 17 3 2 4 28 0 0
410 0
411 1
412 -1 -1 827 8 0 45 0 0 4 0 4 0 0 0
413 1
414 -1 -1 1653 8 0 18 0 0 0 0 0 0 0 0
415 1
416 -1 -1 3305 8 0 10 0 0 4 0 0 0 0 0
417 1
418 -1 -1 6609 8 0 1 0 0 10 0 0 0 0 0
419 1
420 -1 -1 13217 8 0 10 0 0 18 0 68 0 0 1
421 -1 -1 13216 8 0 0 0 0 0 0 33 0 0 6608 -164 2829 -4377 -1256 396 3304 -2356 7738 -658 2298 72 1652 3829 -6762 -2713 6307 10 826 -848 7294 2661 586 330 413 2572 -3988 2095 2956 9 0
422 1
423 -1 -1 825 8 0 3 4 4 18 0 2 6 0 0
424 1
425 -1 -1 1649 8 0 0 0 0 2 0 14 0 28 0
426 1
427 -1 -1 3297 8 0 2 0 2 22 0 8 0 12 0
428 1
429 -1 -1 6593 8 0 27 0 0 3 0 0 1 0 1
430 -1 -1 6592 8 0 4 0 0 8 0 26 0 2 3296 1217 -534 -3001 3680 391 1648 2269 4938 3083 -426 6 824 -1353 -476 3219 361 34 412 4891 1949 4235 -248 5 206 -3294 7662 -3980 -2485 374 103 -951 2282 1433 6137 322 0
431 0
432 0
433 1
434 -1 -1 823 8 0 4 0 3 0 34 0 0 0 1
435 -1 -1 822 8 0 5 0 22 3 1 0 8 1 411 -2554 171 -1710 6219 342 0
436 0
437 0
438 1
439 -1 -1 3287 8 0 4 0 0 3 0 0 0 0 0
440 1
441 -1 -1 6573 8 0 1 0 0 0 2 0 0 0 0
442 1
443 -1 -1 13145 8 0 0 0 0 0 0 0 21 0 1
444 -1 -1 13144 8 0 0 0 0 0 0 0 57 0 6572 4465 112 -203 -866 34 3286 612 -2037 768 1805 394 1643 4029 3126 841 1837 22 1
445 -1 -1 1642 8 0 21 1 3 0 0 1 15 0 821 850 -2397 -4024 6721 237 1
446 -1 -1 820 8 0 6 12 2 1 9 0 0 1 410 -4059 1708 -2317 -3363 0 205 3730 -5014 2463 -6681 4 0
447 0
448 0
449 1
450 -1 -1 1639 8 0 0 0 12 0 0 0 0 0 0
451 1
452 -1 -1 3277 8 0 0 0 4 0 0 0 0 0 0
453 1
454 -1 -1 6553 8 0 0 0 61 0 0 0 0 0 1
455 -1 -1 6552 8 0 0 0 14 0 0 0 0 0 3276 1459 7899 2770 3770 261 1638 -1581 2966 -1592 4379 212 819 1284 6197 2661 -378 19 1
456 -1 -1 818 8 0 7 0 1 5 0 1 1 0 409 3401 -416 827 1639 4 0
457 1
458 -1 -1 817 8 0 3 0 40 1 1 0 6 0 0
459 0
460 1
461 -1 -1 3267 8 0 0 0 0 0 67 0 0 0 1
462 -1 -1 3266 8 0 1 0 0 0 1 0 0 2 1633 3044 -527 -3833 4567 368 1
463 -1 -1 1632 8 0 0 0 12 3 2 0 10 0 816 4611 -7144 577 6357 386 408 2106 -5266 -3900 4387 336 204 3353 7148 -3933 -5282 154 102 2781 -4777 2828 -893 0 51 952 4039 -3647 -7021 34 0
464 0
465 0
466 1
467 -1 -1 407 8 0 6 0 14 6 0 1 0 4 0
468 1
469 -1 -1 813 8 0 15 0 0 1 0 0 0 0 0
470 1
471 -1 -1 1625 8 0 16 9 1 25 0 18 0 0 1
472 -1 -1 1624 8 0 2 0 0 30 0 9 0 0 812 4886 1864 -4003 -1865 383 406 1189 281 3139 4588 19 203 1698 4782 2558 -938 20 0
473 0
474 1
475 -1 -1 811 8 0 21 0 18 2 15 1 0 3 0
476 1
477 -1 -1 1621 8 0 5 2 0 0 3 0 0 0 0
478 1
479 -1 -1 3241 8 0 3 0 0 0 0 0 0 0 0
480 1
481 -1 -1 6481 8 0 1 0 0 0 0 0 0 0 0
482 1
483 -1 -1 12961 8 0 0 0 35 0 0 0 0 0 1
484 -1 -1 12960 8 0 0 0 46 0 0 0 0 0 6480 -3291 4591 3278 -5589 0 3240 3369 5801 198 1271 367 1620 -1575 -5155 3683 7973 15 810 4124 4965 -2703 3484 389 405 343 244 -1488 -5134 393 0
485 1
486 -1 -1 809 8 0 9 0 0 3 0 0 28 0 0
487 1
488 -1 -1 1617 8 0 3 0 1 1 57 0 3 0 1
489 -1 -1 1616 8 0 5 3 13 1 0 0 0 1 808 4309 -4193 -232 7551 375 404 571 -6482 3964 4911 4 202 2468 1868 370 -7785 280 101 -1165 6405 -3417 -621 9 0
490 0
491 0
492 0
493 0
494 1
495 -1 -1 3231 8 0 0 0 0 2 0 13 0 0 0
496 1
497 -1 -1 6461 8 0 2 43 0 0 1 0 0 1 1
498 -1 -1 6460 8 0 7 19 0 3 0 1 0 15 3230 -1145 -1051 -3833 -4201 26 1615 -2284 5098 813 5885 10 0
499 1
500 -1 -1 3229 8 0 1 28 0 15 0 0 0 0 0
501 1
502 -1 -1 6457 8 0 0 9 7 0 0 0 0 3 0
503 1
504 -1 -1 12913 8 0 1 19 0 0 0 0 2 24 1
505 -1 -1 12912 8 0 0 8 0 7 0 0 0 268 6456 1238 2322 -1425 -48 392 3228 737 2295 2334 4751 372 1614 -1554 6911 937 -7202 45 807 539 -236 856 -7287 395 0
506 0
507 0
508 0
509 1
510 -1 -1 12911 8 0 0 0 0 1 0 0 0 0 1
511 -1 -1 12910 8 0 0 93 0 0 0 0 0 0 6455 -1186 -5615 2733 -5206 105 1
512 -1 -1 6454 8 0 0 1 0 4 0 4 0 0 3227 4665 2188 -593 -4982 319 1
513 -1 -1 3226 8 0 0 31 36 0 0 0 0 0 1613 4500 5770 3269 -6524 23 0
514 1
515 -1 -1 3225 8 0 5 1 0 0 2 0 9 0 0
516 1
517 -1 -1 6449 8 0 0 14 0 2 0 0 1 46 1
518 -1 -1 6448 8 0 0 39 5 4 0 0 0 0 3224 3886 4485 2945 -5117 338 1612 632 30 -2554 -903 400 806 -1276 -202 -462 -6661 16 403 1619 3756 -120 -6581 335 0
519 0
520 0
521 0
522 0
523 1
524 -1 -1 12895 8 0 0 0 0 2 0 0 0 6 1
525 -1 -1 12894 8 0 10 53 1 4 0 2 0 1 6447 -3808 -890 2276 -6320 398 1
526 -1 -1 6446 8 0 0 0 2 0 0 0 0 20 3223 2712 6125 -3567 -5794 399 0
527 0
528 1
529 -1 -1 12891 8 0 3 5 58 1 0 2 0 3 1
530 -1 -1 12890 8 0 4 0 0 5 3 3 0 0 6445 -97 6474 -2297 2775 0 1
531 -1 -1 6444 8 0 13 16 0 14 1 7 0 0 3222 4406 5601 4884 -1727 115 1611 3476 7686 -3118 4731 31 0
532 0
533 0
534 1
535 -1 -1 12887 8 0 1 7 0 1 0 0 0 3 1
536 -1 -1 12886 8 0 0 201 1 0 0 0 0 1 6443 -1111 3625 3467 -3317 398 0
537 1
538 -1 -1 12885 8 0 0 2 15 1 0 0 0 0 1
539 -1 -1 12884 8 0 0 41 0 1 8 0 0 3 6442 3232 3139 -4561 5421 387 3221 3595 5584 -2056 1606 10 1
540 -1 -1 3220 8 0 2 11 0 10 1 4 0 12 1610 4911 4264 826 -5327 382 805 94 17 -1419 -3353 397 0
541 0
542 0
543 1
544 -1 -1 6439 8 0 0 2 3 9 1 4 0 18 1
545 -1 -1 6438 8 0 1 32 17 4 0 0 0 1 3219 675 621 -2836 -5665 350 0
546 1
547 -1 -1 6437 8 0 3 0 3 20 0 1 0 0 0
548 1
549 -1 -1 12873 8 0 1 5 0 0 0 0 0 0 1
550 -1 -1 12872 8 0 1 4 116 2 0 0 0 0 6436 -4802 -3576 1311 -4551 351 3218 4596 -3990 -3963 -7352 6 1609 -680 1616 -3532 -4361 335 0
551 0
552 1
553 -1 -1 6435 8 0 2 34 2 3 0 0 0 4 0
554 1
555 -1 -1 12869 8 0 0 8 0 1 0 0 0 1 1
556 -1 -1 12868 8 0 1 3 0 11 0 0 0 55 6434 3384 -543 1555 818 7 3217 -2270 2646 1008 -7449 307 0
557 1
558 -1 -1 6433 8 0 4 16 2 16 0 0 17 0 0
559 1
560 -1 -1 12865 8 0 0 59 5 0 0 0 0 0 1
561 -1 -1 12864 8 0 1 12 12 3 0 2 0 2 6432 1211 -630 -1012 5203 322 3216 2516 4920 -4601 3602 26 1608 3040 -138 3725 -7432 305 804 3803 6810 -692 -1487 38 402 4126 3446 -2971 -4090 361 201 1545 -712 -4531 6623 331 0
562 0
563 0
564 0
565 0
566 1
567 -1 -1 6431 8 0 1 0 4 3 2 0 0 0 0
568 1
569 -1 -1 12861 8 0 0 0 0 1 0 0 0 163 1
570 -1 -1 12860 8 0 3 2 0 1 3 0 0 11 6430 1264 2679 4796 7223 309 3215 -1289 5053 -2061 5033 397 0
571 1
572 -1 -1 6429 8 0 7 2 9 2 0 0 0 32 1
573 -1 -1 6428 8 0 0 24 0 1 11 0 0 0 3214 1456 7892 -1424 -6839 395 1607 -4304 -3500 4008 6296 0 0
574 1
575 -1 -1 3213 8 0 1 0 9 1 26 0 2 0 0
576 1
577 -1 -1 6425 8 0 0 0 0 0 13 0 0 0 0
578 1
579 -1 -1 12849 8 0 5 0 100 2 4 3 0 1 1
580 -1 -1 12848 8 0 2 16 18 4 0 0 0 7 6424 -1959 7022 -4927 -4472 377 3212 -3690 -4700 2250 512 4 1606 4774 7214 -382 639 0 803 643 5981 -453 1571 5 0
581 0
582 0
583 1
584 -1 -1 6423 8 0 2 0 0 0 0 1 0 2 0
585 1
586 -1 -1 12845 8 0 0 2 0 0 0 1 0 0 1
587 -1 -1 12844 8 0 0 3 76 0 0 0 0 0 6422 -3483 2964 380 -2842 10 3211 3849 -1006 -532 -3064 395 1
588 -1 -1 3210 8 0 8 1 0 1 0 0 0 0 1605 -894 -909 -915 -2510 0 1
589 -1 -1 1604 8 0 41 0 0 1 0 0 0 0 802 3810 7647 408 4769 5 401 -1827 5309 2975 -7678 33 0
590 0
591 0
592 1
593 -1 -1 3207 8 0 0 2 0 0 0 1 65 1 1
594 -1 -1 3206 8 0 4 20 2 0 0 4 2 9 1603 -41 2034 -1646 1085 8 0
595 0
596 1
597 -1 -1 6411 8 0 0 18 0 1 0 0 0 0 0
598 1
599 -1 -1 12821 8 0 0 1 8 5 0 0 0 81 1
600 -1 -1 12820 8 0 0 8 3 0 0 0 3 4 6410 2528 3806 -2846 -6125 53 3205 -3265 -2597 -2416 6211 400 1
601 -1 -1 3204 8 0 7 32 3 4 0 2 9 2 1602 1603 5754 -3116 4866 31 801 1744 4642 -3044 854 380 0
602 0
603 1
604 -1 -1 3203 8 0 5 0 0 0 0 3 0 0 0
605 1
606 -1 -1 6405 8 0 0 0 0 0 0 0 5 0 0
607 1
608 -1 -1 12809 8 0 4 0 0 0 0 0 0 0 1
609 -1 -1 12808 8 0 1 77 1 1 0 0 0 0 6404 603 -549 1326 7935 393 3202 2618 7556 1604 -7830 325 1601 -1193 -608 732 6061 397 0
610 1
611 -1 -1 3201 8 0 5 0 0 1 0 2 41 0 0
612 1
613 -1 -1 6401 8 0 41 0 0 0 0 2 4 0 0
614 1
615 -1 -1 12801 8 0 6 0 2 1 35 1 0 0 1
616 -1 -1 12800 8 0 13 28 10 20 7 8 9 6 6400 1127 -943 -2919 4282 382 3200 -566 199 -2413 5992 400 1600 -578 -6904 -700 3696 345 800 427 2553 901 5005 175 400 2587 7424 -4345 -6656 315 200 -2699 7554 -3817 -6056 301 100 3836 2862 -1882 -3636 6 50 4488 -3879 -4908 1188 359 25 4049 -6943 -3688 -4261 339 0
617 0
618 0
619 0
620 0
621 1
622 -1 -1 799 8 0 0 0 1 2 0 0 4 0 1
623 -1 -1 798 8 0 0 0 61 0 5 0 1 0 399 -1522 3816 1811 7887 1 0
624 0
625 0
626 1
627 -1 -1 3191 8 0 0 11 0 1 0 0 0 0 0
628 1
629 -1 -1 6381 8 0 0 9 0 0 0 0 2 0 1
630 -1 -1 6380 8 0 0 3 59 1 0 0 0 0 3190 31 3136 -2041 668 268 1595 210 6583 -4546 6684 58 1
631 -1 -1 1594 8 0 1 7 0 1 0 0 0 13 797 -4778 6146 -2825 -5768 94 0
632 0
633 1
634 -1 -1 3187 8 0 0 4 1 0 1 0 2 3 0
635 0
636 1
637 -1 -1 12747 8 0 0 95 0 0 0 0 0 0 1
638 -1 -1 12746 8 0 0 1 0 1 0 0 0 0 6373 2017 6488 -2523 544 2 1
639 -1 -1 6372 8 0 0 18 6 3 0 0 0 0 3186 -2598 5807 -2613 -3963 115 1593 -2010 4771 4151 4651 290 1
640 -1 -1 1592 8 0 0 2 5 2 7 8 0 3 796 -784 -108 123 -7619 201 398 3495 4484 -752 -5660 265 199 -87 7027 -4175 -6924 315 0
641 0
642 0
643 1
644 -1 -1 1591 8 0 0 0 1 0 4 0 8 0 0
645 1
646 -1 -1 3181 8 0 0 0 0 0 0 0 33 0 1
647 -1 -1 3180 8 0 0 0 0 0 0 0 56 0 1590 4577 -800 -2069 3500 350 795 -2677 -3386 986 1740 154 0
648 1
649 -1 -1 1589 8 0 0 2 0 3 16 0 19 10 0
650 0
651 1
652 -1 -1 6355 8 0 0 0 2 1 21 0 0 0 0
653 1
654 -1 -1 12709 8 0 0 28 0 1 0 0 0 0 1
655 -1 -1 12708 8 0 6 14 49 3 0 2 0 3 6354 2789 3707 101 -5214 374 3177 -1075 -6861 1584 -6552 201 0
656 1
657 -1 -1 6353 8 0 3 0 0 1 0 0 1 0 0
658 1
659 -1 -1 12705 8 0 1 2 0 0 0 0 0 0 1
660 -1 -1 12704 8 0 2 0 108 0 2 0 0 0 6352 -783 -6687 2965 5052 141 3176 5 -4339 -3429 1515 291 1588 442 6917 -1521 5256 2 794 -4913 -7013 4334 -4051 192 397 4422 4937 544 4891 390 0
661 0
662 1
663 -1 -1 1587 8 0 0 5 28 2 5 0 2 0 0
664 0
665 1
666 -1 -1 6347 8 0 0 0 0 3 2 0 1 19 1
667 -1 -1 6346 8 0 0 2 0 6 45 0 0 4 3173 842 244 -251 -2302 29 0
668 1
669 -1 -1 6345 8 0 0 1 1 0 4 0 0 0 0
670 1
671 -1 -1 12689 8 0 0 0 3 0 0 0 0 0 1
672 -1 -1 12688 8 0 0 1 0 0 1 0 0 92 6344 3016 -2516 3562 -527 27 3172 -1476 -5106 -1676 4902 167 1586 448 6370 4814 2666 8 793 2811 -2523 332 -847 18 0
673 0
674 0
675 0
676 1
677 -1 -1 12687 8 0 0 0 1 2 16 0 0 0 1
678 -1 -1 12686 8 0 0 0 120 9 11 0 0 0 6343 -1519 4972 -4926 -5067 304 0
679 1
680 -1 -1 12685 8 0 1 21 6 0 0 0 0 0 1
681 -1 -1 12684 8 0 0 2 7 1 36 0 0 1 6342 -509 7070 3503 422 285 3171 3728 4125 1454 -4145 89 0
682 0
683 1
684 -1 -1 12683 8 0 1 7 9 37 215 1 0 0 1
685 -1 -1 12682 8 0 0 13 73 11 103 0 0 1 6341 4802 630 363 -7796 17 0
686 1
687 -1 -1 12681 8 0 0 8 7 8 0 17 0 0 1
688 -1 -1 12680 8 0 0 1 1 4 21 6 3 0 6340 502 3764 -2394 1777 24 3170 -1793 -1771 -3798 1655 0 1585 -2289 3213 -289 -6824 240 0
689 0
690 0
691 1
692 -1 -1 12679 8 0 0 0 0 1 2 0 0 4 1
693 -1 -1 12678 8 0 0 0 67 0 0 0 0 0 6339 -694 7230 270 1043 93 1
694 -1 -1 6338 8 0 0 13 11 1 4 1 0 34 3169 -4668 4801 -4392 -3448 142 0
695 1
696 -1 -1 6337 8 0 0 0 33 7 0 0 1 18 0
697 1
698 -1 -1 12673 8 0 1 0 14 25 47 0 20 3 1
699 -1 -1 12672 8 0 2 15 0 16 0 1 4 6 6336 3692 6721 1972 -4409 13 3168 891 2812 1285 5831 233 1584 3068 4158 359 -73 32 792 1800 6169 3811 -6558 45 396 -3313 7310 -301 -4734 320 198 4426 6712 -4372 -4264 368 99 281 2917 4853 4714 239 0
700 0
701 0
702 1
703 -1 -1 791 8 0 1 0 2 5 0 0 0 1 0
704 1
705 -1 -1 1581 8 0 0 0 0 2 0 0 0 0 0
706 1
707 -1 -1 3161 8 0 0 1 0 0 0 0 1 3 0
708 0
709 1
710 -1 -1 12643 8 0 0 0 0 0 0 0 0 2 1
711 -1 -1 12642 8 0 0 0 0 0 0 0 0 108 6321 72 3022 -170 -6812 385 1
712 -1 -1 6320 8 0 0 0 0 0 0 0 0 19 3160 4667 -3975 411 -1752 132 1580 -26 568 2090 -5613 231 790 -369 5828 4926 -3571 264 395 4311 2912 -843 -6480 282 0
713 0
714 1
715 -1 -1 1579 8 0 0 0 17 0 0 0 0 10 1
716 -1 -1 1578 8 0 0 2 2 1 6 0 0 41 789 4306 -4776 -318 2678 263 0
717 1
718 -1 -1 1577 8 0 3 27 0 0 0 0 7 3 1
719 -1 -1 1576 8 0 7 1 3 14 10 1 3 7 788 -4890 5142 696 -6951 272 394 4630 6156 2744 -539 28 197 4322 -5376 -3581 6450 352 0
720 0
721 1
722 -1 -1 787 8 0 7 1 0 4 3 0 2 34 0
723 0
724 1
725 -1 -1 3147 8 0 0 33 0 0 9 0 0 0 0
726 1
727 -1 -1 6293 8 0 1 11 48 1 5 0 0 3 1
728 -1 -1 6292 8 0 0 6 0 4 1 0 0 2 3146 1193 7717 -4314 -2299 295 1573 3938 4642 2648 -2028 302 0
729 1
730 -1 -1 3145 8 0 1 0 3 10 1 1 3 0 0
731 1
732 -1 -1 6289 8 0 0 1 1 7 0 0 0 0 0
733 1
734 -1 -1 12577 8 0 2 0 0 0 0 0 0 0 1
735 -1 -1 12576 8 0 0 253 0 2 0 0 0 0 6288 -2579 -5611 -1977 -4057 208 3144 4606 -2082 4556 6405 15 1572 2971 -4276 -99 -5716 19 786 4846 6589 3434 -1684 43 393 -3539 6189 4762 -7470 374 0
736 0
737 1
738 -1 -1 1571 8 0 2 1 0 5 22 1 0 3 0
739 1
740 -1 -1 3141 8 0 0 1 0 0 0 0 1 61 1
741 -1 -1 3140 8 0 1 17 5 4 0 0 1 10 1570 -2325 1994 328 -2310 208 785 -4717 -7696 4399 6103 212 0
742 0
743 0
744 1
745 -1 -1 6279 8 0 1 11 0 1 0 0 5 7 0
746 1
747 -1 -1 12557 8 0 0 0 3 1 4 0 1 3 1
748 -1 -1 12556 8 0 0 0 82 12 0 0 0 0 6278 2247 3185 -3683 -3429 296 3139 2996 4606 3893 -50 296 1
749 -1 -1 3138 8 0 2 3 1 10 1 0 0 38 1569 4107 3889 485 -6763 25 0
750 0
751 1
752 -1 -1 6275 8 0 0 0 29 1 5 0 0 0 1
753 -1 -1 6274 8 0 0 11 7 15 15 2 0 2 3137 3266 -7963 -2320 4213 317 0
754 0
755 1
756 -1 -1 12547 8 0 0 2 2 0 0 0 0 22 1
757 -1 -1 12546 8 0 2 0 16 16 5 8 0 0 6273 -1746 4169 -1351 -7371 167 0
758 1
759 -1 -1 12545 8 0 2 79 3 14 0 4 0 8 1
760 -1 -1 12544 8 0 3 57 18 94 1 0 1 3 6272 -4461 -4644 4611 1553 0 3136 -2559 -5224 3760 -574 4 1568 1643 7999 1436 -529 22 784 3200 3798 -2589 -6885 253 392 -3561 6520 -4419 -2449 366 196 -12 6841 106 -6240 277 98 4789 -4647 -4485 -6558 311 49 3165 6310 2827 1380 11 0
761 0
762 0
763 0
764 0
765 1
766 -1 -1 1567 8 0 1 0 0 0 0 5 5 3 1
767 -1 -1 1566 8 0 0 0 5 0 0 0 0 64 783 -4549 -4415 -1372 6169 34 0
768 0
769 1
770 -1 -1 3131 8 0 1 4 0 0 40 0 1 0 0
771 1
772 -1 -1 6261 8 0 0 4 0 6 4 12 3 0 0
773 1
774 -1 -1 12521 8 0 1 0 0 0 12 0 11 0 1
775 -1 -1 12520 8 0 0 0 0 4 7 0 254 0 6260 -3544 -1229 -3791 -7424 280 3130 -4885 1534 -2364 4882 21 1565 -4809 -5361 -4255 -3427 37 0
776 1
777 -1 -1 3129 8 0 1 8 0 0 0 0 0 55 0
778 1
779 -1 -1 6257 8 0 10 22 0 0 0 0 6 6 0
780 1
781 -1 -1 12513 8 0 0 0 0 0 0 4 0 4 1
782 -1 -1 12512 8 0 1 7 4 2 10 0 85 1 6256 1740 7120 -277 -1853 153 3128 1858 3215 767 -3463 153 1564 -4616 -7188 4788 5646 298 782 2237 -2878 1125 5716 288 391 4222 -7223 -2759 1495 373 0
783 0
784 0
785 1
786 -1 -1 3127 8 0 2 0 0 1 12 5 34 0 0
787 0
788 1
789 -1 -1 12507 8 0 0 6 13 13 3 2 0 0 1
790 -1 -1 12506 8 0 0 0 136 5 0 0 1 4 6253 4636 -1187 -1437 6418 286 0
791 1
792 -1 -1 12505 8 0 0 0 1 37 8 37 1 0 1
793 -1 -1 12504 8 0 0 24 20 11 5 1 7 5 6252 75 -689 2885 -5211 12 3126 4000 -6644 620 5940 261 1563 2919 -4027 1675 -1125 26 0
794 0
795 0
796 1
797 -1 -1 12503 8 0 0 0 2 2 0 0 13 6 1
798 -1 -1 12502 8 0 0 1 14 4 43 0 0 0 6251 -2133 1034 447 -4898 259 1
799 -1 -1 6250 8 0 0 0 0 9 2 2 0 56 3125 3887 -5882 -3159 -5919 10 0
800 0
801 1
802 -1 -1 12499 8 0 0 0 27 1 2 0 3 0 1
803 -1 -1 12498 8 0 0 3 6 23 200 0 74 0 6249 -339 -3219 3273 651 219 0
804 1
805 -1 -1 12497 8 0 0 0 0 27 13 0 2 3 1
806 -1 -1 12496 8 0 0 2 142 10 79 0 11 1 6248 1984 -6983 4555 -5211 3 3124 -1270 -6635 -3848 1520 201 1562 2297 1194 3887 5414 248 781 -2758 -4675 -4585 6890 250 0
807 0
808 0
809 1
810 -1 -1 6247 8 0 1 0 40 10 2 2 1 0 0
811 1
812 -1 -1 12493 8 0 1 79 13 19 27 0 62 0 1
813 -1 -1 12492 8 0 0 6 8 28 63 0 42 5 6246 509 260 4908 3723 8 3123 -811 -52 -683 5453 290 0
814 0
815 1
816 -1 -1 12491 8 0 0 7 0 0 5 0 0 29 1
817 -1 -1 12490 8 0 1 12 5 32 34 0 296 39 6245 -3102 -6913 3378 7570 304 0
818 1
819 -1 -1 12489 8 0 6 1 4 2 66 1 9 0 1
820 -1 -1 12488 8 0 2 29 107 20 39 0 270 5 6244 -2007 -7797 191 4859 282 3122 4906 -2841 -1228 -5703 20 1561 2131 3443 -2906 5538 6 0
821 0
822 0
823 1
824 -1 -1 12487 8 0 0 0 0 0 0 1 0 1 1
825 -1 -1 12486 8 0 0 0 0 0 0 0 90 0 6243 -334 472 -4510 -772 308 1
826 -1 -1 6242 8 0 4 0 1 17 1 16 13 3 3121 1595 6627 1866 -5436 236 0
827 0
828 1
829 -1 -1 12483 8 0 0 0 1 15 2 0 37 6 1
830 -1 -1 12482 8 0 1 1 65 6 357 0 5 16 6241 -3355 392 -2410 5758 256 0
831 1
832 -1 -1 12481 8 0 2 0 6 29 1 4 132 5 1
833 -1 -1 12480 8 0 8 37 188 201 379 4 304 40 6240 4854 -293 -4686 5992 301 3120 4825 1620 488 -293 23 1560 3479 6395 -4180 -192 384 780 27 944 4611 5851 227 390 -2559 -448 468 -1133 2 195 4751 -4341 3819 1205 298 0
834 0
835 0
836 0
837 1
838 -1 -1 3119 8 0 0 11 0 0 0 0 3 0 0
839 1
840 -1 -1 6237 8 0 0 0 0 0 5 0 0 1 0
841 1
842 -1 -1 12473 8 0 1 0 0 1 0 0 0 0 1
843 -1 -1 12472 8 0 0 0 0 1 0 0 80 0 6236 2098 -1167 1488 -4304 0 3118 -2227 -7953 2693 4325 340 1559 1887 3759 2926 305 400 0
844 1
845 -1 -1 3117 8 0 2 0 0 1 0 0 18 0 0
846 1
847 -1 -1 6233 8 0 0 0 3 1 0 0 0 6 0
848 1
849 -1 -1 12465 8 0 0 0 108 1 0 0 0 0 1
850 -1 -1 12464 8 0 0 0 0 3 2 0 0 0 6232 3863 5734 -452 6391 0 3116 3658 -4301 2284 -1991 3 1558 646 7 244 6477 300 779 -4911 -7071 -3499 2944 292 0
851 0
852 1
853 -1 -1 3115 8 0 0 0 1 0 0 0 9 12 0
854 0
855 1
856 -1 -1 12459 8 0 0 180 0 1 0 0 0 1 1
857 -1 -1 12458 8 0 0 17 2 1 11 0 0 0 6229 423 -1834 -4845 -7038 3 0
858 1
859 -1 -1 12457 8 0 0 3 0 6 0 0 0 11 1
860 -1 -1 12456 8 0 0 36 7 4 4 0 0 0 6228 -2703 -556 3742 -1566 258 3114 -56 655 -1899 -4856 0 1557 -4634 -4711 -3946 1517 290 0
861 0
862 1
863 -1 -1 6227 8 0 0 0 0 0 0 0 0 36 1
864 -1 -1 6226 8 0 0 4 16 1 1 0 5 9 3113 -1480 -7534 3841 4188 200 0
865 1
866 -1 -1 6225 8 0 4 8 43 1 0 0 6 5 0
867 1
868 -1 -1 12449 8 0 0 3 9 0 7 0 0 7 1
869 -1 -1 12448 8 0 0 69 10 7 1 1 10 1 6224 2396 1000 2217 -2416 34 3112 -1092 278 779 3480 250 1556 -3995 -2373 2934 7753 209 778 -4178 -6468 4304 365 230 389 -305 -4338 799 7639 279 0
870 0
871 0
872 1
873 -1 -1 3111 8 0 0 0 0 5 22 0 0 8 0
874 0
875 1
876 -1 -1 12443 8 0 1 4 0 4 3 0 26 126 1
877 -1 -1 12442 8 0 0 4 0 0 0 0 61 9 6221 167 -306 -3403 6693 295 0
878 1
879 -1 -1 12441 8 0 0 4 1 0 0 0 0 0 1
880 -1 -1 12440 8 0 0 1 0 1 1 0 79 0 6220 -470 -3359 1827 6971 118 3110 2168 -2927 4765 -7762 0 1555 4093 -1994 -4490 5306 327 0
881 0
882 0
883 1
884 -1 -1 12439 8 0 0 0 29 4 10 0 11 0 1
885 -1 -1 12438 8 0 0 117 0 8 18 4 56 25 6219 1043 455 -3956 3524 284 0
886 1
887 -1 -1 12437 8 0 0 3 1 2 51 0 101 0 1
888 -1 -1 12436 8 0 0 15 11 11 127 0 14 13 6218 900 -732 -4978 -7362 245 3109 741 -253 4878 -6776 222 0
889 0
890 1
891 -1 -1 12435 8 0 2 1 37 0 0 0 0 0 1
892 -1 -1 12434 8 0 2 78 37 3 10 0 187 15 6217 -4133 -3722 236 3293 246 0
893 1
894 -1 -1 12433 8 0 0 2 13 1 87 0 98 25 1
895 -1 -1 12432 8 0 0 24 8 5 22 1 442 25 6216 4389 2970 -2391 7269 256 3108 547 1070 3482 1560 0 1554 3467 -2759 -1623 6946 173 777 3237 1595 -4701 421 299 0
896 0
897 0
898 1
899 -1 -1 6215 8 0 0 0 1 0 18 0 2 2 1
900 -1 -1 6214 8 0 0 0 37 8 3 0 8 0 3107 4047 3754 2370 -121 215 0
901 0
902 1
903 -1 -1 12427 8 0 0 3 0 1 12 0 45 15 1
904 -1 -1 12426 8 0 1 1 1 1 0 0 102 1 6213 4046 2839 1917 -4693 277 1
905 -1 -1 6212 8 0 1 5 7 2 0 0 3 1 3106 3047 4206 -3578 2908 253 1553 2246 7269 1648 4668 14 0
906 0
907 1
908 -1 -1 6211 8 0 2 8 1 2 14 0 17 17 0
909 1
910 -1 -1 12421 8 0 0 0 107 1 1 0 1 12 1
911 -1 -1 12420 8 0 0 5 50 5 29 0 5 2 6210 496 5098 -4144 4126 20 3105 963 3016 134 4191 56 0
912 0
913 1
914 -1 -1 12419 8 0 0 1 15 0 11 0 0 0 1
915 -1 -1 12418 8 0 1 73 7 9 5 0 1 0 6209 -268 2301 -4238 -479 247 1
916 -1 -1 6208 8 0 2 3 5 17 22 0 5 0 3104 2779 4505 -1637 -3802 57 1552 682 -1136 2954 -4501 226 776 2137 4992 2793 -4072 257 388 -2311 -6415 3821 7505 0 194 763 -6606 3619 -1558 14 97 4850 -4364 -4202 3504 176 0
917 0
918 0
919 0
920 0
921 1
922 -1 -1 3103 8 0 0 1 2 0 0 0 0 1 0
923 1
924 -1 -1 6205 8 0 0 0 3 0 0 0 0 0 0
925 1
926 -1 -1 12409 8 0 0 0 79 0 0 0 0 0 1
927 -1 -1 12408 8 0 0 0 1 0 0 0 0 0 6204 2785 4999 -4046 2064 142 3102 1125 -3746 -307 849 162 1551 672 2529 2794 4826 198 1
928 -1 -1 1550 8 0 0 0 14 7 12 8 1 7 775 3461 7169 -863 -6192 342 1
929 -1 -1 774 8 0 0 1 3 7 0 0 20 5 387 3858 6147 2882 991 9 0
930 0
931 0
932 1
933 -1 -1 3095 8 0 0 2 0 2 23 0 12 0 1
934 -1 -1 3094 8 0 0 0 0 2 0 0 45 1 1547 1556 4773 3379 -466 0 0
935 1
936 -1 -1 3093 8 0 0 0 1 0 39 0 1 0 1
937 -1 -1 3092 8 0 0 2 17 3 14 0 0 0 1546 1471 3372 2427 -3786 239 773 1738 852 -3926 4797 191 0
938 0
939 1
940 -1 -1 3091 8 0 0 4 32 3 2 0 3 0 0
941 0
942 1
943 -1 -1 12363 8 0 0 0 8 0 3 0 3 0 1
944 -1 -1 12362 8 0 0 0 5 3 131 0 0 0 6181 -291 -4447 4312 2893 0 1
945 -1 -1 6180 8 0 2 16 0 4 15 0 0 1 3090 1367 1610 -4505 4699 246 1545 3080 5929 -4354 3103 336 0
946 0
947 1
948 -1 -1 6179 8 0 0 0 7 0 6 0 0 31 0
949 1
950 -1 -1 12357 8 0 1 0 0 2 59 0 0 0 1
951 -1 -1 12356 8 0 0 2 1 4 3 0 0 4 6178 3902 1141 4772 -5899 20 3089 -664 7021 -338 -3263 36 0
952 0
953 1
954 -1 -1 12355 8 0 3 0 0 6 1 0 0 17 1
955 -1 -1 12354 8 0 0 2 35 2 0 0 0 5 6177 182 47 -4671 2133 254 0
956 1
957 -1 -1 12353 8 0 0 3 1 19 0 0 0 0 1
958 -1 -1 12352 8 0 0 26 12 4 17 0 2 8 6176 2415 368 -2779 -134 184 3088 2181 165 2580 -5698 239 1544 3461 5009 1987 336 20 772 2675 7835 -4228 2377 279 386 -4764 -309 -4007 6500 175 193 1057 6404 -3473 2411 321 0
959 0
960 0
961 1
962 -1 -1 1543 8 0 0 2 0 4 0 0 12 0 0
963 1
964 -1 -1 3085 8 0 0 0 1 4 0 1 0 0 0
965 1
966 -1 -1 6169 8 0 0 1 2 0 0 0 0 0 0
967 1
968 -1 -1 12337 8 0 0 1 0 0 0 0 3 4 1
969 -1 -1 12336 8 0 0 0 0 0 0 0 0 115 6168 3299 -7266 4555 7486 399 3084 2555 5333 364 1246 375 1542 -738 -113 -3540 3565 272 771 -4263 -4664 -1098 -5006 5 0
970 1
971 -1 -1 1541 8 0 1 1 14 0 5 0 0 0 0
972 1
973 -1 -1 3081 8 0 12 16 3 5 0 1 26 0 1
974 -1 -1 3080 8 0 2 0 1 15 0 0 0 7 1540 -4848 -2547 3804 -364 0 770 -1055 4238 -2385 -7324 321 385 -419 330 -2579 -7659 173 0
975 0
976 0
977 0
978 1
979 -1 -1 6159 8 0 0 1 29 1 2 0 0 2 1
980 -1 -1 6158 8 0 0 39 6 7 0 0 0 0 3079 -3519 -1571 3306 -898 0 1
981 -1 -1 3078 8 0 0 1 8 14 0 7 36 3 1539 4411 -7444 -4210 -912 47 0
982 0
983 1
984 -1 -1 6155 8 0 1 0 6 4 3 4 1 0 0
985 1
986 -1 -1 12309 8 0 1 1 10 6 1 0 0 0 1
987 -1 -1 12308 8 0 0 0 175 5 1 0 0 0 6154 -2216 2731 -4367 -1610 193 3077 -4861 1550 2752 3220 11 1
988 -1 -1 3076 8 0 2 16 8 7 20 5 0 2 1538 4358 -4480 -4531 3166 111 769 4165 308 -1085 -2067 9 0
989 0
990 0
991 1
992 -1 -1 6151 8 0 0 0 0 0 0 0 9 6 0
993 1
994 -1 -1 12301 8 0 0 23 50 2 0 0 0 0 1
995 -1 -1 12300 8 0 1 16 0 1 3 0 0 3 6150 1017 -4882 -4204 -7976 7 3075 1971 4055 -4207 -4826 391 0
996 1
997 -1 -1 6149 8 0 12 0 0 0 0 5 0 0 0
998 1
999 -1 -1 12297 8 0 1 10 0 5 1 0 0 6 1
1000 -1 -1 12296 8 0 3 2 11 6 65 1 0 0 6148 3267 6142 715 -7775 201 3074 -4 -1070 -4247 2277 340 1537 4962 -7852 -4092 5607 202 0
1001 0
1002 1
1003 -1 -1 6147 8 0 0 0 0 0 0 0 0 11 0
1004 1
1005 -1 -1 12293 8 0 0 234 0 25 0 0 0 0 1
1006 -1 -1 12292 8 0 0 124 18 6 0 0 0 13 6146 3404 2413 -3690 4410 38 3073 2280 -7118 3197 5357 317 0
1007 0
1008 1
1009 -1 -1 12291 8 0 0 14 4 10 3 0 0 29 1
1010 -1 -1 12290 8 0 1 0 49 2 27 0 1 6 6145 2556 -5128 -3198 -5447 171 0
1011 1
1012 -1 -1 12289 8 0 2 163 30 20 5 0 5 45 1
1013 -1 -1 12288 8 0 0 1 25 3 1 1 0 9 6144 3330 -4790 2317 -4067 0 3072 4709 2660 -2184 -5265 192 1536 1645 -5745 -1571 -7466 87 768 -1828 -4898 3545 1809 6 384 -3418 -1614 -4323 5674 67 192 2240 -7097 -2528 1783 298 96 3495 2381 2386 -5937 30 48 130 33 -2470 7773 202 24 -2989 6492 -2740 -3668 1 12 -193 -90 -2211 -7763 314 6 -2211 -6242 -4881 2255 316 3 -48 -1157 -4553 6385 398 0
1014 0
1015 0
1016 0
1017 0
1018 0
1019 0
1020 1
1021 -1 -1 383 8 0 16 0 0 0 0 12 0 1 1
1022 -1 -1 382 8 0 39 0 10 0 0 0 0 0 191 -903 -217 -790 -7171 6 1
1023 -1 -1 190 8 0 3 21 26 1 0 0 3 4 95 -2341 4195 -1211 6947 0 0
1024 0
1025 0
1026 1
1027 -1 -1 759 8 0 0 2 0 0 0 0 52 0 0
1028 0
1029 1
1030 -1 -1 3035 8 0 4 3 0 0 2 0 0 4 1
1031 -1 -1 3034 8 0 0 0 0 4 0 0 0 62 1517 -2402 1722 1065 -5339 356 1
1032 -1 -1 1516 8 0 1 0 2 5 16 1 8 3 758 1539 5831 4156 -5905 278 379 3937 4457 -4535 4977 22 0
1033 1
1034 -1 -1 757 8 0 1 1 0 5 21 0 23 1 0
1035 0
1036 0
1037 1
1038 -1 -1 6055 8 0 0 0 0 0 30 0 0 0 0
1039 1
1040 -1 -1 12109 8 0 0 0 0 0 40 0 0 0 1
1041 -1 -1 12108 8 0 0 0 0 0 48 0 0 0 6054 -4406 1525 4621 4221 255 3027 -2142 -2118 4119 7093 37 1
1042 -1 -1 3026 8 0 1 0 0 0 9 1 0 1 1513 -2973 6581 -2316 -4996 201 1
1043 -1 -1 1512 8 0 0 0 16 2 23 1 0 0 756 1039 901 4523 1327 261 378 3773 3809 -3854 5334 17 189 -162 591 -4405 -5548 20 0
1044 1
1045 -1 -1 377 8 0 3 1 0 0 1 1 19 17 0
1046 1
1047 -1 -1 753 8 0 1 0 0 0 0 0 7 0 0
1048 1
1049 -1 -1 1505 8 0 0 0 65 0 0 0 0 0 1
1050 -1 -1 1504 8 0 1 0 1 2 1 0 0 5 752 4830 -4765 -1829 -1345 239 376 -764 -1014 275 -7120 266 188 -2795 1987 -2799 7469 27 94 -3494 7586 1169 -5476 5 47 903 4740 -618 -593 319 0
1051 0
1052 0
1053 0
1054 0
1055 1
1056 -1 -1 1503 8 0 16 3 5 4 9 0 0 0 1
1057 -1 -1 1502 8 0 12 22 9 0 0 2 1 0 751 -2374 7761 925 -3462 33 1
1058 -1 -1 750 8 0 7 0 0 3 0 0 0 9 375 -3550 2200 3825 -6395 208 0
1059 1
1060 -1 -1 749 8 0 1 17 0 2 0 1 0 30 0
1061 0
1062 1
1063 -1 -1 2995 8 0 11 0 0 6 0 0 0 22 0
1064 1
1065 -1 -1 5989 8 0 3 0 3 10 0 0 0 48 0
1066 1
1067 -1 -1 11977 8 0 0 1 0 1 0 1 0 133 1
1068 -1 -1 11976 8 0 1 1 0 0 0 0 0 0 5988 -2090 4336 -3939 -4727 0 2994 -1100 5770 -965 -2484 181 1497 1599 3110 -282 5906 3 0
1069 1
1070 -1 -1 2993 8 0 7 0 0 1 1 0 0 41 1
1071 -1 -1 2992 8 0 4 0 17 2 4 0 0 6 1496 -1089 7731 -3169 -554 2 748 -4845 1956 -3604 -5150 392 374 -4830 1879 -3078 7869 331 187 -1071 325 -4382 7180 14 0
1072 0
1073 1
1074 -1 -1 747 8 0 4 19 0 1 0 0 0 26 0
1075 0
1076 1
1077 -1 -1 2987 8 0 4 3 0 0 8 0 0 7 1
1078 -1 -1 2986 8 0 1 0 0 0 58 0 5 0 1493 -2675 1340 -33 7058 21 1
1079 -1 -1 1492 8 0 5 3 0 2 0 0 0 7 746 -4331 7683 2539 7774 48 373 2339 7296 250 5297 5 0
1080 1
1081 -1 -1 745 8 0 0 0 0 0 0 0 12 26 0
1082 0
1083 1
1084 -1 -1 2979 8 0 3 1 0 7 1 0 0 25 1
1085 -1 -1 2978 8 0 10 7 0 9 8 0 5 0 1489 -1128 -3076 -3691 -6412 12 0
1086 1
1087 -1 -1 2977 8 0 4 0 0 4 0 4 5 2 0
1088 0
1089 1
1090 -1 -1 11907 8 0 3 19 0 3 0 0 0 10 1
1091 -1 -1 11906 8 0 5 54 0 1 0 0 1 0 5953 -2999 -2387 -3990 -4771 1 1
1092 -1 -1 5952 8 0 12 0 0 0 0 0 0 0 2976 -4217 1551 4399 -3169 23 1488 -770 -7171 4528 -2901 249 744 -1587 5875 4768 2414 354 372 4951 -4940 2289 5805 50 186 -4947 6329 -2027 -2800 45 93 -958 2672 -2760 -5983 361 0
1093 0
1094 0
1095 1
1096 -1 -1 743 8 0 3 6 2 0 13 1 0 6 0
1097 1
1098 -1 -1 1485 8 0 4 3 6 0 0 0 0 2 1
1099 -1 -1 1484 8 0 53 0 0 10 1 0 0 0 742 -802 1679 1181 7664 359 371 2530 5176 -2229 5153 15 0
1100 1
1101 -1 -1 741 8 0 1 0 0 2 0 0 0 40 0
1102 1
1103 -1 -1 1481 8 0 5 44 1 0 0 0 0 8 1
1104 -1 -1 1480 8 0 3 9 0 9 0 0 0 0 740 -2928 -1318 249 -7663 397 370 -118 6537 -4207 -3860 98 185 -1528 1862 -4974 7856 5 0
1105 0
1106 0
1107 1
1108 -1 -1 1479 8 0 3 2 0 0 2 0 0 0 0
1109 1
1110 -1 -1 2957 8 0 0 0 0 4 0 0 0 2 0
1111 0
1112 1
1113 -1 -1 11827 8 0 1 0 0 0 0 64 0 0 1
1114 -1 -1 11826 8 0 3 0 0 1 0 6 0 0 5913 -1850 1177 -3979 3940 9 1
1115 -1 -1 5912 8 0 1 1 0 2 0 0 0 0 2956 -3043 605 -4892 455 2 1478 -2402 7829 784 2137 10 739 2683 -1842 -4711 -6608 215 0
1116 1
1117 -1 -1 1477 8 0 0 0 0 0 29 0 0 0 0
1118 1
1119 -1 -1 2953 8 0 0 9 0 0 0 0 0 0 0
1120 1
1121 -1 -1 5905 8 0 0 0 0 0 0 0 0 7 1
1122 -1 -1 5904 8 0 12 0 0 25 16 11 0 0 2952 -3622 3766 -939 2073 4 1476 -4791 -6557 4024 5839 158 738 4435 5627 -198 638 31 369 -2298 6927 -3029 4701 3 0
1123 1
1124 -1 -1 737 8 0 7 0 0 0 0 0 21 0 1
1125 -1 -1 736 8 0 9 0 24 3 9 7 2 0 368 -197 523 -1948 5953 25 184 -3939 -119 3252 -7897 275 92 -2519 657 3632 6575 3 46 -4055 3288 1749 4459 2 23 -3087 4574 -1306 600 145 0
1126 0
1127 0
1128 0
1129 0
1130 1
1131 -1 -1 735 8 0 2 0 0 14 0 6 0 24 0
1132 0
1133 1
1134 -1 -1 2939 8 0 2 0 0 12 1 1 0 0 0
1135 0
1136 1
1137 -1 -1 11755 8 0 2 0 0 17 0 68 0 0 1
1138 -1 -1 11754 8 0 1 1 0 0 0 141 0 0 5877 1759 -5754 3467 5937 0 0
1139 1
1140 -1 -1 11753 8 0 1 0 0 7 0 0 0 0 1
1141 -1 -1 11752 8 0 0 0 0 18 0 45 3 0 5876 2050 6290 -1994 7896 23 2938 -1686 3707 3723 -5394 106 1469 -3853 6074 -4617 7507 0 0
1142 0
1143 1
1144 -1 -1 5875 8 0 0 0 0 15 0 47 0 0 1
1145 -1 -1 5874 8 0 0 0 0 8 0 1 0 0 2937 -1897 7479 339 -6541 23 0
1146 1
1147 -1 -1 5873 8 0 4 0 0 33 0 31 0 0 1
1148 -1 -1 5872 8 0 6 4 0 23 0 6 0 5 2936 2073 7532 -647 -3490 18 1468 4951 6892 -4555 5470 140 734 -4551 4360 -4281 -1788 21 367 4272 6991 -518 -149 280 0
1149 1
1150 -1 -1 733 8 0 0 22 0 20 0 20 1 0 1
1151 -1 -1 732 8 0 0 0 13 1 0 0 0 0 366 -1701 5881 -2292 -7866 9 183 -3056 4284 -3377 -6591 15 0
1152 0
1153 0
1154 1
1155 -1 -1 1463 8 0 0 0 0 5 0 3 0 3 0
1156 1
1157 -1 -1 2925 8 0 0 0 0 0 0 0 49 0 1
1158 -1 -1 2924 8 0 1 0 0 7 0 2 24 0 1462 -88 -4293 -2861 -235 10 731 -2105 4276 -4499 -5497 20 0
1159 1
1160 -1 -1 1461 8 0 2 0 1 3 4 33 26 0 1
1161 -1 -1 1460 8 0 11 11 0 6 2 3 2 0 730 -1032 -4995 -4214 -7019 6 365 321 -1275 1199 7372 186 0
1162 0
1163 1
1164 -1 -1 1459 8 0 1 0 3 7 0 0 3 0 0
1165 1
1166 -1 -1 2917 8 0 2 0 0 10 0 5 0 0 1
1167 -1 -1 2916 8 0 1 0 0 9 0 57 0 0 1458 -3066 -7188 4977 7125 236 729 -1260 7849 -4835 470 173 1
1168 -1 -1 728 8 0 10 19 9 12 0 7 1 0 364 -1071 1053 -2967 -4751 8 182 -2627 6308 2956 -7065 393 91 -945 2446 -2320 -4174 17 0
1169 0
1170 0
1171 1
1172 -1 -1 727 8 0 0 0 0 1 0 0 0 61 1
1173 -1 -1 726 8 0 2 1 2 4 12 2 1 14 363 -487 499 383 -3954 290 0
1174 0
1175 1
1176 -1 -1 1451 8 0 1 0 46 1 0 0 0 0 1
1177 -1 -1 1450 8 0 1 0 5 0 4 15 0 0 725 -2004 4945 -822 -4286 17 1
1178 -1 -1 724 8 0 9 2 4 19 3 8 0 4 362 2519 -1309 -4225 1591 3 181 -3421 3126 -247 1889 14 0
1179 0
1180 1
1181 -1 -1 723 8 0 12 6 10 6 0 0 4 4 1
1182 -1 -1 722 8 0 5 0 0 0 0 0 50 1 361 -2570 7443 -318 2780 281 0
1183 1
1184 -1 -1 721 8 0 8 0 0 27 0 29 2 2 1
1185 -1 -1 720 8 0 8 2 0 1 9 4 5 0 360 -379 -269 -186 -6158 4 180 4155 6717 -2968 -172 267 90 1423 5361 4922 5437 2 45 -1592 4931 -2981 4045 4 0
1186 0
1187 0
1188 0
1189 0
1190 1
1191 -1 -1 1439 8 0 0 0 0 0 0 4 0 0 0
1192 1
1193 -1 -1 2877 8 0 0 0 0 0 0 0 0 36 1
1194 -1 -1 2876 8 0 0 0 0 0 0 0 0 42 1438 -3285 -2603 2184 3302 59 719 4230 5011 4074 -5975 242 1
1195 -1 -1 718 8 0 12 0 0 0 0 0 2 15 359 -2099 -5611 16 -852 53 0
1196 1
1197 -1 -1 717 8 0 2 0 0 2 0 16 0 9 0
1198 1
1199 -1 -1 1433 8 0 12 0 0 0 0 19 2 3 1
1200 -1 -1 1432 8 0 57 1 0 1 0 1 0 0 716 4979 -7501 844 -7341 4 358 -4774 197 425 121 19 179 -2332 -882 355 4090 279 0
1201 0
1202 0
1203 1
1204 -1 -1 1431 8 0 3 0 0 0 0 21 0 0 1
1205 -1 -1 1430 8 0 40 4 0 1 0 7 0 0 715 4028 6278 1953 -4130 281 1
1206 -1 -1 714 8 0 6 11 5 0 0 0 0 0 357 -2765 -7127 -3757 1941 8 0
1207 1
1208 -1 -1 713 8 0 1 8 2 3 2 1 3 4 0
1209 0
1210 1
1211 -1 -1 2851 8 0 7 1 0 9 0 0 0 0 0
1212 0
1213 1
1214 -1 -1 11403 8 0 12 0 0 3 0 0 0 0 1
1215 -1 -1 11402 8 0 181 0 0 0 0 0 0 0 5701 -705 1238 -2287 -587 8 1
1216 -1 -1 5700 8 0 17 0 0 6 0 0 0 0 2850 -1525 -7417 -4686 5806 16 1425 1438 -2056 -1494 310 17 0
1217 0
1218 1
1219 -1 -1 5699 8 0 5 7 0 1 0 0 0 0 1
1220 -1 -1 5698 8 0 57 0 0 3 0 2 0 0 2849 -1493 6481 -2455 -4257 3 1
1221 -1 -1 2848 8 0 14 1 0 18 0 0 4 0 1424 -4262 -6927 -1242 -5874 0 712 515 -6983 -2567 2676 3 356 -4285 2717 -529 395 30 178 -1565 -6718 -3775 3997 34 89 -3501 -6677 -3530 -999 24 0
1222 0
1223 0
1224 1
1225 -1 -1 711 8 0 1 0 0 0 10 0 57 0 1
1226 -1 -1 710 8 0 0 2 0 10 3 7 0 0 355 -2543 -4055 2803 -4152 8 0
1227 0
1228 1
1229 -1 -1 1419 8 0 0 0 0 1 0 0 5 0 0
1230 1
1231 -1 -1 2837 8 0 3 0 2 0 0 0 0 0 0
1232 1
1233 -1 -1 5673 8 0 0 0 0 0 11 0 0 0 1
1234 -1 -1 5672 8 0 0 0 0 0 59 0 0 0 2836 2114 7232 1354 6185 208 1418 3684 -5991 2329 -6896 25 709 2118 2000 2190 7828 332 0
1235 0
1236 0
1237 1
1238 -1 -1 5671 8 0 5 0 0 2 0 1 0 0 1
1239 -1 -1 5670 8 0 3 0 0 1 57 0 2 2 2835 1781 7831 -2421 -7958 24 1
1240 -1 -1 2834 8 0 0 0 0 0 0 10 0 2 1417 -4870 2836 4197 -7432 49 0
1241 1
1242 -1 -1 2833 8 0 23 6 0 10 0 0 0 0 1
1243 -1 -1 2832 8 0 6 0 0 23 2 4 1 0 1416 631 -140 1619 7738 8 708 -176 4252 -3860 2833 12 354 -3990 3436 -1513 2633 20 177 4902 7669 -4052 -2978 279 0
1244 0
1245 0
1246 1
1247 -1 -1 1415 8 0 2 0 0 2 0 9 20 0 1
1248 -1 -1 1414 8 0 26 2 0 17 0 2 3 3 707 -1858 -4131 -2597 -7606 13 0
1249 0
1250 1
1251 -1 -1 2827 8 0 0 1 0 0 0 0 14 1 1
1252 -1 -1 2826 8 0 0 49 0 1 0 0 7 0 1413 4705 4551 349 4724 95 1
1253 -1 -1 1412 8 0 9 10 9 3 0 0 11 4 706 4432 7319 -2389 -6691 312 353 -82 359 -4964 -1079 0 0
1254 1
1255 -1 -1 705 8 0 2 2 1 4 8 4 4 36 0
1256 0
1257 1
1258 -1 -1 2819 8 0 2 0 13 1 0 0 0 0 0
1259 0
1260 1
1261 -1 -1 11275 8 0 0 0 0 6 3 28 1 0 1
1262 -1 -1 11274 8 0 14 0 0 19 0 11 0 0 5637 4344 7890 -1382 2038 275 1
1263 -1 -1 5636 8 0 7 2 0 15 25 2 0 3 2818 -4708 -5281 -2097 -7139 4 1409 1943 1088 -2125 3127 23 0
1264 1
1265 -1 -1 2817 8 0 3 0 0 4 0 6 0 12 0
1266 0
1267 1
1268 -1 -1 11267 8 0 8 36 1 24 0 17 0 0 1
1269 -1 -1 11266 8 0 27 0 0 25 0 16 1 0 5633 -4551 7468 -544 -5183 4 1
1270 -1 -1 5632 8 0 21 4 12 2 0 3 0 0 2816 -2301 682 -3558 -2389 1 1408 3749 -3665 195 842 224 704 -3115 -3576 1518 -7620 10 352 -3852 -1812 -1686 -1283 24 176 -3906 -415 2506 -6662 326 88 -895 7939 2248 -5464 222 44 -3129 -7844 -2896 2261 3 22 -2364 7152 -3853 696 12 11 -4051 4128 -4288 -7706 173 0
1271 0
1272 0
1273 0
1274 0
1275 1
1276 -1 -1 351 8 0 22 0 0 3 7 11 10 8 0
1277 1
1278 -1 -1 701 8 0 0 0 0 3 0 0 16 29 0
1279 1
1280 -1 -1 1401 8 0 0 3 3 1 4 0 2 0 0
1281 1
1282 -1 -1 2801 8 0 0 0 2 1 3 0 0 0 0
1283 1
1284 -1 -1 5601 8 0 0 0 0 3 0 0 25 0 1
1285 -1 -1 5600 8 0 0 0 0 0 0 0 68 0 2800 -859 7851 -2009 -5984 326 1400 2527 5904 -3684 -6387 335 700 -2589 -6267 -4439 -3490 8 350 -942 -720 -3577 -6388 36 175 -1191 7370 -3124 -4510 399 0
1286 0
1287 1
1288 -1 -1 699 8 0 0 0 5 1 14 0 6 1 0
1289 1
1290 -1 -1 1397 8 0 0 0 0 3 5 0 0 0 0
1291 1
1292 -1 -1 2793 8 0 0 0 0 0 52 0 0 0 1
1293 -1 -1 2792 8 0 0 0 0 0 20 0 0 0 1396 3574 7355 -4064 -3740 76 698 -242 -6999 3816 -3795 72 349 4881 -6706 1264 1041 31 0
1294 0
1295 1
1296 -1 -1 1395 8 0 0 0 0 0 30 0 2 0 1
1297 -1 -1 1394 8 0 1 0 0 6 2 0 33 6 697 3855 -7003 -2625 -1948 88 0
1298 1
1299 -1 -1 1393 8 0 1 0 8 4 6 9 0 0 1
1300 -1 -1 1392 8 0 1 0 2 26 0 2 0 18 696 4729 6824 1560 4588 25 348 -4600 3567 -776 -5511 190 174 739 7208 -2142 1188 235 87 -2521 7513 -4980 -5771 274 0
1301 0
1302 0
1303 0
1304 1
1305 -1 -1 1391 8 0 0 0 2 1 0 0 0 0 0
1306 1
1307 -1 -1 2781 8 0 0 0 0 1 0 0 0 3 0
1308 1
1309 -1 -1 5561 8 0 0 0 0 0 0 0 0 69 1
1310 -1 -1 5560 8 0 0 0 0 0 0 0 0 68 2780 -2792 5915 -4931 4603 166 1390 -3555 -5171 378 -7191 333 695 161 286 3793 7584 245 1
1311 -1 -1 694 8 0 0 0 17 2 2 0 1 6 347 4547 -6232 -3126 -2634 124 0
1312 0
1313 1
1314 -1 -1 1387 8 0 1 0 58 0 2 0 0 0 1
1315 -1 -1 1386 8 0 5 0 4 0 12 0 1 3 693 -4469 5711 4783 3244 149 0
1316 1
1317 -1 -1 1385 8 0 0 0 0 4 44 0 0 11 1
1318 -1 -1 1384 8 0 20 11 0 7 9 6 4 5 692 346 -1910 -1973 857 181 346 2962 -3736 -2120 -5620 26 173 4291 -7984 -4833 1968 148 0
1319 0
1320 1
1321 -1 -1 691 8 0 0 17 3 11 5 0 15 7 0
1322 1
1323 -1 -1 1381 8 0 0 5 0 3 6 0 0 1 0
1324 0
1325 0
1326 1
1327 -1 -1 11047 8 0 0 0 0 0 0 0 1 0 1
1328 -1 -1 11046 8 0 0 0 127 0 0 0 0 0 5523 -821 -5560 -4977 6909 159 1
1329 -1 -1 5522 8 0 0 0 4 0 4 0 0 0 2761 2003 6973 -3882 7572 2 1
1330 -1 -1 2760 8 0 0 0 0 0 7 0 1 0 1380 -3621 6664 -3938 -2605 251 690 3623 -7221 -4956 -3481 54 345 151 -222 -4402 -2690 6 0
1331 0
1332 1
1333 -1 -1 1379 8 0 0 0 0 1 15 0 41 3 1
1334 -1 -1 1378 8 0 0 0 0 1 38 0 0 0 689 2308 1331 -762 5047 0 1
1335 -1 -1 688 8 0 1 0 8 0 0 0 15 8 344 -237 7207 -2478 3258 7 172 -4050 7160 -4952 -471 224 86 -892 7281 3938 7075 0 43 -3429 -1061 4058 -4623 8 0
1336 0
1337 1
1338 -1 -1 171 8 0 8 9 4 6 0 1 9 28 0
1339 0
1340 1
1341 -1 -1 683 8 0 8 0 0 11 0 25 0 0 0
1342 0
1343 1
1344 -1 -1 2731 8 0 7 0 1 2 0 0 0 0 0
1345 1
1346 -1 -1 5461 8 0 9 0 0 0 0 2 0 0 1
1347 -1 -1 5460 8 0 65 0 0 0 0 0 0 0 2730 492 3555 2816 -4787 196 1365 -2239 4970 1060 -5146 244 1
1348 -1 -1 1364 8 0 12 0 1 7 0 3 0 1 682 -1171 757 -68 5958 4 341 4826 -7794 594 7617 120 0
1349 1
1350 -1 -1 681 8 0 1 8 1 0 0 0 1 5 0
1351 1
1352 -1 -1 1361 8 0 12 9 7 16 15 5 0 0 1
1353 -1 -1 1360 8 0 27 0 0 6 0 0 0 0 680 2664 5634 -193 -5146 20 340 1097 7494 -868 1182 17 170 -3284 -6307 3399 6553 5 85 -2042 2254 -896 7232 223 0
1354 0
1355 0
1356 1
1357 -1 -1 679 8 0 3 31 0 1 2 0 0 1 0
1358 0
1359 1
1360 -1 -1 2715 8 0 0 0 7 2 0 0 20 0 0
1361 1
1362 -1 -1 5429 8 0 2 0 4 5 1 9 2 0 0
1363 1
1364 -1 -1 10857 8 0 0 1 12 1 0 3 1 0 1
1365 -1 -1 10856 8 0 0 4 123 0 0 0 0 0 5428 3625 671 4274 -3646 3 2714 -2947 1726 2964 -5253 399 1357 269 2660 1068 4652 359 1
1366 -1 -1 1356 8 0 3 1 16 5 4 18 0 14 678 3826 7361 -3515 -2146 26 339 -4650 -4973 3152 3171 361 0
1367 0
1368 1
1369 -1 -1 1355 8 0 0 0 4 0 0 0 0 11 0
1370 0
1371 1
1372 -1 -1 5419 8 0 1 0 1 1 8 0 0 0 0
1373 1
1374 -1 -1 10837 8 0 2 0 0 12 0 98 1 0 1
1375 -1 -1 10836 8 0 1 1 3 5 0 3 0 0 5418 -494 2192 -3459 -4330 16 2709 2052 -3016 451 815 11 1
1376 -1 -1 2708 8 0 3 6 0 12 10 9 6 0 1354 -1698 7070 4753 -913 392 677 706 2747 -665 -6619 392 0
1377 0
1378 0
1379 1
1380 -1 -1 5415 8 0 0 0 4 0 6 1 0 14 0
1381 1
1382 -1 -1 10829 8 0 0 0 1 0 0 5 0 0 1
1383 -1 -1 10828 8 0 1 0 61 2 1 0 0 0 5414 332 2239 3779 -5186 387 2707 -4293 7011 -4112 -5153 79 1
1384 -1 -1 2706 8 0 2 0 0 3 44 9 1 6 1353 -2198 -634 4737 -3631 275 1
1385 -1 -1 1352 8 0 9 13 20 13 4 6 1 0 676 2689 5199 2688 -793 20 338 853 -2806 -1543 -6673 10 169 -1077 980 -1866 -7391 338 0
1386 0
1387 1
1388 -1 -1 675 8 0 1 0 0 0 12 0 0 0 0
1389 1
1390 -1 -1 1349 8 0 3 0 0 2 0 0 0 43 0
1391 1
1392 -1 -1 2697 8 0 1 7 0 4 0 2 0 41 1
1393 -1 -1 2696 8 0 3 28 5 6 0 0 0 8 1348 2423 -1509 -4106 -5098 340 674 -627 3442 -3236 -1130 12 337 -2230 -7221 831 -2279 9 0
1394 0
1395 1
1396 -1 -1 1347 8 0 1 0 3 7 0 4 0 1 1
1397 -1 -1 1346 8 0 3 0 11 1 0 0 0 46 673 -275 -3637 3309 4304 79 0
1398 0
1399 1
1400 -1 -1 2691 8 0 5 0 0 5 0 0 0 8 1
1401 -1 -1 2690 8 0 3 3 1 17 13 0 19 0 1345 2606 -575 -926 -3989 381 0
1402 1
1403 -1 -1 2689 8 0 3 33 13 4 0 0 3 5 0
1404 1
1405 -1 -1 5377 8 0 0 6 0 15 16 3 0 0 0
1406 1
1407 -1 -1 10753 8 0 0 7 9 36 0 39 0 3 1
1408 -1 -1 10752 8 0 4 6 0 15 0 1 9 1 5376 -1338 7522 2143 -5526 8 2688 -3118 5839 -928 525 31 1344 -4116 -5763 -2878 -7424 363 672 3217 1109 3418 -4076 400 336 3966 -3495 937 2600 18 168 -966 -2056 -4337 -5882 362 84 2522 7731 -4527 618 20 42 -3673 -4009 -3371 6706 3 21 -3020 7685 -675 -869 139 0
1409 0
1410 0
1411 0
1412 1
1413 -1 -1 335 8 0 0 0 0 3 6 0 38 19 0
1414 0
1415 1
1416 -1 -1 1339 8 0 0 2 0 0 0 0 0 1 0
1417 1
1418 -1 -1 2677 8 0 0 1 0 1 0 0 0 1 0
1419 0
1420 1
1421 -1 -1 10707 8 0 0 0 0 0 0 0 0 180 1
1422 -1 -1 10706 8 0 0 0 0 0 0 0 0 34 5353 -1092 -2000 4303 1991 240 1
1423 -1 -1 5352 8 0 0 0 0 0 0 0 0 31 2676 3430 -5152 4646 935 117 1338 361 3287 -4083 3680 3 669 2248 6983 4027 7843 81 0
1424 1
1425 -1 -1 1337 8 0 0 5 1 1 1 7 8 16 0
1426 0
1427 0
1428 1
1429 -1 -1 10695 8 0 0 0 0 0 0 0 0 9 1
1430 -1 -1 10694 8 0 0 0 0 0 0 0 0 61 5347 -1310 7849 2567 -4184 46 1
1431 -1 -1 5346 8 0 0 0 0 0 0 0 0 13 2673 1500 7344 2926 -51 6 1
1432 -1 -1 2672 8 0 0 0 1 4 0 0 0 7 1336 -3895 -1547 1020 -1044 7 668 -1287 -7016 -2900 2540 3 334 -2342 4237 1644 4959 98 167 -833 31 -3679 -3613 296 0
1433 1
1434 -1 -1 333 8 0 0 6 30 1 0 2 0 1 0
1435 1
1436 -1 -1 665 8 0 0 4 0 12 0 5 1 38 1
1437 -1 -1 664 8 0 0 2 2 0 5 2 0 0 332 -4454 2758 -77 1296 1 166 -1958 7274 -4238 -7889 315 83 -4512 4680 -496 3029 8 0
1438 0
1439 0
1440 0
1441 1
1442 -1 -1 1327 8 0 0 0 0 5 1 9 7 0 0
1443 0
1444 0
1445 1
1446 -1 -1 10615 8 0 0 0 0 0 0 0 0 1 1
1447 -1 -1 10614 8 0 0 0 0 0 0 0 0 77 5307 -824 -416 -2454 6585 158 1
1448 -1 -1 5306 8 0 0 0 0 1 0 0 0 0 2653 -2110 3454 468 -7501 261 1
1449 -1 -1 2652 8 0 0 0 1 6 2 0 0 8 1326 -3558 472 2737 -1149 35 663 -3871 -7667 4621 -2555 1 0
1450 1
1451 -1 -1 1325 8 0 0 4 36 4 2 2 0 11 0
1452 0
1453 1
1454 -1 -1 5299 8 0 0 3 2 5 1 3 0 8 0
1455 1
1456 -1 -1 10597 8 0 0 40 10 0 3 0 0 0 1
1457 -1 -1 10596 8 0 0 158 0 3 0 0 0 8 5298 2516 -4534 -2497 2059 6 2649 -1884 -5197 -2936 -7863 3 0
1458 0
1459 1
1460 -1 -1 10595 8 0 0 30 12 6 0 0 0 9 1
1461 -1 -1 10594 8 0 0 1 1 1 2 0 0 35 5297 -3126 2929 -3038 516 9 1
1462 -1 -1 5296 8 0 0 24 0 34 0 1 0 5 2648 -1890 4421 145 616 30 1324 -4511 7326 3323 -2062 295 662 2486 1335 -3531 -1019 30 331 -2949 4490 2490 2888 327 0
1463 0
1464 1
1465 -1 -1 1323 8 0 0 4 0 0 1 0 0 37 0
1466 1
1467 -1 -1 2645 8 0 0 10 1 3 2 0 0 0 1
1468 -1 -1 2644 8 0 0 2 44 1 0 1 0 18 1322 3523 -7847 -3399 -4387 132 661 -1772 6032 2566 -6573 290 0
1469 1
1470 -1 -1 1321 8 0 1 18 0 0 0 0 1 5 0
1471 0
1472 1
1473 -1 -1 5283 8 0 0 17 0 4 0 0 1 30 1
1474 -1 -1 5282 8 0 0 0 6 18 0 0 0 3 2641 -401 -5641 -919 3021 9 0
1475 1
1476 -1 -1 5281 8 0 0 8 0 0 0 0 0 0 0
1477 1
1478 -1 -1 10561 8 0 0 8 0 15 1 0 0 106 1
1479 -1 -1 10560 8 0 0 1 5 4 0 0 0 236 5280 -4295 5632 4661 -1559 277 2640 -2813 -7874 1067 2661 370 1320 -3499 -5403 -3650 5532 4 660 -2055 2160 -4817 -6667 362 330 -3185 7492 535 4998 21 165 -1681 5914 -4904 1688 6 0
1480 0
1481 0
1482 1
1483 -1 -1 1319 8 0 0 7 0 4 0 0 13 4 0
1484 1
1485 -1 -1 2637 8 0 0 1 2 2 1 0 0 5 0
1486 1
1487 -1 -1 5273 8 0 0 0 0 0 0 0 1 0 0
1488 1
1489 -1 -1 10545 8 0 0 0 0 0 0 0 0 9 1
1490 -1 -1 10544 8 0 0 0 0 0 0 0 0 65 5272 3983 1416 -1698 1211 20 2636 -2422 -159 3709 -767 359 1318 3413 -6969 -3611 -7976 254 659 3429 6435 -939 6807 50 0
1491 1
1492 -1 -1 1317 8 0 0 9 6 14 6 0 18 4 0
1493 1
1494 -1 -1 2633 8 0 0 14 9 5 4 7 0 23 0
1495 1
1496 -1 -1 5265 8 0 0 7 0 3 0 0 0 3 0
1497 1
1498 -1 -1 10529 8 0 0 0 10 5 0 0 0 21 1
1499 -1 -1 10528 8 0 0 2 101 2 6 1 0 7 5264 3885 -7588 2809 -3196 400 2632 -2209 -7165 -2905 7863 362 1316 3590 -967 4475 114 26 658 -4585 5739 -1532 -1333 119 329 3059 4414 -1432 299 192 0
1500 0
1501 0
1502 1
1503 -1 -1 2631 8 0 0 0 0 6 0 0 0 0 0
1504 1
1505 -1 -1 5261 8 0 0 0 1 2 0 0 0 0 0
1506 1
1507 -1 -1 10521 8 0 0 0 0 0 4 0 0 0 1
1508 -1 -1 10520 8 0 0 0 0 0 73 0 0 0 5260 -801 1117 237 -688 315 2630 4415 4433 -2850 3713 102 1315 -558 -2519 -4034 -3345 290 1
1509 -1 -1 1314 8 0 0 2 4 6 3 1 3 19 657 4205 -485 -4642 -4266 0 0
1510 0
1511 0
1512 1
1513 -1 -1 5255 8 0 0 7 3 3 0 1 0 0 0
1514 1
1515 -1 -1 10509 8 0 0 0 0 0 0 2 0 0 1
1516 -1 -1 10508 8 0 0 108 0 0 0 0 0 1 5254 -3169 -1136 -4962 6966 230 2627 623 -4471 -1755 -3850 2 0
1517 0
1518 1
1519 -1 -1 10507 8 0 0 70 0 1 0 0 0 0 1
1520 -1 -1 10506 8 0 0 0 2 7 0 0 0 0 5253 -20 5840 44 282 31 0
1521 1
1522 -1 -1 10505 8 0 0 15 64 6 7 0 0 6 1
1523 -1 -1 10504 8 0 0 65 10 6 12 3 1 0 5252 -1488 3938 2767 -1308 39 2626 -3222 6861 3763 -331 313 1313 4008 6934 2113 6394 11 0
1524 0
1525 1
1526 -1 -1 5251 8 0 0 0 0 0 0 3 18 0 0
1527 1
1528 -1 -1 10501 8 0 0 48 0 0 0 1 0 0 1
1529 -1 -1 10500 8 0 0 19 3 16 4 2 1 4 5250 1284 2362 -3155 5231 210 2625 3586 -3906 -4813 2721 57 0
1530 1
1531 -1 -1 5249 8 0 0 8 31 3 0 0 0 4 0
1532 1
1533 -1 -1 10497 8 0 0 9 6 7 2 0 10 25 1
1534 -1 -1 10496 8 0 1 3 2 13 43 0 0 7 5248 -3897 -1571 3824 -5688 194 2624 -305 6524 378 -5421 276 1312 67 -6180 1961 -4659 1 656 -2966 6214 -3498 618 14 328 -3925 7009 4077 -2075 350 164 4795 -5457 983 -4535 1 82 -2620 440 4181 3690 208 41 3596 -3234 -2423 5717 300 0
1535 0
1536 0
1537 0
1538 0
1539 0
1540 1
1541 -1 -1 2623 8 0 0 4 0 3 0 0 0 0 0
1542 1
1543 -1 -1 5245 8 0 0 11 0 0 0 0 0 0 0
1544 1
1545 -1 -1 10489 8 0 0 8 0 0 0 0 0 0 1
1546 -1 -1 10488 8 0 0 101 0 0 0 0 0 0 5244 -2495 5483 -2353 -5618 126 2622 -4516 4259 -4443 1524 182 1311 1094 -1234 -4770 6754 274 1
1547 -1 -1 1310 8 0 0 0 8 0 0 0 0 0 655 589 -5495 1148 3810 397 1
1548 -1 -1 654 8 0 0 9 22 8 0 0 0 3 327 -2906 1349 2004 4165 128 1
1549 -1 -1 326 8 0 2 9 0 18 0 0 0 29 163 -1631 -5408 -1055 365 385 0
1550 0
1551 1
1552 -1 -1 651 8 0 5 0 7 9 3 0 1 0 1
1553 -1 -1 650 8 0 27 5 0 3 0 3 8 1 325 -3432 1920 -1590 -5021 20 0
1554 0
1555 0
1556 0
1557 1
1558 -1 -1 5199 8 0 1 2 0 7 0 2 0 1 0
1559 1
1560 -1 -1 10397 8 0 2 0 0 0 0 0 1 102 1
1561 -1 -1 10396 8 0 0 0 0 2 0 0 1 1 5198 -3871 -4232 4306 -1700 117 2599 -4698 -7539 -3635 -243 270 1
1562 -1 -1 2598 8 0 1 4 0 17 1 10 5 4 1299 -4346 -4270 29 6317 294 0
1563 0
1564 1
1565 -1 -1 5195 8 0 0 0 3 0 0 3 0 15 1
1566 -1 -1 5194 8 0 0 31 0 3 0 16 0 3 2597 -3883 538 2189 7412 317 0
1567 0
1568 1
1569 -1 -1 10387 8 0 0 0 0 7 0 1 0 10 1
1570 -1 -1 10386 8 0 3 4 0 17 0 96 0 2 5193 3943 808 -4200 -6016 0 0
1571 1
1572 -1 -1 10385 8 0 1 0 0 34 0 9 7 12 1
1573 -1 -1 10384 8 0 1 13 0 5 0 1 0 0 5192 -3371 2575 4576 283 275 2596 3023 -6593 3354 5122 362 1298 -2621 7480 -2194 2293 10 649 -1614 -4714 767 -2483 8 0
1574 0
1575 1
1576 -1 -1 2595 8 0 0 0 0 1 0 0 0 58 1
1577 -1 -1 2594 8 0 1 29 0 5 0 2 0 16 1297 -2701 2362 2093 7069 275 1
1578 -1 -1 1296 8 0 0 24 6 7 10 0 3 3 648 4428 -4920 3942 -704 1 324 -1885 -7578 2772 7965 55 162 -529 4 -2707 6527 398 81 -2578 7868 -3183 -1470 23 0
1579 0
1580 0
1581 0
1582 1
1583 -1 -1 1295 8 0 0 3 21 13 0 0 0 7 0
1584 1
1585 -1 -1 2589 8 0 0 0 2 4 2 0 0 0 0
1586 1
1587 -1 -1 5177 8 0 0 0 0 1 0 0 0 0 0
1588 1
1589 -1 -1 10353 8 0 0 0 0 0 53 0 0 0 1
1590 -1 -1 10352 8 0 0 0 0 0 20 0 0 0 5176 2674 6346 -4108 -2130 54 2588 573 2689 2618 7864 11 1294 -3224 -1225 -1988 -6335 19 647 -3190 7329 4132 7136 10 0
1591 0
1592 0
1593 1
1594 -1 -1 5175 8 0 0 29 1 4 0 0 0 6 0
1595 1
1596 -1 -1 10349 8 0 0 14 12 5 4 0 0 7 1
1597 -1 -1 10348 8 0 1 0 10 5 73 0 0 0 5174 2633 -5132 -2601 -2226 0 2587 -4462 425 3608 -4644 335 0
1598 0
1599 1
1600 -1 -1 10347 8 0 0 170 23 4 1 0 1 0 1
1601 -1 -1 10346 8 0 1 1 17 3 0 0 0 0 5173 281 -321 -1790 -5262 255 0
1602 1
1603 -1 -1 10345 8 0 1 23 5 0 0 0 0 0 1
1604 -1 -1 10344 8 0 0 9 63 24 12 0 2 1 5172 -2088 -1120 559 2455 77 2586 -164 6905 3486 -5577 300 1293 -47 1277 4991 -1540 312 0
1605 0
1606 1
1607 -1 -1 5171 8 0 0 6 0 2 0 0 0 33 1
1608 -1 -1 5170 8 0 0 1 0 8 26 2 0 0 2585 -3853 6617 2158 3534 331 0
1609 1
1610 -1 -1 5169 8 0 0 0 0 0 0 0 12 7 0
1611 1
1612 -1 -1 10337 8 0 0 11 2 10 0 1 0 15 1
1613 -1 -1 10336 8 0 0 321 3 30 8 1 7 13 5168 -1149 1784 -2198 7937 1 2584 3951 -4526 -4919 6038 341 1292 -1020 4010 1841 -297 318 646 662 5400 -4221 -5637 243 323 1583 -5714 4043 -7350 265 0
1614 0
1615 1
1616 -1 -1 1291 8 0 1 30 1 28 0 0 0 0 0
1617 1
1618 -1 -1 2581 8 0 0 12 2 2 0 0 0 0 0
1619 1
1620 -1 -1 5161 8 0 0 0 1 24 0 0 0 0 0
1621 1
1622 -1 -1 10321 8 0 5 1 0 3 0 0 0 0 1
1623 -1 -1 10320 8 0 0 0 102 24 0 0 0 0 5160 -4886 -491 1777 -1402 284 2580 -3697 -2812 -167 -4862 285 1290 1899 907 2642 3871 292 645 -1057 7255 -1643 -5536 333 0
1624 0
1625 1
1626 -1 -1 2579 8 0 0 9 5 6 0 0 0 8 0
1627 1
1628 -1 -1 5157 8 0 2 0 1 0 0 0 3 6 0
1629 1
1630 -1 -1 10313 8 0 0 4 0 0 0 0 0 0 1
1631 -1 -1 10312 8 0 0 0 0 1 0 0 67 0 5156 -4850 3463 -535 1437 37 2578 4456 -7005 4087 -3516 1 1289 -3626 -847 -26 7753 88 0
1632 0
1633 1
1634 -1 -1 5155 8 0 0 7 0 20 6 0 2 3 0
1635 1
1636 -1 -1 10309 8 0 0 2 0 0 0 0 0 67 1
1637 -1 -1 10308 8 0 0 1 12 1 0 0 0 0 5154 1735 7838 3704 -3805 88 2577 3541 -6178 -857 2643 24 0
1638 1
1639 -1 -1 5153 8 0 0 14 0 22 1 1 4 0 0
1640 1
1641 -1 -1 10305 8 0 0 1 8 3 0 0 0 0 1
1642 -1 -1 10304 8 0 1 100 3 11 0 0 0 5 5152 1129 -2163 -4497 6327 27 2576 4956 -4500 -1756 2231 25 1288 -1504 -3956 -4108 7370 24 644 -4247 4643 -189 231 2 322 1276 2699 1772 -7823 251 161 -1735 6789 882 603 1 0
1643 0
1644 0
1645 0
1646 1
1647 -1 -1 2575 8 0 0 0 0 16 0 52 0 0 1
1648 -1 -1 2574 8 0 1 12 0 4 0 1 0 1 1287 4781 -6686 4018 3047 111 0
1649 1
1650 -1 -1 2573 8 0 0 0 1 10 0 0 0 11 1
1651 -1 -1 2572 8 0 3 34 0 24 0 1 0 0 1286 -3620 5810 -3476 -2932 33 643 -3534 -1477 1294 6514 12 0
1652 1
1653 -1 -1 1285 8 0 8 0 0 4 0 1 4 39 0
1654 0
1655 1
1656 -1 -1 5139 8 0 0 1 4 0 0 0 0 10 0
1657 1
1658 -1 -1 10277 8 0 0 154 0 0 0 0 0 0 1
1659 -1 -1 10276 8 0 0 4 0 2 0 0 0 0 5138 -832 -7460 -1788 -428 206 2569 -2946 5277 -4922 2753 172 1
1660 -1 -1 2568 8 0 2 16 0 4 2 1 13 10 1284 -646 -7953 2332 -2245 110 642 -1336 226 4281 -1068 364 321 -2630 -7588 4425 5217 63 0
1661 0
1662 0
1663 0
1664 1
1665 -1 -1 5135 8 0 0 2 0 4 0 6 0 0 0
1666 1
1667 -1 -1 10269 8 0 0 0 0 1 0 0 0 0 1
1668 -1 -1 10268 8 0 0 0 0 0 0 0 111 0 5134 -4621 -1277 96 -1162 332 2567 -2548 6354 2935 -3967 349 1
1669 -1 -1 2566 8 0 0 0 0 4 9 0 0 0 1283 -4376 -4804 -1713 -6374 0 0
1670 0
1671 0
1672 1
1673 -1 -1 10263 8 0 0 0 1 18 0 12 2 2 1
1674 -1 -1 10262 8 0 0 138 6 13 0 2 10 0 5131 -4733 7365 -2639 -5033 43 0
1675 1
1676 -1 -1 10261 8 0 1 4 0 1 0 10 0 2 1
1677 -1 -1 10260 8 0 0 11 2 97 1 6 6 0 5130 -1651 4412 567 4833 338 2565 -4095 6932 -1712 2745 11 0
1678 0
1679 1
1680 -1 -1 10259 8 0 3 46 0 14 0 11 3 11 1
1681 -1 -1 10258 8 0 2 83 77 26 7 0 12 0 5129 -953 -1777 3969 206 297 0
1682 1
1683 -1 -1 10257 8 0 0 25 7 10 11 3 11 17 1
1684 -1 -1 10256 8 0 1 3 4 16 0 0 113 8 5128 -4950 823 4484 -240 237 2564 -1012 -1100 3330 -785 238 1282 -3566 4884 1873 -2001 218 641 -2929 5506 4426 6548 328 0
1685 0
1686 0
1687 1
1688 -1 -1 5127 8 0 1 1 0 6 0 18 1 10 1
1689 -1 -1 5126 8 0 2 47 0 4 0 1 6 4 2563 -663 -5140 3469 2002 7 0
1690 1
1691 -1 -1 5125 8 0 0 0 0 11 1 8 22 11 0
1692 1
1693 -1 -1 10249 8 0 2 0 0 5 112 3 1 0 1
1694 -1 -1 10248 8 0 2 1 2 9 14 3 22 1 5124 -3905 -7043 -1676 4023 50 2562 -1877 -6818 -921 5985 217 1281 -4327 1425 3758 -678 264 0
1695 0
1696 0
1697 1
1698 -1 -1 10247 8 0 0 0 33 9 0 0 1 4 1
1699 -1 -1 10246 8 0 0 89 16 103 7 10 9 3 5123 1739 -3721 -336 3286 289 0
1700 1
1701 -1 -1 10245 8 0 0 0 0 24 0 7 0 0 1
1702 -1 -1 10244 8 0 3 50 4 38 93 3 1 10 5122 -2912 -5568 3893 -1335 252 2561 -163 -205 3853 -7643 212 0
1703 0
1704 1
1705 -1 -1 10243 8 0 0 0 21 5 0 3 0 0 1
1706 -1 -1 10242 8 0 5 2 4 13 2 8 80 10 5121 3340 2442 1820 -4429 60 0
1707 1
1708 -1 -1 10241 8 0 9 66 143 47 11 1 48 3 1
1709 -1 -1 10240 8 0 13 100 83 95 140 8 48 24 5120 188 -958 -1663 7677 203 2560 4294 -3859 -1323 6350 342 1280 407 -5706 4206 -4160 27 640 -4581 -7740 -2327 -2981 46 320 -3697 -4710 2009 -4430 215 160 -1669 -7050 4831 -530 393 80 -4742 4677 -4044 -7033 216 40 -2007 -6210 3903 5255 342 20 -4719 3374 -400 54 13 10 -3652 6454 4175 14 382 5 -4007 2902 3615 760 398 0
1710 0
1711 0
1712 0
1713 0
1714 0
1715 0
1716 1
1717 -1 -1 639 8 0 2 0 0 0 0 0 0 0 0
1718 1
1719 -1 -1 1277 8 0 1 0 0 0 0 0 0 0 0
1720 1
1721 -1 -1 2553 8 0 0 0 0 0 0 54 0 0 0
1722 1
1723 -1 -1 5105 8 0 0 0 0 0 0 3 0 0 0
1724 1
1725 -1 -1 10209 8 0 0 0 0 0 0 4 0 0 1
1726 -1 -1 10208 8 0 0 0 0 0 0 84 0 0 5104 4662 -2596 -1679 406 346 2552 -4234 -4129 -4759 -6152 14 1276 2218 -2169 4662 -5328 371 638 1960 -3515 1884 -7173 61 319 2643 -3923 -2739 -2493 340 1
1727 -1 -1 318 8 0 5 0 1 1 0 12 0 0 159 -1082 -6022 -4744 -4502 0 1
1728 -1 -1 158 8 0 9 0 1 0 2 3 0 0 79 -3481 988 -2198 -7588 4 1
1729 -1 -1 78 8 0 9 1 6 3 0 1 0 4 39 425 1626 -848 -4570 4 0
1730 0
1731 1
1732 -1 -1 155 8 0 11 0 17 9 0 3 0 1 0
1733 0
1734 1
1735 -1 -1 619 8 0 0 0 0 1 0 0 0 0 0
1736 1
1737 -1 -1 1237 8 0 42 0 0 0 0 0 0 0 0
1738 1
1739 -1 -1 2473 8 0 31 0 0 0 0 0 0 0 1
1740 -1 -1 2472 8 0 47 0 0 0 0 0 0 0 1236 3893 1510 728 -7870 391 618 1893 694 -786 -6306 161 309 -1789 3846 -124 3115 5 0
1741 1
1742 -1 -1 617 8 0 49 0 0 7 0 1 0 0 0
1743 1
1744 -1 -1 1233 8 0 35 0 0 1 0 0 0 0 0
1745 0
1746 1
1747 -1 -1 4931 8 0 15 0 0 0 0 1 0 0 0
1748 1
1749 -1 -1 9861 8 0 9 0 0 0 0 0 0 0 1
1750 -1 -1 9860 8 0 9 0 0 1 0 55 0 0 4930 -2756 -4974 4886 -2485 23 2465 226 -7006 -1010 -3007 9 1
1751 -1 -1 2464 8 0 52 0 0 0 0 16 0 0 1232 -3925 -7701 1768 -2781 14 616 2281 -7212 -3859 -3089 6 308 -241 -395 -4887 -4004 222 154 -2192 -2397 -4833 -1503 1 77 1974 7945 -4933 7282 2 0
1752 0
1753 1
1754 -1 -1 307 8 0 5 0 0 2 0 0 28 0 1
1755 -1 -1 306 8 0 20 0 3 5 0 25 6 0 153 -3549 5286 -3997 -7619 226 0
1756 1
1757 -1 -1 305 8 0 9 4 11 20 1 1 2 5 1
1758 -1 -1 304 8 0 8 1 1 4 9 20 0 2 152 555 -2076 4215 -7545 0 76 -3448 -4676 1726 -1028 248 38 -85 5864 -2565 -1803 387 19 -1196 -7412 3081 -3650 383 0
1759 0
1760 0
1761 0
1762 0
1763 0
1764 1
1765 -1 -1 1215 8 0 0 2 12 4 28 1 0 0 1
1766 -1 -1 1214 8 0 1 0 46 0 0 0 3 0 607 -4909 -186 85 -5457 12 1
1767 -1 -1 606 8 0 1 12 0 21 10 0 13 7 303 3398 2992 -2061 -662 13 0
1768 0
1769 1
1770 -1 -1 1211 8 0 0 0 0 0 0 8 1 2 1
1771 -1 -1 1210 8 0 1 0 62 0 0 0 0 0 605 -4458 -4470 4392 5332 0 0
1772 1
1773 -1 -1 1209 8 0 12 3 17 0 0 2 0 8 0
1774 0
1775 0
1776 1
1777 -1 -1 9671 8 0 0 0 0 1 0 0 0 0 1
1778 -1 -1 9670 8 0 0 85 0 0 0 0 0 0 4835 -4566 -3995 3877 2484 359 1
1779 -1 -1 4834 8 0 0 8 0 4 0 10 0 0 2417 -1368 5890 759 -6286 358 0
1780 0
1781 1
1782 -1 -1 9667 8 0 0 0 1 7 1 0 0 0 1
1783 -1 -1 9666 8 0 0 84 17 1 0 1 0 0 4833 3913 -4451 -4337 -3731 8 1
1784 -1 -1 4832 8 0 0 16 34 5 3 0 0 9 2416 140 7816 3954 5507 2 1208 4565 2883 65 -7827 346 604 -3608 7569 -4429 -4149 394 302 4819 -7949 622 7137 231 151 -4657 6671 -945 4064 5 0
1785 0
1786 0
1787 1
1788 -1 -1 1207 8 0 0 0 8 2 0 0 3 0 0
1789 1
1790 -1 -1 2413 8 0 0 0 0 8 2 5 0 1 0
1791 1
1792 -1 -1 4825 8 0 0 0 0 4 0 2 0 0 0
1793 1
1794 -1 -1 9649 8 0 0 0 0 0 0 0 0 28 1
1795 -1 -1 9648 8 0 0 0 2 11 0 0 0 29 4824 -2621 3567 -2191 -4944 345 2412 130 4470 802 -1422 289 1206 -1591 -2234 2949 -4823 9 603 -176 378 4409 -3497 315 0
1796 1
1797 -1 -1 1205 8 0 1 7 9 3 0 0 0 3 0
1798 1
1799 -1 -1 2409 8 0 1 1 1 7 1 0 7 3 1
1800 -1 -1 2408 8 0 2 0 0 21 0 26 3 0 1204 -3515 7817 -114 -6376 188 602 2973 3219 -2682 -1507 75 301 3132 -7813 1671 -4616 1 0
1801 1
1802 -1 -1 601 8 0 0 0 3 8 2 2 0 44 0
1803 0
1804 1
1805 -1 -1 2403 8 0 0 11 6 1 0 1 0 0 0
1806 1
1807 -1 -1 4805 8 0 0 0 0 10 0 1 0 0 0
1808 1
1809 -1 -1 9609 8 0 0 0 2 0 90 0 1 0 1
1810 -1 -1 9608 8 0 0 0 3 3 0 0 0 4 4804 4652 3918 -2423 6590 9 2402 -4260 -2524 -4396 7707 51 1201 4209 -7275 0 -7585 6 0
1811 0
1812 1
1813 -1 -1 4803 8 0 0 0 1 1 7 0 0 0 0
1814 1
1815 -1 -1 9605 8 0 0 0 2 0 3 0 4 0 1
1816 -1 -1 9604 8 0 0 0 145 12 2 0 1 0 4802 -2306 -3894 4435 -4026 5 2401 3757 4552 -436 5088 32 0
1817 1
1818 -1 -1 4801 8 0 0 13 1 7 24 2 4 0 1
1819 -1 -1 4800 8 0 0 4 23 19 0 2 0 5 2400 -3012 7193 576 -2864 71 1200 4967 2291 -1801 -4746 175 600 -2029 1342 -1645 5162 2 300 -951 4868 3008 -5949 323 150 -228 97 -2812 -5301 297 75 3793 7742 1951 -6568 332 0
1820 0
1821 0
1822 1
1823 -1 -1 599 8 0 1 7 0 14 20 1 0 0 1
1824 -1 -1 598 8 0 0 4 40 4 6 0 0 10 299 627 4147 3757 -7048 306 0
1825 1
1826 -1 -1 597 8 0 3 0 1 3 0 21 18 8 0
1827 1
1828 -1 -1 1193 8 0 1 0 2 28 8 0 2 0 1
1829 -1 -1 1192 8 0 0 0 1 7 0 0 3 21 596 234 962 1685 -7017 6 298 -1130 396 -1952 -5685 377 149 -4687 5903 1867 -6815 196 0
1830 0
1831 1
1832 -1 -1 595 8 0 2 13 0 6 0 2 0 0 0
1833 1
1834 -1 -1 1189 8 0 0 0 0 11 0 0 0 0 0
1835 0
1836 1
1837 -1 -1 4755 8 0 0 0 0 5 0 0 0 7 0
1838 1
1839 -1 -1 9509 8 0 0 0 0 0 0 0 0 3 1
1840 -1 -1 9508 8 0 0 0 0 0 0 0 0 105 4754 2663 -59 -289 1690 385 2377 -524 7278 2092 4214 44 0
1841 1
1842 -1 -1 4753 8 0 1 12 0 4 0 0 0 3 1
1843 -1 -1 4752 8 0 0 0 0 2 2 1 0 45 2376 -61 2953 4986 5169 287 1188 2975 2839 -3605 -6499 29 594 1339 5773 -1478 7492 9 297 -4705 -6670 -807 2216 26 0
1844 1
1845 -1 -1 593 8 0 0 21 0 2 0 7 0 4 0
1846 1
1847 -1 -1 1185 8 0 0 0 9 23 4 5 0 2 1
1848 -1 -1 1184 8 0 3 2 0 17 0 6 3 25 592 1766 7505 -2055 -3408 20 296 -4974 6878 1672 -6483 200 148 -2750 5945 3949 7884 286 74 2675 3970 -4540 -6536 269 37 4471 7144 1365 -858 29 0
1849 0
1850 0
1851 1
1852 -1 -1 295 8 0 4 18 0 9 18 2 10 1 0
1853 1
1854 -1 -1 589 8 0 1 2 3 9 0 16 9 0 0
1855 1
1856 -1 -1 1177 8 0 3 0 0 6 0 2 0 0 0
1857 1
1858 -1 -1 2353 8 0 1 0 0 4 0 0 0 0 0
1859 0
1860 1
1861 -1 -1 9411 8 0 0 0 0 0 0 97 0 0 1
1862 -1 -1 9410 8 0 0 0 0 0 0 1 0 0 4705 3909 7716 -4338 -3450 20 1
1863 -1 -1 4704 8 0 2 0 0 6 0 22 0 0 2352 1572 -2173 -2203 -5112 32 1176 4087 -950 3490 4938 89 588 1640 -6282 -2003 -3720 21 294 -4928 -5752 -415 -6674 0 147 -4465 -6401 -1841 1356 19 0
1864 0
1865 0
1866 0
1867 1
1868 -1 -1 2351 8 0 2 0 0 6 8 29 1 0 0
1869 1
1870 -1 -1 4701 8 0 1 2 11 3 0 0 2 0 0
1871 1
1872 -1 -1 9401 8 0 0 0 0 3 15 0 15 1 1
1873 -1 -1 9400 8 0 0 0 7 8 0 3 77 0 4700 2785 446 4658 -3961 38 2350 1984 4436 -4251 3110 47 1175 -1238 6893 -2788 -444 61 1
1874 -1 -1 1174 8 0 5 2 0 15 16 26 0 3 587 2042 2970 3659 -5558 36 0
1875 0
1876 0
1877 1
1878 -1 -1 4695 8 0 0 0 17 1 0 0 13 14 1
1879 -1 -1 4694 8 0 1 36 3 9 4 5 0 9 2347 -3962 -1817 -884 -1494 276 0
1880 1
1881 -1 -1 4693 8 0 1 1 0 15 33 0 1 6 1
1882 -1 -1 4692 8 0 1 0 1 10 0 0 0 16 2346 -3026 4337 -300 -5418 27 1173 -208 -331 1377 -4751 210 0
1883 0
1884 1
1885 -1 -1 4691 8 0 1 2 0 17 21 9 7 5 1
1886 -1 -1 4690 8 0 1 49 0 11 0 2 0 3 2345 4440 -488 -4480 -2765 10 0
1887 0
1888 1
1889 -1 -1 9379 8 0 1 0 5 19 1 17 3 4 1
1890 -1 -1 9378 8 0 1 1 1 13 53 0 21 7 4689 715 3961 -138 -5612 90 0
1891 1
1892 -1 -1 9377 8 0 0 1 0 0 2 0 13 0 1
1893 -1 -1 9376 8 0 24 2 6 137 13 58 10 0 4688 -3637 -5994 -391 477 43 2344 -246 3088 1272 -1467 43 1172 -4966 5218 3090 7424 358 586 -4721 2469 1745 -6518 261 293 4796 1762 -1206 4428 10 0
1894 0
1895 0
1896 0
1897 1
1898 -1 -1 4687 8 0 12 1 12 1 3 3 2 0 0
1899 1
1900 -1 -1 9373 8 0 0 13 1 5 0 0 0 0 1
1901 -1 -1 9372 8 0 4 6 1 7 2 3 2 66 4686 -232 2330 -1286 -7265 33 2343 3563 3915 681 -6378 246 0
1902 1
1903 -1 -1 4685 8 0 9 0 0 1 0 21 0 0 0
1904 1
1905 -1 -1 9369 8 0 1 13 1 7 4 1 26 13 1
1906 -1 -1 9368 8 0 9 23 12 38 57 9 10 1 4684 1908 7907 -4345 491 177 2342 -2882 -2133 783 6408 379 1171 4275 3473 1966 606 42 0
1907 0
1908 1
1909 -1 -1 4683 8 0 0 3 6 3 1 0 0 10 0
1910 1
1911 -1 -1 9365 8 0 0 0 20 0 15 1 8 0 1
1912 -1 -1 9364 8 0 1 0 2 2 97 2 0 0 4682 2948 -6569 -2731 6412 341 2341 2574 6203 -4006 6311 45 0
1913 1
1914 -1 -1 4681 8 0 0 3 3 1 19 0 0 12 0
1915 1
1916 -1 -1 9361 8 0 5 5 10 33 15 4 0 2 1
1917 -1 -1 9360 8 0 4 4 57 21 0 4 1 1 4680 -1100 5974 -3467 -6643 58 2340 -2832 1921 -1137 450 22 1170 4311 4275 4879 773 21 585 -3141 6058 -3145 6946 0 0
1918 0
1919 1
1920 -1 -1 2339 8 0 2 2 17 0 0 0 0 3 0
1921 1
1922 -1 -1 4677 8 0 1 0 1 1 0 7 13 0 1
1923 -1 -1 4676 8 0 1 15 9 25 0 3 1 0 2338 -3116 -3038 -3598 1633 2 1169 -4424 6877 -1715 -3325 237 0
1924 0
1925 0
1926 1
1927 -1 -1 9351 8 0 5 0 14 28 217 2 60 0 1
1928 -1 -1 9350 8 0 5 1 48 9 35 1 1 0 4675 -2858 3116 4098 -5205 11 0
1929 1
1930 -1 -1 9349 8 0 3 0 0 2 24 4 7 0 1
1931 -1 -1 9348 8 0 1 7 10 10 12 0 62 0 4674 2341 -664 -3792 5227 400 2337 -4178 4719 -2260 -660 2 0
1932 1
1933 -1 -1 4673 8 0 0 2 0 12 35 1 2 4 0
1934 1
1935 -1 -1 9345 8 0 4 2 0 46 15 6 35 0 1
1936 -1 -1 9344 8 0 12 1 62 30 34 28 41 4 4672 -1482 -3076 -2770 -7742 10 2336 4112 1497 -3239 -3337 59 1168 3673 -2040 -5 -1594 5 584 1088 176 -3039 -6639 196 292 1872 -4722 -1529 -1179 1 146 -4231 -1924 1040 -6883 11 73 -4915 -6263 4702 -5684 393 0
1937 0
1938 0
1939 0
1940 1
1941 -1 -1 1167 8 0 5 1 0 0 0 1 0 0 0
1942 1
1943 -1 -1 2333 8 0 0 0 0 1 1 2 0 1 0
1944 1
1945 -1 -1 4665 8 0 0 0 1 0 1 0 0 1 0
1946 1
1947 -1 -1 9329 8 0 0 1 0 0 0 0 0 0 1
1948 -1 -1 9328 8 0 0 0 0 0 85 0 0 0 4664 4095 -655 937 1265 299 2332 4812 7577 -1212 -5236 329 1166 -294 -4055 -2279 3274 62 583 3985 3671 3512 -5334 354 1
1949 -1 -1 582 8 0 13 3 2 15 3 5 0 3 291 -1600 3560 -3966 -6505 26 0
1950 1
1951 -1 -1 581 8 0 1 0 1 10 0 11 39 1 0
1952 0
1953 1
1954 -1 -1 2323 8 0 3 1 22 11 12 2 0 8 0
1955 0
1956 1
1957 -1 -1 9291 8 0 0 2 9 0 2 0 0 14 1
1958 -1 -1 9290 8 0 1 0 0 3 1 1 0 66 4645 -595 2430 2721 -5659 20 1
1959 -1 -1 4644 8 0 3 2 0 12 0 5 1 6 2322 4451 -4940 -4760 -6080 1 1161 -135 6738 -3442 5799 2 0
1960 0
1961 1
1962 -1 -1 4643 8 0 0 1 3 0 23 0 2 0 1
1963 -1 -1 4642 8 0 4 5 0 13 0 0 19 7 2321 2606 5645 -4196 1948 10 0
1964 1
1965 -1 -1 4641 8 0 1 11 0 12 0 18 0 1 1
1966 -1 -1 4640 8 0 9 8 7 12 3 0 1 3 2320 -860 -7324 3338 3746 78 1160 887 -6879 4587 4124 292 580 -2228 3301 946 -5976 2 290 4680 1003 -4038 6137 309 145 -3971 7978 1565 -437 265 0
1967 0
1968 0
1969 1
1970 -1 -1 1159 8 0 0 18 1 0 1 0 0 2 1
1971 -1 -1 1158 8 0 3 6 22 25 0 3 0 2 579 4718 -2351 450 -931 68 0
1972 0
1973 1
1974 -1 -1 2315 8 0 2 0 1 26 14 2 0 2 1
1975 -1 -1 2314 8 0 0 0 2 23 1 28 1 12 1157 -2646 -3798 1516 561 13 0
1976 1
1977 -1 -1 2313 8 0 11 2 0 0 5 8 0 4 0
1978 1
1979 -1 -1 4625 8 0 1 1 4 3 0 1 24 4 0
1980 1
1981 -1 -1 9249 8 0 0 6 2 6 4 0 0 5 1
1982 -1 -1 9248 8 0 0 1 0 25 0 0 2 56 4624 -4624 -6351 -4441 -795 0 2312 -4857 1127 1092 3704 29 1156 1077 5184 -2808 -1545 361 578 1286 -5278 4230 -5248 245 289 4787 80 -1774 -7852 210 0
1983 0
1984 0
1985 1
1986 -1 -1 2311 8 0 1 0 0 10 0 4 0 0 0
1987 0
1988 1
1989 -1 -1 9243 8 0 0 0 0 3 0 46 0 0 1
1990 -1 -1 9242 8 0 5 0 0 0 0 130 0 0 4621 -891 7124 -2600 -3463 109 1
1991 -1 -1 4620 8 0 9 0 0 5 0 29 0 0 2310 3419 6232 2799 1936 23 1155 -1607 6249 2266 1030 81 0
1992 0
1993 1
1994 -1 -1 4619 8 0 0 0 0 0 0 38 2 0 1
1995 -1 -1 4618 8 0 3 0 0 15 0 13 26 0 2309 4411 4677 808 -6087 38 0
1996 0
1997 1
1998 -1 -1 9235 8 0 1 0 0 0 0 27 0 2 1
1999 -1 -1 9234 8 0 12 0 0 12 0 20 0 0 4617 -426 -4104 3606 2517 15 1
2000 -1 -1 4616 8 0 8 0 1 26 8 5 1 0 2308 -3177 1366 -1180 945 5 1154 -2396 7107 -1009 -5653 27 577 -389 4526 3076 -7094 48 0
2001 0
2002 0
2003 1
2004 -1 -1 4615 8 0 3 4 0 12 0 22 0 0 1
2005 -1 -1 4614 8 0 3 0 24 21 4 4 3 0 2307 -3361 4503 -555 3683 4 0
2006 1
2007 -1 -1 4613 8 0 0 30 0 1 2 2 3 9 0
2008 1
2009 -1 -1 9225 8 0 0 4 0 6 3 4 11 1 1
2010 -1 -1 9224 8 0 6 5 18 23 28 6 1 9 4612 4184 582 -1159 -2810 24 2306 3434 485 -1397 -2855 31 1153 -3569 2061 4506 -853 18 0
2011 0
2012 0
2013 1
2014 -1 -1 9223 8 0 0 0 0 7 3 0 10 0 1
2015 -1 -1 9222 8 0 20 7 0 92 0 174 13 0 4611 2701 7444 1324 -2583 200 0
2016 1
2017 -1 -1 9221 8 0 5 4 0 30 20 18 1 6 1
2018 -1 -1 9220 8 0 8 0 2 13 3 13 47 6 4610 -2904 6244 -3080 -469 21 2305 1772 6409 1869 -6138 39 0
2019 1
2020 -1 -1 4609 8 0 1 5 11 5 1 0 8 1 0
2021 1
2022 -1 -1 9217 8 0 29 5 6 120 2 132 3 6 1
2023 -1 -1 9216 8 0 82 0 0 217 10 65 0 14 4608 -2519 7839 -67 -82 37 2304 -1581 -6453 3762 -3395 212 1152 1940 633 -588 -629 3 576 -513 714 -1558 1363 0 288 -349 -6022 -4977 6339 396 144 -3175 3890 3993 -5282 212 72 2679 -4315 -177 23 6 36 1147 3444 -3493 3087 4 18 -3081 3096 -2732 -5088 240 9 -4839 3070 1165 -2074 396 0
2024 0
2025 0
2026 0
2027 0
2028 1
2029 -1 -1 287 8 0 6 9 0 1 0 44 9 0 0
2030 1
2031 -1 -1 573 8 0 3 0 33 4 0 2 6 0 0
2032 1
2033 -1 -1 1145 8 0 6 2 0 6 24 0 0 0 1
2034 -1 -1 1144 8 0 15 3 7 32 1 0 5 1 572 -713 -1913 -4474 -3056 398 286 4212 4865 3900 -1871 44 143 -4641 -7178 3340 -5884 400 0
2035 0
2036 0
2037 1
2038 -1 -1 1143 8 0 2 0 0 4 0 0 0 19 0
2039 1
2040 -1 -1 2285 8 0 3 0 0 11 0 22 0 0 1
2041 -1 -1 2284 8 0 11 0 0 53 0 2 0 0 1142 -2622 -1137 953 4159 5 571 -2411 2034 4256 6176 291 0
2042 1
2043 -1 -1 1141 8 0 3 0 5 29 0 0 0 4 0
2044 1
2045 -1 -1 2281 8 0 7 0 0 0 0 0 14 3 0
2046 1
2047 -1 -1 4561 8 0 1 0 0 1 1 2 0 0 0
2048 1
2049 -1 -1 9121 8 0 4 0 0 0 0 1 0 0 1
2050 -1 -1 9120 8 0 1 0 0 9 0 0 0 101 4560 -2482 3500 -1090 -408 11 2280 -710 -5138 -4953 2172 10 1140 1752 3597 87 977 16 570 4142 7600 4071 -4466 28 285 -3250 7829 -618 5709 2 0
2051 0
2052 0
2053 1
2054 -1 -1 2279 8 0 2 0 0 7 0 46 0 1 1
2055 -1 -1 2278 8 0 6 0 0 15 0 2 0 0 1139 917 7625 -2444 -77 13 1
2056 -1 -1 1138 8 0 11 1 0 16 0 3 2 6 569 859 4041 4024 -3572 3 1
2057 -1 -1 568 8 0 2 32 0 9 0 4 5 1 284 -2748 6833 -411 1391 4 142 -252 4048 -3757 -3921 22 71 2654 836 -2180 6215 8 0
2058 0
2059 1
2060 -1 -1 283 8 0 4 32 3 9 12 0 6 0 0
2061 0
2062 1
2063 -1 -1 1131 8 0 1 0 1 1 0 0 0 19 1
2064 -1 -1 1130 8 0 9 7 43 0 0 0 0 2 565 3822 4124 -4912 2019 23 0
2065 1
2066 -1 -1 1129 8 0 7 3 1 2 0 0 0 26 0
2067 1
2068 -1 -1 2257 8 0 0 0 10 3 0 0 0 0 0
2069 1
2070 -1 -1 4513 8 0 5 2 5 0 0 0 0 0 1
2071 -1 -1 4512 8 0 53 3 0 4 0 0 0 0 2256 770 -4079 -2411 -1900 10 1128 -3587 6099 -612 1618 31 564 16 3034 4367 -298 0 282 2876 -5164 -3667 -5379 139 141 -3421 -4823 -825 2152 27 0
2072 0
2073 0
2074 0
2075 1
2076 -1 -1 2255 8 0 17 0 0 3 0 24 0 0 1
2077 -1 -1 2254 8 0 55 0 0 9 0 3 0 2 1127 4556 -2860 2366 931 15 0
2078 1
2079 -1 -1 2253 8 0 4 0 9 0 0 0 0 0 0
2080 0
2081 1
2082 -1 -1 9011 8 0 1 0 0 3 0 0 0 0 1
2083 -1 -1 9010 8 0 170 0 0 1 0 0 0 0 4505 4099 -6979 -1260 -157 206 0
2084 1
2085 -1 -1 9009 8 0 18 0 0 0 0 0 0 0 1
2086 -1 -1 9008 8 0 45 0 0 25 0 0 0 0 4504 1548 -4373 -2775 6355 39 2252 -1450 3711 2925 7562 5 1126 -1284 -3896 -3508 7704 173 563 1293 5533 -4081 6921 16 0
2087 1
2088 -1 -1 1125 8 0 1 2 29 4 3 0 0 2 1
2089 -1 -1 1124 8 0 12 0 1 15 1 3 0 0 562 1703 2422 2476 7543 13 281 656 127 -4574 6911 1 0
2090 0
2091 0
2092 1
2093 -1 -1 2247 8 0 11 0 0 3 1 1 28 0 0
2094 0
2095 1
2096 -1 -1 8987 8 0 6 0 47 8 0 0 5 0 1
2097 -1 -1 8986 8 0 13 0 0 4 3 4 0 0 4493 -4307 3796 4727 -5621 386 0
2098 1
2099 -1 -1 8985 8 0 5 0 1 4 32 8 1 0 1
2100 -1 -1 8984 8 0 18 0 0 5 0 2 0 0 4492 3005 7582 4716 -2259 322 2246 1756 5646 -4310 -4020 20 1123 2400 902 -528 6485 21 0
2101 1
2102 -1 -1 2245 8 0 2 0 0 12 0 19 0 2 0
2103 1
2104 -1 -1 4489 8 0 9 18 3 18 0 0 1 0 1
2105 -1 -1 4488 8 0 21 0 0 4 0 1 0 0 2244 4044 2225 3305 -7204 45 1122 129 7543 3508 -513 4 561 1503 -112 -2960 2921 7 0
2106 1
2107 -1 -1 1121 8 0 21 0 5 1 0 0 1 0 0
2108 0
2109 1
2110 -1 -1 4483 8 0 2 0 0 18 0 2 0 0 0
2111 1
2112 -1 -1 8965 8 0 35 0 0 0 0 0 0 0 1
2113 -1 -1 8964 8 0 18 0 0 28 0 0 0 0 4482 -3180 -3470 4027 7660 15 2241 -3758 -4699 -1808 3204 29 0
2114 0
2115 1
2116 -1 -1 8963 8 0 18 27 0 6 0 0 0 0 1
2117 -1 -1 8962 8 0 8 0 0 13 0 0 0 0 4481 3685 253 -859 4843 1 1
2118 -1 -1 4480 8 0 11 0 1 23 0 0 0 0 2240 3505 -2472 -4136 -6383 9 1120 -4970 -2640 124 5367 8 560 3490 -78 -163 4641 20 280 867 3641 -4744 102 2 140 -1462 -284 -795 6892 13 70 2991 632 2395 7631 215 35 -568 6688 -929 510 2 0
2119 0
2120 0
2121 0
2122 1
2123 -1 -1 559 8 0 1 1 35 2 5 0 0 12 0
2124 0
2125 1
2126 -1 -1 2235 8 0 2 0 8 8 0 4 0 3 0
2127 1
2128 -1 -1 4469 8 0 0 0 0 0 3 6 0 0 0
2129 1
2130 -1 -1 8937 8 0 0 0 0 9 0 9 0 0 1
2131 -1 -1 8936 8 0 0 0 0 49 7 1 0 0 4468 -1854 590 -3642 -6247 366 2234 -4611 875 3485 884 181 1117 4983 707 157 -1481 35 0
2132 1
2133 -1 -1 2233 8 0 0 2 26 2 0 2 0 1 0
2134 1
2135 -1 -1 4465 8 0 0 3 0 53 0 3 0 0 1
2136 -1 -1 4464 8 0 0 1 10 16 0 0 0 0 2232 -107 -2128 -2895 -1190 0 1116 2017 3788 4187 1673 9 558 -3899 5305 3330 -4884 10 279 3053 1452 1482 52 25 0
2137 0
2138 1
2139 -1 -1 1115 8 0 0 8 0 2 0 0 8 0 1
2140 -1 -1 1114 8 0 3 0 0 8 3 1 0 54 557 -147 -3925 2235 -3030 28 0
2141 0
2142 1
2143 -1 -1 2227 8 0 17 0 0 3 0 19 0 0 1
2144 -1 -1 2226 8 0 1 3 0 12 0 39 1 0 1113 -1149 4145 17 6344 1 0
2145 0
2146 0
2147 1
2148 -1 -1 8903 8 0 5 0 1 7 0 25 0 1 1
2149 -1 -1 8902 8 0 1 0 0 35 0 5 0 0 4451 1261 -1459 3369 1435 9 0
2150 1
2151 -1 -1 8901 8 0 2 0 0 0 0 0 4 0 1
2152 -1 -1 8900 8 0 7 0 0 88 1 2 0 3 4450 -3522 -6494 1852 -5795 398 2225 4640 -7260 1132 4583 29 0
2153 1
2154 -1 -1 4449 8 0 0 34 0 11 0 0 0 3 1
2155 -1 -1 4448 8 0 8 2 1 40 1 3 0 2 2224 2037 4213 264 -7058 325 1112 2937 -3325 -4042 5736 0 556 1894 3854 -4109 -3395 354 278 1174 -3258 -2252 6550 220 139 2670 5369 -75 -1459 10 0
2156 0
2157 0
2158 1
2159 -1 -1 1111 8 0 0 16 0 0 2 0 0 0 0
2160 1
2161 -1 -1 2221 8 0 0 0 0 0 0 14 0 0 1
2162 -1 -1 2220 8 0 0 0 0 7 0 0 52 0 1110 3157 7622 -2152 -3879 375 555 1175 96 -3572 444 182 1
2163 -1 -1 554 8 0 2 4 30 17 4 1 1 1 277 4308 4853 709 5784 25 0
2164 0
2165 0
2166 1
2167 -1 -1 2215 8 0 10 3 0 2 0 0 0 0 1
2168 -1 -1 2214 8 0 0 0 2 7 39 2 12 3 1107 -897 -374 755 7311 3 0
2169 1
2170 -1 -1 2213 8 0 0 1 36 4 0 0 0 4 1
2171 -1 -1 2212 8 0 6 1 3 18 0 6 0 0 1106 525 7027 -793 4867 6 553 3236 7617 2595 -4670 264 0
2172 0
2173 1
2174 -1 -1 2211 8 0 1 21 0 4 2 0 0 0 0
2175 1
2176 -1 -1 4421 8 0 1 4 11 15 0 10 0 14 0
2177 1
2178 -1 -1 8841 8 0 5 0 3 1 1 0 0 0 1
2179 -1 -1 8840 8 0 4 14 3 95 0 5 0 0 4420 -1023 -2969 4968 -6124 394 2210 -3661 2224 -3852 5651 14 1105 -2394 3829 3848 7159 260 0
2180 0
2181 1
2182 -1 -1 4419 8 0 4 0 2 1 2 3 0 9 0
2183 1
2184 -1 -1 8837 8 0 1 2 2 22 0 1 0 0 1
2185 -1 -1 8836 8 0 3 50 0 5 2 0 0 0 4418 -132 2538 -1020 -3014 15 2209 -3369 4884 3422 -186 27 0
2186 0
2187 1
2188 -1 -1 8835 8 0 1 29 10 10 0 0 0 0 1
2189 -1 -1 8834 8 0 0 9 167 16 1 0 0 0 4417 3336 3386 -4743 -1366 314 0
2190 1
2191 -1 -1 8833 8 0 1 1 31 33 5 1 0 3 1
2192 -1 -1 8832 8 0 2 45 16 19 5 0 0 0 4416 -1324 2004 -193 -7774 225 2208 -413 1459 3904 -7797 287 1104 -4063 3000 2379 -3942 335 552 -3384 1011 -4957 7564 6 276 -4506 -6593 2002 -5507 1 138 4429 2737 -3095 3783 42 69 4453 -5703 -3005 -7188 10 0
2193 0
2194 0
2195 1
2196 -1 -1 551 8 0 1 40 0 2 0 7 0 0 1
2197 -1 -1 550 8 0 2 2 0 2 0 8 35 0 275 3758 -1460 -1182 7275 201 0
2198 1
2199 -1 -1 549 8 0 0 0 0 11 0 50 0 1 0
2200 0
2201 1
2202 -1 -1 2195 8 0 1 0 0 0 0 0 2 34 1
2203 -1 -1 2194 8 0 0 39 1 8 8 0 0 10 1097 -2174 -6250 4177 -2415 74 0
2204 1
2205 -1 -1 2193 8 0 1 0 0 0 0 0 0 21 0
2206 0
2207 1
2208 -1 -1 8771 8 0 0 3 0 4 52 0 0 0 1
2209 -1 -1 8770 8 0 0 2 2 7 3 3 2 1 4385 504 -4089 4464 1720 10 0
2210 1
2211 -1 -1 8769 8 0 8 2 3 22 7 25 0 3 1
2212 -1 -1 8768 8 0 1 2 33 4 8 0 2 4 4384 -1528 -163 73 -164 0 2192 4317 6648 4914 1363 68 1096 4359 7958 3265 -6017 369 548 2184 3707 4413 6897 36 274 -2880 -285 -4581 3586 324 137 -4495 -3164 389 -128 380 0
2213 0
2214 0
2215 1
2216 -1 -1 1095 8 0 0 13 8 12 0 7 7 15 0
2217 1
2218 -1 -1 2189 8 0 2 0 0 7 0 45 0 0 1
2219 -1 -1 2188 8 0 2 0 2 30 1 11 2 0 1094 -562 -70 -1146 -7630 304 547 -3999 1624 4067 4724 250 0
2220 0
2221 1
2222 -1 -1 2187 8 0 11 0 0 1 0 1 0 0 0
2223 1
2224 -1 -1 4373 8 0 1 0 2 16 0 12 0 0 1
2225 -1 -1 4372 8 0 0 10 29 18 7 2 0 0 2186 -2784 -3067 4374 -3002 278 1093 1117 -2597 -243 4706 400 0
2226 1
2227 -1 -1 2185 8 0 1 0 0 4 16 2 0 0 0
2228 1
2229 -1 -1 4369 8 0 0 0 1 32 0 0 0 0 0
2230 1
2231 -1 -1 8737 8 0 7 0 0 37 0 4 0 0 1
2232 -1 -1 8736 8 0 53 2 0 23 3 5 0 0 4368 3239 4163 -4058 -2498 2 2184 -4014 -2916 3441 -7615 181 1092 -796 1902 -2462 1773 6 546 2912 -6 -1786 705 3 273 -4479 -4767 -1594 -431 13 0
2233 0
2234 0
2235 1
2236 -1 -1 2183 8 0 22 2 0 4 1 4 11 0 0
2237 1
2238 -1 -1 4365 8 0 0 0 14 0 27 0 3 0 1
2239 -1 -1 4364 8 0 7 0 43 3 1 2 0 0 2182 4054 4049 3925 1347 4 1091 -1103 -613 -1189 -6780 50 0
2240 0
2241 1
2242 -1 -1 4363 8 0 1 0 2 18 25 0 16 2 1
2243 -1 -1 4362 8 0 0 2 8 29 1 0 3 0 2181 -3649 1849 659 -1411 1 0
2244 0
2245 1
2246 -1 -1 8723 8 0 1 0 0 2 0 6 1 1 1
2247 -1 -1 8722 8 0 2 20 2 38 0 1 0 1 4361 -2036 4669 -824 6389 5 0
2248 1
2249 -1 -1 8721 8 0 0 0 2 38 0 2 2 0 1
2250 -1 -1 8720 8 0 23 0 1 35 2 2 0 0 4360 3757 7892 -1256 1642 15 2180 -4258 -7991 -3052 -1669 0 1090 -2706 724 248 6327 248 545 -4422 4297 -564 5074 388 0
2251 0
2252 1
2253 -1 -1 2179 8 0 2 7 7 4 14 0 26 1 0
2254 1
2255 -1 -1 4357 8 0 0 6 0 4 4 0 0 0 0
2256 1
2257 -1 -1 8713 8 0 2 1 5 21 0 5 0 2 1
2258 -1 -1 8712 8 0 9 1 0 25 1 66 10 1 4356 592 481 -104 -7758 42 2178 -3773 -5627 -1789 6903 329 1089 -1008 6733 -3616 -3221 168 0
2259 0
2260 1
2261 -1 -1 4355 8 0 7 1 0 35 2 3 1 0 0
2262 1
2263 -1 -1 8709 8 0 4 4 1 14 5 0 14 1 1
2264 -1 -1 8708 8 0 0 1 35 7 32 3 20 0 4354 1348 1561 1621 -7060 33 2177 -2002 -2390 -1969 -7217 29 0
2265 1
2266 -1 -1 4353 8 0 2 10 11 10 1 0 3 3 0
2267 1
2268 -1 -1 8705 8 0 1 0 0 7 5 8 0 0 1
2269 -1 -1 8704 8 0 7 1 13 30 9 2 178 1 4352 -1771 -2678 1430 7314 394 2176 4765 5002 -3086 5847 212 1088 3003 7351 -4456 -7165 39 544 -3816 7362 409 936 16 272 -4134 3152 -3063 7227 1 136 -713 -2588 4611 -754 1 68 -3613 2539 -258 -124 31 34 -1604 4141 -2923 -6956 139 17 2611 1200 -770 -7175 398 0
2270 0
2271 0
2272 0
2273 0
2274 1
2275 -1 -1 543 8 0 1 4 0 3 0 1 0 52 1
2276 -1 -1 542 8 0 5 6 0 11 1 8 4 0 271 3660 -7247 -2348 6903 300 0
2277 1
2278 -1 -1 541 8 0 0 1 3 10 0 5 0 1 0
2279 1
2280 -1 -1 1081 8 0 33 0 0 2 1 1 0 1 0
2281 1
2282 -1 -1 2161 8 0 1 0 0 5 0 6 0 0 1
2283 -1 -1 2160 8 0 36 0 0 23 0 2 1 0 1080 -853 2598 -1253 -2739 18 540 -4634 -5785 4391 -485 10 270 -1615 -1121 20 -7716 6 135 2864 -5478 -746 -542 38 0
2284 0
2285 1
2286 -1 -1 539 8 0 0 18 0 2 0 17 0 2 0
2287 1
2288 -1 -1 1077 8 0 1 3 0 2 0 31 0 0 0
2289 0
2290 1
2291 -1 -1 4307 8 0 17 0 0 3 0 0 0 0 0
2292 1
2293 -1 -1 8613 8 0 18 1 0 0 0 10 0 0 1
2294 -1 -1 8612 8 0 5 0 0 3 0 36 0 0 4306 3681 -1303 -2249 1177 14 2153 -3223 940 4677 6488 38 0
2295 1
2296 -1 -1 4305 8 0 0 0 0 4 0 6 0 0 0
2297 1
2298 -1 -1 8609 8 0 1 0 0 2 0 4 0 0 1
2299 -1 -1 8608 8 0 138 0 0 0 2 6 0 0 4304 -3976 -578 3357 -5542 4 2152 3855 2514 4726 3543 214 1076 639 -515 699 6626 22 538 3170 5886 4753 7232 206 269 1216 4202 -3198 3086 223 0
2300 1
2301 -1 -1 537 8 0 2 1 0 1 0 1 13 4 1
2302 -1 -1 536 8 0 41 0 0 14 2 0 5 0 268 -1919 2544 -2587 -991 19 134 -2742 -6865 2374 921 286 67 -1014 -7119 -2636 -5940 1 0
2303 0
2304 0
2305 0
2306 0
2307 1
2308 -1 -1 2143 8 0 0 13 1 0 0 2 0 12 1
2309 -1 -1 2142 8 0 1 0 3 3 1 0 1 37 1071 4243 4900 3185 -904 252 1
2310 -1 -1 1070 8 0 1 2 7 2 17 1 17 11 535 -3 -6918 -1679 -1086 207 0
2311 0
2312 1
2313 -1 -1 2139 8 0 0 2 0 9 0 1 0 23 0
2314 0
2315 1
2316 -1 -1 8555 8 0 0 2 0 0 0 0 0 0 1
2317 -1 -1 8554 8 0 0 0 0 130 0 2 0 4 4277 -2951 -490 -4075 -7850 386 1
2318 -1 -1 4276 8 0 0 2 0 23 5 13 1 1 2138 -2074 -6997 -391 -396 214 1069 1367 1358 3278 6363 281 0
2319 1
2320 -1 -1 2137 8 0 1 0 12 6 0 1 8 4 1
2321 -1 -1 2136 8 0 11 10 0 9 26 0 4 4 1068 -3034 -1619 -2107 7344 274 534 525 -6393 2881 -525 46 267 4044 5479 1610 434 28 0
2322 0
2323 1
2324 -1 -1 1067 8 0 6 0 2 3 0 17 2 1 0
2325 1
2326 -1 -1 2133 8 0 2 0 0 29 14 0 3 0 0
2327 1
2328 -1 -1 4265 8 0 0 10 0 1 3 0 2 0 0
2329 1
2330 -1 -1 8529 8 0 0 0 0 1 6 3 0 0 1
2331 -1 -1 8528 8 0 4 0 0 28 2 3 102 0 4264 2031 771 4642 -2135 280 2132 -2354 5729 -2453 1549 62 1066 -4524 -861 -4105 4078 53 533 -2995 74 256 6143 364 0
2332 1
2333 -1 -1 1065 8 0 32 4 0 2 11 8 11 0 0
2334 1
2335 -1 -1 2129 8 0 0 2 4 25 6 20 0 2 0
2336 0
2337 1
2338 -1 -1 8515 8 0 0 2 8 29 4 0 0 0 1
2339 -1 -1 8514 8 0 4 1 30 4 6 1 0 5 4257 2365 -1341 -1129 6557 5 0
2340 1
2341 -1 -1 8513 8 0 3 0 1 15 21 0 19 6 1
2342 -1 -1 8512 8 0 16 3 0 10 1 1 0 0 4256 2105 -5956 -4185 5603 155 2128 -3157 6415 -4817 -2531 0 1064 -3928 2965 -1186 -6463 11 532 -3392 -6337 -1356 4292 399 266 4031 -6005 3704 7656 261 133 4005 -5639 -1287 1464 209 0
2343 0
2344 0
2345 1
2346 -1 -1 1063 8 0 0 9 0 1 1 11 0 0 0
2347 1
2348 -1 -1 2125 8 0 1 0 2 11 3 8 0 0 1
2349 -1 -1 2124 8 0 0 0 0 62 0 2 0 0 1062 -4422 1105 3215 6298 111 531 -4097 -3688 167 839 300 0
2350 0
2351 1
2352 -1 -1 2123 8 0 10 2 0 0 0 10 0 1 1
2353 -1 -1 2122 8 0 3 0 6 33 0 20 0 1 1061 -2287 -7954 2133 2594 385 0
2354 1
2355 -1 -1 2121 8 0 0 0 0 11 1 5 0 0 0
2356 0
2357 1
2358 -1 -1 8483 8 0 0 0 0 0 0 38 0 0 1
2359 -1 -1 8482 8 0 12 0 0 0 0 34 0 0 4241 3398 -5839 -904 706 96 0
2360 1
2361 -1 -1 8481 8 0 7 0 0 5 0 92 0 0 1
2362 -1 -1 8480 8 0 1 0 0 10 0 14 0 0 4240 -1728 -5556 3393 1883 87 2120 2791 -2032 -2138 3842 17 1060 2707 5986 -2783 5566 30 530 3779 -7751 -3494 6882 193 265 -2319 -4863 3053 6545 202 0
2363 0
2364 1
2365 -1 -1 1059 8 0 1 1 10 4 9 8 13 1 0
2366 1
2367 -1 -1 2117 8 0 40 0 0 8 0 11 0 0 0
2368 0
2369 1
2370 -1 -1 8467 8 0 0 1 3 4 4 0 0 11 1
2371 -1 -1 8466 8 0 1 0 0 42 0 5 0 1 4233 2742 7249 2 240 28 1
2372 -1 -1 4232 8 0 9 1 0 13 0 44 0 1 2116 -481 -7682 -647 5506 193 1058 -3881 -7010 4184 -1368 399 529 3315 -1956 2542 3964 181 0
2373 1
2374 -1 -1 1057 8 0 15 0 2 3 0 0 0 1 0
2375 1
2376 -1 -1 2113 8 0 1 12 16 5 26 1 3 1 0
2377 1
2378 -1 -1 4225 8 0 0 1 36 10 0 0 0 0 1
2379 -1 -1 4224 8 0 1 0 14 18 15 14 0 4 2112 2417 -3556 -2202 7337 132 1056 1303 -6009 -2804 3284 146 528 3042 51 731 3495 396 264 -712 -6752 -774 -1323 43 132 -3242 -4037 -298 -172 19 66 4238 -5038 317 3971 225 33 -3108 -5408 1441 5588 395 0
2380 0
2381 0
2382 0
2383 0
2384 1
2385 -1 -1 1055 8 0 0 0 1 0 0 0 0 0 0
2386 0
2387 1
2388 -1 -1 4219 8 0 45 0 0 0 0 0 0 0 1
2389 -1 -1 4218 8 0 43 0 0 0 0 0 0 0 2109 79 5732 -393 1261 20 1
2390 -1 -1 2108 8 0 30 0 0 0 0 0 0 0 1054 452 7681 4684 4329 185 527 1281 1576 1887 5375 156 1
2391 -1 -1 526 8 0 4 4 0 3 1 0 3 0 263 -3037 7937 -3500 -5627 387 0
2392 1
2393 -1 -1 525 8 0 7 1 6 1 9 3 0 7 0
2394 1
2395 -1 -1 1049 8 0 32 0 0 0 0 0 0 0 0
2396 1
2397 -1 -1 2097 8 0 27 0 0 0 0 17 0 0 0
2398 1
2399 -1 -1 4193 8 0 5 0 0 0 0 55 0 0 1
2400 -1 -1 4192 8 0 16 0 0 0 0 20 0 0 2096 -3702 -6298 2336 -4157 9 1048 -2100 -1990 992 -4755 4 524 2931 -4134 -4186 3604 9 262 487 4019 -3950 2116 14 131 -2930 -4178 -4638 1531 9 0
2401 0
2402 0
2403 1
2404 -1 -1 1047 8 0 0 0 1 11 7 13 2 3 0
2405 1
2406 -1 -1 2093 8 0 0 26 33 6 3 1 0 0 0
2407 1
2408 -1 -1 4185 8 0 1 0 0 3 0 0 1 0 0
2409 1
2410 -1 -1 8369 8 0 0 0 99 1 0 0 0 1 1
2411 -1 -1 8368 8 0 0 0 0 2 0 0 0 0 4184 779 -4459 107 -4519 0 2092 3534 385 4142 -6759 347 1046 -1559 6893 -2807 1216 22 523 -3456 3029 -1707 -3631 10 0
2412 0
2413 1
2414 -1 -1 2091 8 0 0 2 0 7 0 4 8 4 0
2415 1
2416 -1 -1 4181 8 0 1 1 5 7 20 0 0 2 0
2417 1
2418 -1 -1 8361 8 0 2 0 3 11 1 34 0 0 1
2419 -1 -1 8360 8 0 14 0 7 76 37 23 0 0 4180 2860 -5844 4806 -1697 7 2090 3683 3772 1776 -2502 35 1045 4239 81 -3608 -4613 269 0
2420 0
2421 1
2422 -1 -1 4179 8 0 1 0 3 30 22 1 0 0 1
2423 -1 -1 4178 8 0 3 0 0 13 0 19 0 0 2089 1987 6853 -475 3999 25 0
2424 1
2425 -1 -1 4177 8 0 0 4 19 0 11 0 0 0 0
2426 1
2427 -1 -1 8353 8 0 5 2 2 18 8 5 5 2 1
2428 -1 -1 8352 8 0 40 1 126 97 5 18 0 0 4176 -3308 3098 4667 -7322 247 2088 83 1345 1380 -2517 16 1044 119 -4051 -4706 6264 243 522 -2915 5590 3394 -1923 14 261 -4645 4193 4788 -4211 223 0
2429 0
2430 0
2431 1
2432 -1 -1 2087 8 0 0 9 0 0 0 3 22 0 0
2433 1
2434 -1 -1 4173 8 0 1 0 0 10 0 0 0 0 0
2435 1
2436 -1 -1 8345 8 0 2 0 0 2 0 56 0 0 1
2437 -1 -1 8344 8 0 5 0 0 7 0 3 0 0 4172 -106 -445 -2850 -2796 5 2086 -2857 -4667 317 -6332 10 1043 2588 2797 971 3452 11 0
2438 0
2439 0
2440 1
2441 -1 -1 8343 8 0 0 4 2 34 3 0 9 0 1
2442 -1 -1 8342 8 0 17 1 10 45 30 58 4 1 4171 1074 -2782 857 -7945 20 0
2443 1
2444 -1 -1 8341 8 0 0 0 22 2 0 0 0 0 1
2445 -1 -1 8340 8 0 6 0 14 66 0 4 2 0 4170 1061 3555 -1271 2928 17 2085 -1544 6264 -721 -4965 23 0
2446 1
2447 -1 -1 4169 8 0 4 3 1 31 0 6 0 4 0
2448 1
2449 -1 -1 8337 8 0 0 13 0 3 0 2 2 0 1
2450 -1 -1 8336 8 0 3 2 0 36 17 7 49 0 4168 -4632 -1349 -1679 7365 5 2084 -1935 -5284 1202 3363 0 1042 4418 3525 3482 -3414 10 521 -4276 -415 3845 -7560 399 0
2451 0
2452 0
2453 1
2454 -1 -1 4167 8 0 3 1 11 6 0 1 0 0 0
2455 1
2456 -1 -1 8333 8 0 0 0 0 17 0 1 0 0 1
2457 -1 -1 8332 8 0 7 2 0 7 0 74 1 0 4166 -4802 -2081 -747 -2165 5 2083 3992 -6528 -3729 -774 9 0
2458 0
2459 1
2460 -1 -1 8331 8 0 0 7 0 4 2 0 0 0 1
2461 -1 -1 8330 8 0 16 0 0 63 0 28 0 0 4165 2448 2292 -4155 -2752 165 0
2462 1
2463 -1 -1 8329 8 0 5 9 0 19 2 0 1 0 1
2464 -1 -1 8328 8 0 2 20 39 22 1 9 0 0 4164 -665 -1484 -4303 -3053 2 2082 4303 -6131 -706 1342 6 1041 -1219 1195 -735 -7922 6 0
2465 0
2466 0
2467 1
2468 -1 -1 8327 8 0 5 0 3 12 7 32 0 0 1
2469 -1 -1 8326 8 0 8 4 47 9 4 2 0 0 4163 1261 -1306 -1225 -7999 8 0
2470 1
2471 -1 -1 8325 8 0 0 0 8 4 3 1 0 9 1
2472 -1 -1 8324 8 0 63 4 2 77 15 26 0 2 4162 3451 -5345 4580 3159 43 2081 4327 2013 -93 680 12 0
2473 0
2474 1
2475 -1 -1 8323 8 0 14 0 1 23 0 43 2 0 1
2476 -1 -1 8322 8 0 6 2 4 37 2 1 0 0 4161 -404 4396 196 -2228 2 0
2477 1
2478 -1 -1 8321 8 0 189 2 0 81 1 30 0 0 1
2479 -1 -1 8320 8 0 51 0 0 19 30 10 13 0 4160 4874 -7331 3657 -4513 0 2080 1435 4962 4922 -6979 18 1040 -579 6995 1088 -910 14 520 517 -6942 4850 6442 65 260 -411 5929 2563 -7677 28 130 1454 7184 1291 3714 15 65 -4069 7393 -695 1967 393 0
2480 0
2481 0
2482 1
2483 -1 -1 519 8 0 14 0 0 15 29 11 0 0 0
2484 1
2485 -1 -1 1037 8 0 7 0 0 1 0 0 0 8 0
2486 0
2487 1
2488 -1 -1 4147 8 0 5 0 1 1 0 1 0 0 0
2489 1
2490 -1 -1 8293 8 0 1 0 0 0 0 0 0 0 1
2491 -1 -1 8292 8 0 94 0 0 0 0 0 0 0 4146 1754 2657 2177 -4275 3 2073 -1708 1342 1211 2897 22 0
2492 1
2493 -1 -1 4145 8 0 4 0 3 10 0 6 0 0 0
2494 1
2495 -1 -1 8289 8 0 41 0 0 23 0 1 0 0 1
2496 -1 -1 8288 8 0 36 0 0 0 0 2 0 0 4144 3977 -7334 3553 -4 3 2072 3817 1360 -2688 -6667 21 1036 -4622 -7296 546 2791 15 518 3947 -5924 -2688 2098 100 259 4311 2363 4305 -3061 6 0
2497 0
2498 1
2499 -1 -1 1035 8 0 10 15 8 17 1 9 7 0 0
2500 1
2501 -1 -1 2069 8 0 0 0 0 0 0 11 2 0 0
2502 0
2503 1
2504 -1 -1 8275 8 0 2 0 0 6 0 0 0 0 1
2505 -1 -1 8274 8 0 77 1 0 4 2 0 0 0 4137 -4303 -6409 -2672 -621 48 1
2506 -1 -1 4136 8 0 23 0 0 9 0 15 0 0 2068 776 -1403 2446 2352 0 1034 -2077 -1950 -91 132 20 517 -2562 6978 1893 -7828 5 0
2507 0
2508 0
2509 1
2510 -1 -1 4135 8 0 0 16 3 6 0 0 2 0 0
2511 1
2512 -1 -1 8269 8 0 0 2 4 13 9 0 1 2 1
2513 -1 -1 8268 8 0 8 0 5 93 1 1 0 3 4134 110 -4706 -3299 -7968 45 2067 3418 -5328 510 -1232 37 0
2514 1
2515 -1 -1 4133 8 0 0 12 24 2 0 0 3 0 1
2516 -1 -1 4132 8 0 3 9 2 13 1 0 2 0 2066 3189 -3849 -1540 5954 187 1033 -565 -2248 2769 7386 205 0
2517 0
2518 1
2519 -1 -1 4131 8 0 0 10 0 0 6 0 0 0 0
2520 1
2521 -1 -1 8261 8 0 0 0 10 2 2 0 0 0 1
2522 -1 -1 8260 8 0 18 0 1 37 2 3 4 1 4130 -4727 -5323 1388 2585 132 2065 -1938 -1545 -2955 317 157 0
2523 0
2524 1
2525 -1 -1 8259 8 0 0 0 0 4 0 0 59 0 1
2526 -1 -1 8258 8 0 1 0 0 8 0 0 0 0 4129 -1139 -962 4434 6396 169 1
2527 -1 -1 4128 8 0 4 2 4 20 13 2 16 1 2064 2334 -1921 -1640 1386 16 1032 -4275 -7994 -1846 -3145 3 516 547 -460 -2861 -3217 1 258 -2045 -7410 2105 7256 373 129 3791 -3199 -1381 7556 390 0
2528 0
2529 0
2530 0
2531 0
2532 1
2533 -1 -1 4127 8 0 4 0 0 3 0 14 0 7 0
2534 1
2535 -1 -1 8253 8 0 16 1 0 54 0 3 0 0 1
2536 -1 -1 8252 8 0 46 0 0 20 0 10 0 0 4126 -3072 -6866 -344 1014 6 2063 -4167 1395 2187 6300 21 1
2537 -1 -1 2062 8 0 7 1 4 6 4 21 0 0 1031 -3320 -1820 3309 464 1 0
2538 1
2539 -1 -1 2061 8 0 2 0 0 4 19 0 4 0 0
2540 1
2541 -1 -1 4121 8 0 12 6 0 23 0 3 0 0 0
2542 1
2543 -1 -1 8241 8 0 17 0 30 34 10 40 0 3 1
2544 -1 -1 8240 8 0 6 11 50 8 2 3 0 0 4120 -2657 4081 -604 -3230 6 2060 1262 425 -3323 3301 6 1030 2837 7438 2697 -1946 345 515 -4439 -2431 529 -1059 3 0
2545 0
2546 0
2547 1
2548 -1 -1 4119 8 0 44 0 0 0 0 0 0 0 1
2549 -1 -1 4118 8 0 17 2 0 7 0 0 0 0 2059 1780 -6272 482 -3902 38 0
2550 1
2551 -1 -1 4117 8 0 24 0 3 20 7 2 3 0 1
2552 -1 -1 4116 8 0 7 0 0 3 0 2 26 0 2058 2609 1509 2944 -4479 1 1029 4986 -7691 344 5663 25 0
2553 0
2554 0
2555 1
2556 -1 -1 8231 8 0 4 0 1 5 4 0 0 0 1
2557 -1 -1 8230 8 0 10 0 0 13 0 98 0 0 4115 -2081 -1111 4588 -7885 38 1
2558 -1 -1 4114 8 0 17 2 5 7 0 0 4 0 2057 -3011 6957 4294 -7894 12 0
2559 0
2560 1
2561 -1 -1 8227 8 0 84 0 0 13 0 14 0 0 1
2562 -1 -1 8226 8 0 30 1 13 13 0 72 0 0 4113 -1451 5965 4477 3484 1 0
2563 1
2564 -1 -1 8225 8 0 6 1 4 12 0 6 0 0 1
2565 -1 -1 8224 8 0 201 0 2 23 0 10 0 0 4112 -4915 -2036 3424 7994 86 2056 3876 7706 4361 -3239 11 1028 1819 -1151 -4551 -7717 117 514 1377 400 -2437 -3885 15 257 2400 7631 2462 3120 9 0
2566 0
2567 0
2568 1
2569 -1 -1 2055 8 0 34 0 0 0 0 0 0 0 0
2570 0
2571 1
2572 -1 -1 8219 8 0 3 0 2 7 0 0 0 0 1
2573 -1 -1 8218 8 0 25 0 0 18 0 160 0 0 4109 -4179 5526 -3332 -7900 88 0
2574 1
2575 -1 -1 8217 8 0 0 7 0 0 0 1 0 0 1
2576 -1 -1 8216 8 0 21 0 0 47 0 19 0 0 4108 1454 808 -4047 3805 213 2054 -259 -2355 4409 5561 42 1027 3742 7823 4475 2038 379 0
2577 0
2578 0
2579 1
2580 -1 -1 8215 8 0 162 0 0 6 0 176 0 0 1
2581 -1 -1 8214 8 0 184 0 0 15 0 17 0 0 4107 1017 -6955 2818 4604 22 0
2582 1
2583 -1 -1 8213 8 0 84 0 0 15 0 72 1 0 1
2584 -1 -1 8212 8 0 711 0 0 47 0 44 0 0 4106 -1106 -7927 -4009 7670 86 2053 -4805 5430 493 3065 8 0
2585 0
2586 1
2587 -1 -1 8211 8 0 188 0 0 11 0 8 0 0 1
2588 -1 -1 8210 8 0 28 0 0 17 0 6 0 0 4105 -4729 -7861 3397 6642 6 0
2589 1
2590 -1 -1 8209 8 0 3 0 0 12 0 12 6 0 1
2591 -1 -1 8208 8 0 116 0 0 59 0 32 0 1 4104 4630 7308 -4932 -4418 150 2052 -168 2873 1683 6552 1 1026 -3064 839 86 7481 10 513 -4165 -7026 4533 1992 73 0
2592 0
2593 0
2594 0
2595 1
2596 -1 -1 8207 8 0 31 0 0 8 0 0 0 0 1
2597 -1 -1 8206 8 0 37 0 0 63 0 0 0 0 4103 463 -7800 -1449 5736 36 0
2598 1
2599 -1 -1 8205 8 0 7 0 0 25 0 17 0 0 1
2600 -1 -1 8204 8 0 47 1 0 34 0 4 0 0 4102 -3636 6433 -1642 4886 2 2051 -1129 3145 -4304 3831 5 0
2601 1
2602 -1 -1 4101 8 0 3 0 2 1 0 0 10 1 0
2603 1
2604 -1 -1 8201 8 0 4 0 0 22 0 0 8 0 1
2605 -1 -1 8200 8 0 41 2 0 22 0 0 0 0 4100 1390 -5615 -3097 -2875 16 2050 3921 4317 -3630 1614 28 1025 2807 -5007 1867 -2387 0 0
2606 0
2607 1
2608 -1 -1 4099 8 0 16 2 1 16 0 23 9 0 0
2609 1
2610 -1 -1 8197 8 0 14 0 0 19 5 18 0 0 1
2611 -1 -1 8196 8 0 178 1 5 37 2 15 0 0 4098 1396 -5472 -2409 -7663 8 2049 1764 4058 -3173 -2611 13 0
2612 0
2613 1
2614 -1 -1 8195 8 0 0 2 0 26 0 0 0 0 1
2615 -1 -1 8194 8 0 23 1 0 11 1 1 5 1 4097 2675 1863 236 437 6 0
2616 1
2617 -1 -1 8193 8 0 33 0 0 29 0 0 6 0 1
2618 -1 -1 8192 8 0 1700 3 0 160 0 31 3 1 4096 -2565 6129 -4540 5409 19 2048 1218 2876 1360 7200 38 1024 4066 7615 4410 -4638 5 512 -4094 1448 4916 -7820 45 256 -2899 -3416 -1099 -738 6 128 1830 7897 -68 -2263 6 64 -531 363 2228 7405 167 32 384 7374 -2144 2302 9 16 358 -6728 436 3990 91 8 -3929 2362 -1124 -7180 29 4 -472 3857 1426 -943 14 2 -275 -303 4135 -194 119 1 333 -149 -4190 2311 139 1 5
