22 serialization::archive 15 0 0 3 0 1 0
0 0 0 0
1 0
2 0
3 0
4 0
5 0
6 1 1 0
7 -1 -1 255 8 0 21 0 0 6 0 15 0 13 0
8 1
9 -1 -1 509 8 0 6 0 0 0 6 0 0 0 0
10 0
11 1
12 -1 -1 2035 8 0 0 0 0 1 0 1 0 0 0
13 1
14 -1 -1 4069 8 0 7 0 0 0 0 3 0 0 1
15 -1 -1 4068 8 0 70 0 0 0 0 0 0 0 2034 0 0 -1270 859 -2329 -795 94 1017 217 -6719 -4741 -4532 121 1
16 -1 -1 1016 8 0 12 4 1 8 0 0 0 0 508 524 -48 -3182 6200 16 254 -3591 4380 1261 3346 329 127 -2678 -448 4096 5278 27 0
17 0
18 1
19 -1 -1 507 8 0 0 0 0 0 13 0 0 0 0
20 1
21 -1 -1 1013 8 0 15 0 3 7 0 10 0 2 0
22 1
23 -1 -1 2025 8 0 10 0 1 0 0 2 0 0 0
24 1
25 -1 -1 4049 8 0 5 0 0 0 0 0 0 6 1
26 -1 -1 4048 8 0 13 0 0 4 0 0 110 0 2024 -1355 7693 2619 3755 95 1012 1913 5202 -3647 4781 112 506 -1946 3470 -4402 1282 5 253 3476 5302 -1242 91 276 1
27 -1 -1 252 8 0 44 0 0 15 0 4 0 1 126 -4444 3160 -3466 -7053 0 63 3391 7722 -59 -6712 1 0
28 0
29 0
30 1
31 -1 -1 503 8 0 4 0 3 2 0 6 36 0 1
32 -1 -1 502 8 0 31 0 18 3 0 9 0 1 251 -819 2436 -4373 2179 12 0
33 1
34 -1 -1 501 8 0 8 0 0 3 0 5 4 0 0
35 0
36 1
37 -1 -1 2003 8 0 16 0 0 0 0 1 3 0 0
38 1
39 -1 -1 4005 8 0 23 0 0 1 1 0 0 0 1
40 -1 -1 4004 8 0 132 0 0 0 0 0 0 0 2002 -2320 1681 -4873 7053 261 1001 204 2676 146 -7815 18 1
41 -1 -1 1000 8 0 26 8 0 3 0 1 0 0 500 -1066 -7743 -4973 1966 16 250 -1166 -5412 -1986 3060 40 125 -944 -5950 -2142 -2344 17 0
42 0
43 0
44 1
45 -1 -1 999 8 0 2 3 0 2 0 0 0 33 1
46 -1 -1 998 8 0 2 33 0 0 0 0 0 12 499 -2701 3816 7 3380 1 0
47 1
48 -1 -1 997 8 0 3 0 0 17 1 8 5 0 0
49 1
50 -1 -1 1993 8 0 4 0 31 1 0 0 0 25 0
51 1
52 -1 -1 3985 8 0 0 0 0 2 0 4 1 2 1
53 -1 -1 3984 8 0 3 0 0 4 0 0 2 108 1992 -4584 6296 -383 2752 13 996 145 456 -607 7936 17 498 4948 -1575 2980 -6766 4 249 -4993 2766 4659 5790 396 0
54 0
55 0
56 0
57 1
58 -1 -1 3983 8 0 24 0 50 0 0 0 0 0 1
59 -1 -1 3982 8 0 22 0 3 10 6 3 0 1 1991 1523 -5255 -4834 -2615 0 0
60 1
61 -1 -1 3981 8 0 29 66 0 10 0 5 0 26 1
62 -1 -1 3980 8 0 91 13 9 52 0 0 0 6 1990 4737 3925 -4567 483 164 995 3634 7335 -1978 3154 1 0
63 1
64 -1 -1 1989 8 0 22 0 0 5 0 0 8 14 0
65 1
66 -1 -1 3977 8 0 3 0 0 12 0 0 0 3 1
67 -1 -1 3976 8 0 104 0 1 22 0 0 0 0 1988 3655 967 -4143 2726 353 994 1598 5284 -3453 -2258 22 497 3909 4049 -4464 -5660 110 0
68 0
69 1
70 -1 -1 1987 8 0 12 0 0 0 0 4 17 1 0
71 1
72 -1 -1 3973 8 0 35 0 0 3 0 3 0 0 1
73 -1 -1 3972 8 0 32 0 0 0 0 1 0 30 1986 -3284 2471 4334 -3113 18 993 163 -6260 -2669 629 0 0
74 0
75 1
76 -1 -1 3971 8 0 4 2 0 1 0 0 0 33 1
77 -1 -1 3970 8 0 128 2 1 8 0 1 0 46 1985 -2947 1854 -1968 424 3 0
78 1
79 -1 -1 3969 8 0 23 1 15 1 0 0 0 0 1
80 -1 -1 3968 8 0 75 2 0 4 0 0 0 3 1984 -785 1558 -3629 -5649 12 992 170 1072 1114 -4291 400 496 1587 -1916 -4115 -4468 19 248 2781 4941 3801 -7440 195 124 -1806 7668 516 490 0 62 -802 -7775 1619 -4116 9 31 4569 -5122 -3365 -4018 30 0
81 0
82 1
83 -1 -1 123 8 0 13 0 0 26 2 25 0 3 0
84 0
85 1
86 -1 -1 491 8 0 17 0 2 17 0 2 0 0 1
87 -1 -1 490 8 0 53 0 0 8 0 0 0 0 245 3293 7773 4985 4132 0 1
88 -1 -1 244 8 0 13 0 16 5 0 0 0 1 122 -4029 4432 -21 7033 3 61 2332 6176 3548 2755 5 0
89 0
90 0
91 1
92 -1 -1 487 8 0 12 1 1 0 0 1 0 0 0
93 1
94 -1 -1 973 8 0 1 21 0 2 0 0 7 1 0
95 0
96 1
97 -1 -1 3891 8 0 0 73 0 1 0 0 0 16 1
98 -1 -1 3890 8 0 1 4 0 0 0 0 0 39 1945 -4765 4641 -264 -2247 8 0
99 1
100 -1 -1 3889 8 0 0 28 0 2 0 0 0 25 1
101 -1 -1 3888 8 0 9 12 1 11 0 0 0 163 1944 1566 5800 -1621 3648 16 972 -871 706 -1018 5059 17 486 4065 3651 -2768 1148 2 243 -4508 -5852 -1745 4924 1 0
102 1
103 -1 -1 485 8 0 6 0 5 0 0 0 3 0 0
104 1
105 -1 -1 969 8 0 3 46 0 10 0 0 1 6 1
106 -1 -1 968 8 0 9 0 0 7 1 0 0 0 484 2276 5586 -1612 -48 8 242 -2884 2864 -2188 6734 13 121 -1780 1342 3546 6173 400 0
107 0
108 0
109 0
110 1
111 -1 -1 1935 8 0 4 0 0 24 0 13 0 0 1
112 -1 -1 1934 8 0 0 0 34 16 2 6 0 2 967 1422 7664 -283 -6243 4 1
113 -1 -1 966 8 0 5 16 2 11 0 0 17 4 483 -4178 -790 -3983 -6652 6 1
114 -1 -1 482 8 0 13 1 0 6 0 40 0 0 241 -4587 3673 4860 1768 64 0
115 1
116 -1 -1 481 8 0 12 1 0 6 4 6 2 5 0
117 1
118 -1 -1 961 8 0 12 0 4 2 0 0 0 0 1
119 -1 -1 960 8 0 12 45 0 0 0 0 0 5 480 -2552 -6270 -3248 6546 8 240 -635 2895 -1138 -2589 5 120 -4686 -6495 2936 1881 25 60 -1878 2647 -3081 -7850 189 30 4038 7684 -468 -5110 116 15 -1653 -460 -4672 4952 3 0
120 0
121 0
122 0
123 0
124 0
125 1
126 -1 -1 959 8 0 2 0 0 3 57 0 0 0 0
127 1
128 -1 -1 1917 8 0 5 0 0 3 4 0 5 0 0
129 1
130 -1 -1 3833 8 0 0 0 2 5 0 31 0 0 1
131 -1 -1 3832 8 0 5 0 0 25 1 16 0 0 1916 1995 3639 -2591 4906 20 958 -3561 6593 2603 4298 301 479 4678 3808 2413 3431 27 1
132 -1 -1 478 8 0 9 8 23 8 0 6 0 5 239 -2691 3437 4721 -7026 320 0
133 0
134 1
135 -1 -1 955 8 0 0 1 0 6 0 3 59 0 1
136 -1 -1 954 8 0 1 20 0 1 0 0 0 0 477 -3460 336 2381 -4370 395 0
137 1
138 -1 -1 953 8 0 1 1 0 0 0 0 22 3 0
139 0
140 1
141 -1 -1 3811 8 0 0 1 0 0 0 36 0 0 1
142 -1 -1 3810 8 0 3 2 1 28 1 17 0 2 1905 1119 1096 -4409 3183 26 1
143 -1 -1 1904 8 0 3 0 8 0 0 0 0 0 952 -3332 1188 -358 -7283 55 476 3513 7473 -2846 3433 214 238 4723 2511 707 -1242 31 119 4713 6662 -3359 -3943 331 0
144 0
145 1
146 -1 -1 475 8 0 7 0 0 0 0 1 0 48 0
147 1
148 -1 -1 949 8 0 59 0 0 3 0 3 0 0 1
149 -1 -1 948 8 0 2 0 4 6 2 0 1 5 474 -4911 5860 -2308 -3846 20 237 -2947 4362 -4149 7379 7 0
150 1
151 -1 -1 473 8 0 5 0 18 11 7 11 0 0 0
152 1
153 -1 -1 945 8 0 0 0 0 2 39 0 0 1 1
154 -1 -1 944 8 0 3 0 1 18 5 1 0 0 472 4279 3361 679 4760 11 236 866 3348 -4444 -556 8 118 919 6114 -289 -773 4 59 2679 7779 -509 4670 7 0
155 0
156 0
157 1
158 -1 -1 471 8 0 5 8 2 11 1 2 0 7 1
159 -1 -1 470 8 0 21 0 0 0 21 0 0 0 235 1850 7259 4599 -1409 3 0
160 1
161 -1 -1 469 8 0 0 0 0 1 0 0 1 34 1
162 -1 -1 468 8 0 13 0 0 28 0 3 0 9 234 3919 6333 -4904 7765 234 117 4461 6162 -3012 4799 387 0
163 0
164 1
165 -1 -1 467 8 0 4 19 0 3 0 4 0 0 1
166 -1 -1 466 8 0 4 3 0 4 4 0 0 33 233 3324 7792 -2569 7030 21 0
167 1
168 -1 -1 465 8 0 7 2 0 1 14 0 10 5 0
169 0
170 1
171 -1 -1 1859 8 0 11 0 8 0 0 0 11 0 1
172 -1 -1 1858 8 0 0 10 55 2 0 0 1 0 929 -535 7343 412 3066 228 0
173 0
174 1
175 -1 -1 3715 8 0 1 79 0 3 0 0 0 0 1
176 -1 -1 3714 8 0 2 50 31 5 1 0 0 0 1857 284 -2834 -319 -7439 361 1
177 -1 -1 1856 8 0 2 0 0 2 0 0 7 0 928 -4507 3447 3139 -3242 0 464 -2524 6355 2349 -372 295 232 3729 -4565 229 7596 26 116 3922 1134 -4017 -4426 384 58 4143 -903 -3183 -6463 5 29 -2013 4888 4819 -5073 21 0
178 0
179 1
180 -1 -1 115 8 0 0 0 0 2 0 2 27 0 0
181 0
182 0
183 1
184 -1 -1 919 8 0 3 0 1 1 0 6 0 0 0
185 1
186 -1 -1 1837 8 0 1 0 0 1 0 0 0 0 0
187 1
188 -1 -1 3673 8 0 1 0 0 0 0 0 0 0 1
189 -1 -1 3672 8 0 1 0 0 2 0 184 0 0 1836 4945 -4190 -4032 -5674 252 918 985 -5991 -1890 -1378 9 459 -4677 3382 -1757 -3962 115 1
190 -1 -1 458 8 0 7 0 0 14 1 29 0 0 229 -4753 -3964 4053 -7263 372 0
191 1
192 -1 -1 457 8 0 1 1 6 15 0 18 0 0 1
193 -1 -1 456 8 0 6 7 1 18 3 2 3 3 228 -4504 -2475 2699 -2574 40 114 797 3685 -2442 877 15 57 2575 -1461 983 7397 25 0
194 0
195 1
196 -1 -1 227 8 0 3 5 18 1 3 2 0 2 0
197 1
198 -1 -1 453 8 0 9 5 0 8 0 0 0 15 1
199 -1 -1 452 8 0 7 36 0 6 0 4 2 1 226 3150 5600 3427 -5863 62 113 -2476 -2381 -4477 6023 17 0
200 1
201 -1 -1 225 8 0 5 5 0 19 11 8 2 13 0
202 1
203 -1 -1 449 8 0 31 0 0 19 0 12 0 0 0
204 1
205 -1 -1 897 8 0 3 0 0 8 4 2 4 0 0
206 1
207 -1 -1 1793 8 0 2 2 0 1 0 0 0 0 1
208 -1 -1 1792 8 0 7 0 0 20 0 42 0 0 896 1892 -7923 4638 -1940 387 448 3517 2029 -3334 -5926 30 224 -2237 866 -1933 7066 3 112 -486 2336 -4812 -6764 173 56 -2769 -1164 3962 2803 65 28 -287 7305 -3167 3332 14 14 4882 7932 -4622 -6542 271 7 -397 299 4018 7638 1 0
209 0
210 0
211 0
212 0
213 0
214 0
215 1
216 -1 -1 895 8 0 4 0 0 2 0 10 0 5 0
217 1
218 -1 -1 1789 8 0 8 0 4 3 0 0 0 0 0
219 1
220 -1 -1 3577 8 0 22 12 0 4 0 6 0 0 1
221 -1 -1 3576 8 0 5 33 0 9 0 0 0 0 1788 1238 2340 -3176 4512 400 894 3899 -2361 2925 2123 13 447 -3132 6726 1813 3255 23 0
222 1
223 -1 -1 893 8 0 9 0 1 20 0 10 0 1 1
224 -1 -1 892 8 0 36 0 0 6 0 11 0 0 446 1020 6250 3213 -5408 21 223 1333 691 3366 -4068 375 0
225 1
226 -1 -1 445 8 0 14 0 7 5 0 3 0 0 0
227 0
228 1
229 -1 -1 1779 8 0 0 0 0 6 0 14 0 3 1
230 -1 -1 1778 8 0 17 0 0 0 0 41 0 0 889 -2495 6256 646 4159 7 1
231 -1 -1 888 8 0 2 0 0 30 0 17 0 0 444 2785 4663 -793 -333 9 222 3941 4044 2286 7784 2 111 4162 1062 -1921 3695 1 0
232 1
233 -1 -1 221 8 0 12 15 6 8 21 2 0 0 0
234 0
235 1
236 -1 -1 883 8 0 13 0 24 1 0 0 0 4 1
237 -1 -1 882 8 0 10 0 0 13 0 0 5 9 441 1069 -2373 -2241 4674 10 1
238 -1 -1 440 8 0 34 0 0 0 0 1 0 0 220 2653 2665 -4262 -3659 11 110 3959 4763 1000 6171 29 55 3362 7390 -1272 -3933 14 0
239 0
240 0
241 0
242 0
243 1
244 -1 -1 1759 8 0 0 0 0 0 0 5 0 0 0
245 1
246 -1 -1 3517 8 0 0 0 0 4 0 1 1 101 1
247 -1 -1 3516 8 0 2 0 0 0 0 0 0 0 1758 -2213 -6421 2517 -5067 0 879 -3864 6901 1759 6747 338 1
248 -1 -1 878 8 0 0 1 6 0 0 2 0 0 439 897 6331 -182 -7638 293 1
249 -1 -1 438 8 0 1 0 0 0 11 0 2 3 219 1987 5598 -543 -5755 20 1
250 -1 -1 218 8 0 7 19 11 5 0 3 9 8 109 2304 1363 -2613 -4168 399 0
251 0
252 0
253 1
254 -1 -1 871 8 0 10 0 34 1 7 0 5 2 1
255 -1 -1 870 8 0 11 28 4 1 0 1 0 0 435 -1131 6274 1833 -4774 142 0
256 1
257 -1 -1 869 8 0 3 0 4 0 31 1 0 0 0
258 1
259 -1 -1 1737 8 0 12 0 0 1 17 0 4 14 1
260 -1 -1 1736 8 0 36 0 0 1 1 0 22 0 868 4356 -4064 -4061 -2267 263 434 -414 7308 1545 942 4 217 3533 5824 4798 -5264 376 0
261 1
262 -1 -1 433 8 0 13 0 0 10 4 2 0 29 1
263 -1 -1 432 8 0 26 4 0 4 0 0 0 0 216 -2559 6216 3530 -7101 32 108 553 1314 -4901 5075 6 54 1378 5699 -625 2774 6 27 4764 1014 -4516 -19 74 0
264 0
265 0
266 0
267 0
268 0
269 1
270 -1 -1 1727 8 0 0 0 0 0 0 22 0 0 1
271 -1 -1 1726 8 0 0 0 0 0 0 69 0 0 863 -135 5772 -2402 722 239 1
272 -1 -1 862 8 0 1 0 0 0 0 0 0 0 431 -3616 7921 4448 -3311 132 0
273 0
274 1
275 -1 -1 1723 8 0 1 2 13 4 2 0 1 9 0
276 1
277 -1 -1 3445 8 0 0 0 0 0 0 0 3 0 1
278 -1 -1 3444 8 0 2 0 0 0 0 0 0 106 1722 -1596 -4331 3283 -737 396 861 -1400 -2321 1715 7384 0 1
279 -1 -1 860 8 0 29 9 0 3 0 1 0 3 430 -384 5663 4758 4950 22 215 -1894 -7100 1039 -2751 83 0
280 0
281 0
282 1
283 -1 -1 1719 8 0 2 0 10 2 0 0 0 1 0
284 1
285 -1 -1 3437 8 0 1 0 0 0 0 0 0 0 1
286 -1 -1 3436 8 0 0 0 0 0 0 0 130 0 1718 725 -4085 -3028 5069 129 859 2427 3213 -326 7341 4 0
287 0
288 1
289 -1 -1 3435 8 0 0 0 0 0 0 0 5 2 1
290 -1 -1 3434 8 0 0 0 111 0 0 0 1 0 1717 3224 -5468 -4436 5846 95 1
291 -1 -1 1716 8 0 0 0 4 4 0 0 30 1 858 526 4398 4736 3588 355 429 -460 6003 -4137 -5400 379 0
292 1
293 -1 -1 857 8 0 0 3 0 1 0 0 0 28 0
294 1
295 -1 -1 1713 8 0 2 2 5 3 0 0 31 0 1
296 -1 -1 1712 8 0 12 14 1 18 1 10 0 4 856 1978 5355 -1823 1927 219 428 -1500 -3353 1070 -7580 254 214 -254 3683 3844 6345 348 107 -1886 7389 -746 -7362 398 0
297 0
298 0
299 0
300 1
301 -1 -1 1711 8 0 0 1 0 1 0 0 0 58 1
302 -1 -1 1710 8 0 3 6 0 5 0 0 0 2 855 -4697 2678 879 -2521 39 1
303 -1 -1 854 8 0 1 0 0 13 8 1 0 0 427 817 155 4657 2023 214 0
304 1
305 -1 -1 853 8 0 1 60 0 0 0 0 0 2 0
306 0
307 1
308 -1 -1 3411 8 0 0 0 0 14 0 4 10 0 1
309 -1 -1 3410 8 0 3 78 0 121 0 10 1 0 1705 -4687 6507 -3168 1982 334 0
310 1
311 -1 -1 3409 8 0 1 1 6 37 0 1 3 2 1
312 -1 -1 3408 8 0 4 24 4 20 0 3 0 31 1704 1299 543 1858 -4151 342 852 2940 2632 1612 -7995 344 426 -4216 -7041 -2045 -1431 341 213 -3148 2853 3340 -3685 396 0
313 0
314 0
315 1
316 -1 -1 1703 8 0 5 0 24 0 0 0 0 2 1
317 -1 -1 1702 8 0 5 11 1 12 0 9 12 10 851 3684 -3193 -211 -7986 190 0
318 0
319 1
320 -1 -1 3403 8 0 1 0 1 2 1 0 2 188 1
321 -1 -1 3402 8 0 2 0 2 2 0 1 3 6 1701 2791 6819 3343 -4760 0 1
322 -1 -1 1700 8 0 1 0 0 3 12 1 0 11 850 470 1114 1042 -4785 365 425 2194 2246 -1466 5628 388 0
323 0
324 0
325 1
326 -1 -1 3399 8 0 0 0 0 0 0 0 14 0 1
327 -1 -1 3398 8 0 0 0 13 16 25 0 1 13 1699 2044 2859 3287 566 328 0
328 1
329 -1 -1 3397 8 0 0 46 0 0 0 0 0 0 1
330 -1 -1 3396 8 0 1 19 58 7 16 4 0 9 1698 -4889 -2819 -3279 3200 337 849 737 -992 -2653 7579 354 0
331 0
332 1
333 -1 -1 3395 8 0 0 1 6 2 0 11 1 41 1
334 -1 -1 3394 8 0 2 1 23 11 3 1 32 26 1697 -2686 6818 359 -3019 15 0
335 1
336 -1 -1 3393 8 0 2 0 7 16 29 6 6 12 1
337 -1 -1 3392 8 0 40 15 7 63 0 72 11 25 1696 3200 2397 964 2 11 848 1417 1693 -2900 974 112 424 -56 -1213 -4080 6528 115 212 -700 -784 -4091 4482 364 106 -3139 7177 -1383 -6983 336 53 -823 6259 -4760 -1618 358 0
338 0
339 0
340 0
341 0
342 0
343 1
344 -1 -1 3391 8 0 7 1 20 7 0 1 0 1 1
345 -1 -1 3390 8 0 0 50 2 8 2 3 0 3 1695 -1686 4368 -1797 -3886 376 0
346 1
347 -1 -1 3389 8 0 0 304 4 11 0 2 0 0 1
348 -1 -1 3388 8 0 0 2 0 10 1 0 0 0 1694 3551 7169 -1002 -48 5 847 -3804 4655 1594 -642 46 1
349 -1 -1 846 8 0 0 1 9 12 2 28 0 0 423 2677 7101 2214 167 3 0
350 1
351 -1 -1 845 8 0 3 0 0 2 28 0 0 2 1
352 -1 -1 844 8 0 2 8 4 12 3 5 8 27 422 -4182 1424 1923 1496 302 211 -430 -365 -1406 -6232 269 0
353 0
354 0
355 1
356 -1 -1 1687 8 0 1 36 2 0 0 0 0 9 0
357 1
358 -1 -1 3373 8 0 0 25 0 0 0 0 0 0 1
359 -1 -1 3372 8 0 0 63 0 0 0 0 0 0 1686 2652 -757 376 1144 3 843 3332 661 2239 -5792 388 0
360 0
361 1
362 -1 -1 3371 8 0 1 0 2 5 0 0 0 18 1
363 -1 -1 3370 8 0 0 0 49 4 0 2 0 0 1685 2223 4431 1110 -3019 374 0
364 1
365 -1 -1 3369 8 0 0 0 0 11 0 1 5 8 1
366 -1 -1 3368 8 0 0 46 3 4 0 3 0 9 1684 -1367 67 2290 -4543 356 842 -948 456 -778 -2432 17 421 -693 403 4640 -3119 378 0
367 0
368 0
369 1
370 -1 -1 3367 8 0 0 8 235 4 4 3 0 7 1
371 -1 -1 3366 8 0 1 3 10 7 1 9 0 3 1683 645 -947 -3452 -7769 74 1
372 -1 -1 1682 8 0 0 8 1 1 13 1 3 12 841 -2053 -1975 -4223 -5472 0 0
373 1
374 -1 -1 1681 8 0 0 25 12 1 14 1 0 0 0
375 1
376 -1 -1 3361 8 0 0 0 1 2 1 0 2 33 1
377 -1 -1 3360 8 0 2 8 9 21 0 2 0 4 1680 -1801 -37 -2134 -6739 362 840 2820 761 2639 7239 149 420 3023 6679 576 130 31 210 4398 2322 1979 -5457 376 105 -1296 7294 3905 -4084 345 0
378 0
379 0
380 0
381 1
382 -1 -1 1679 8 0 0 0 0 0 0 0 5 0 0
383 1
384 -1 -1 3357 8 0 0 0 0 3 2 0 0 0 1
385 -1 -1 3356 8 0 0 0 0 1 0 0 0 67 1678 64 3943 1229 -4059 400 839 1595 -1691 -1668 -1240 391 0
386 1
387 -1 -1 1677 8 0 0 0 0 2 1 0 0 20 0
388 1
389 -1 -1 3353 8 0 0 109 0 0 0 0 2 3 1
390 -1 -1 3352 8 0 0 1 0 0 0 0 1 10 1676 3223 4888 884 4219 6 838 -2390 -26 -2784 7479 353 419 2152 6551 -3001 5967 390 0
391 1
392 -1 -1 837 8 0 0 0 0 11 0 6 3 1 0
393 0
394 1
395 -1 -1 3347 8 0 0 0 0 0 0 4 0 81 1
396 -1 -1 3346 8 0 4 0 0 0 0 0 0 0 1673 3048 7404 -851 6379 6 1
397 -1 -1 1672 8 0 1 10 0 18 0 3 0 26 836 4498 7337 4813 -7892 396 418 -3265 -5105 -2175 4735 208 209 2875 3239 3024 -1610 54 0
398 0
399 1
400 -1 -1 835 8 0 0 1 0 3 4 0 0 12 0
401 1
402 -1 -1 1669 8 0 1 0 3 4 0 0 0 2 0
403 1
404 -1 -1 3337 8 0 2 4 0 0 0 1 0 0 1
405 -1 -1 3336 8 0 7 0 0 30 0 48 0 0 1668 -1470 7983 4654 5154 317 834 3406 -2192 -783 7584 289 417 -1025 701 2808 5054 168 0
406 1
407 -1 -1 833 8 0 3 5 0 8 0 4 0 46 0
408 0
409 1
410 -1 -1 3331 8 0 0 3 25 1 0 2 0 22 1
411 -1 -1 3330 8 0 6 5 1 6 0 1 0 0 1665 -1494 7422 -2557 1419 5 0
412 1
413 -1 -1 3329 8 0 1 2 0 12 0 2 0 15 1
414 -1 -1 3328 8 0 2 90 13 83 0 0 1 3 1664 275 -7853 1128 5947 80 832 -438 6240 1080 -5018 395 416 -4170 3640 1479 6299 16 208 4521 -821 -3792 -1025 5 104 3901 5809 -2542 4365 100 52 4944 2454 1658 -2465 22 26 2103 1198 4681 7466 0 13 863 468 -1897 369 396 0
415 0
416 0
417 0
418 0
419 1
420 -1 -1 415 8 0 0 0 4 2 10 0 0 50 1
421 -1 -1 414 8 0 11 1 17 1 2 0 23 4 207 -4829 -3794 -285 -5338 54 0
422 1
423 -1 -1 413 8 0 1 6 0 0 6 1 14 9 0
424 0
425 1
426 -1 -1 1651 8 0 2 0 2 5 1 0 0 1 0
427 1
428 -1 -1 3301 8 0 0 11 0 0 0 0 0 10 1
429 -1 -1 3300 8 0 2 179 0 2 0 0 0 0 1650 2731 964 -4468 1965 391 825 -3359 7405 -1464 -4019 395 1
430 -1 -1 824 8 0 9 15 8 4 0 9 0 5 412 156 -747 4775 -4195 84 206 -3457 -4806 4092 -3839 237 103 4267 -5652 1481 4125 8 0
431 0
432 0
433 0
434 1
435 -1 -1 1647 8 0 0 9 6 1 0 0 0 4 0
436 1
437 -1 -1 3293 8 0 0 0 6 0 3 0 0 0 1
438 -1 -1 3292 8 0 0 0 176 0 0 0 0 0 1646 2131 4700 -4038 -3461 376 823 1468 -1608 -137 -7602 345 0
439 1
440 -1 -1 1645 8 0 0 0 10 13 28 0 1 9 0
441 1
442 -1 -1 3289 8 0 0 0 0 0 0 0 3 6 1
443 -1 -1 3288 8 0 0 8 97 30 0 0 0 1 1644 1145 6138 4869 -4639 400 822 4602 -5364 -55 -4459 6 411 4811 7925 -2148 -4102 364 0
444 0
445 1
446 -1 -1 1643 8 0 2 36 12 2 13 0 0 0 0
447 1
448 -1 -1 3285 8 0 0 0 20 0 0 0 0 16 1
449 -1 -1 3284 8 0 1 14 147 2 1 0 10 0 1642 4367 -3179 -2824 -49 314 821 -774 3584 4843 -3851 304 0
450 1
451 -1 -1 1641 8 0 2 11 31 1 3 0 0 6 0
452 1
453 -1 -1 3281 8 0 0 0 1 5 5 0 0 0 1
454 -1 -1 3280 8 0 0 193 7 7 1 1 0 0 1640 -3355 7162 2845 -5962 381 820 3439 -2476 -3394 3329 4 410 4226 7496 -3872 7429 21 205 1394 1844 -3312 7707 1 0
455 0
456 0
457 1
458 -1 -1 1639 8 0 0 0 0 20 16 0 0 0 0
459 1
460 -1 -1 3277 8 0 0 0 0 3 18 0 0 0 1
461 -1 -1 3276 8 0 1 17 274 9 5 0 3 0 1638 -4106 6804 838 -5954 391 819 957 -457 2449 4438 3 0
462 0
463 1
464 -1 -1 3275 8 0 0 1 2 0 0 0 24 1 1
465 -1 -1 3274 8 0 0 3 80 6 2 0 0 1 1637 -2716 7361 1513 -6859 302 0
466 1
467 -1 -1 3273 8 0 1 0 63 8 29 0 6 3 1
468 -1 -1 3272 8 0 0 0 37 15 250 2 17 0 1636 3005 6805 4555 17 56 818 3381 5836 2199 -5139 339 409 -3941 3085 306 -5376 198 0
469 0
470 0
471 1
472 -1 -1 3271 8 0 2 0 0 1 0 0 77 0 1
473 -1 -1 3270 8 0 1 0 4 0 0 0 0 6 1635 -121 873 -4501 -7192 259 1
474 -1 -1 1634 8 0 2 8 2 0 0 0 1 10 817 3718 -3385 127 -6628 313 0
475 0
476 1
477 -1 -1 3267 8 0 2 0 0 1 0 9 30 2 1
478 -1 -1 3266 8 0 14 68 210 14 177 7 40 5 1633 925 -645 -4 5908 365 0
479 1
480 -1 -1 3265 8 0 0 2 6 1 36 0 0 15 1
481 -1 -1 3264 8 0 2 215 106 22 44 0 18 11 1632 -1767 -5119 4417 3251 215 816 3051 6640 -3907 -1294 308 408 3443 -3089 3157 6560 10 204 4653 2086 -3684 -5076 23 102 4723 1836 -1422 -6929 322 51 4331 3322 67 -5866 381 0
482 0
483 0
484 0
485 0
486 1
487 -1 -1 1631 8 0 0 0 1 0 3 0 0 23 0
488 1
489 -1 -1 3261 8 0 0 0 1 2 1 0 0 0 1
490 -1 -1 3260 8 0 0 0 0 0 0 0 107 2 1630 3568 -7682 2759 3693 83 815 3858 1107 -2156 -5132 238 0
491 1
492 -1 -1 1629 8 0 0 5 2 0 4 0 20 14 0
493 1
494 -1 -1 3257 8 0 1 0 2 0 21 0 0 0 1
495 -1 -1 3256 8 0 1 2 47 7 2 0 0 0 1628 -732 5281 1720 -5537 290 814 -310 7379 -4728 806 298 407 -2252 7962 -4038 -6142 272 0
496 0
497 0
498 1
499 -1 -1 3255 8 0 0 168 0 2 5 0 3 21 1
500 -1 -1 3254 8 0 0 27 22 3 0 0 0 24 1627 -922 5843 -4019 3663 7 1
501 -1 -1 1626 8 0 0 0 6 0 32 0 0 18 813 -289 6562 -3705 197 2 0
502 1
503 -1 -1 1625 8 0 0 3 11 2 4 0 2 9 1
504 -1 -1 1624 8 0 0 6 0 1 0 0 45 0 812 -2706 -7350 -4739 4527 0 406 -649 7429 3924 6078 285 203 4487 5775 2902 -3894 33 0
505 0
506 1
507 -1 -1 811 8 0 2 0 0 0 12 0 0 11 0
508 1
509 -1 -1 1621 8 0 0 8 0 0 0 0 0 2 0
510 1
511 -1 -1 3241 8 0 0 1 0 0 0 0 0 184 1
512 -1 -1 3240 8 0 0 3 4 4 0 0 0 14 1620 -4951 6268 4260 2406 190 810 -4439 6856 2312 2254 230 405 1961 7837 2627 2688 284 0
513 0
514 0
515 1
516 -1 -1 3239 8 0 0 2 0 0 14 0 0 0 1
517 -1 -1 3238 8 0 0 1 0 0 3 0 7 60 1619 4875 -7381 -603 -391 16 1
518 -1 -1 1618 8 0 0 0 10 0 0 0 0 0 809 2914 -4924 -1543 -4529 0 0
519 0
520 1
521 -1 -1 3235 8 0 0 0 0 0 0 0 0 42 1
522 -1 -1 3234 8 0 1 30 1 0 0 0 1 12 1617 -2988 1760 -3701 -5613 249 0
523 1
524 -1 -1 3233 8 0 0 0 14 1 0 0 0 0 1
525 -1 -1 3232 8 0 1 96 3 13 3 0 3 1 1616 1068 2932 -3423 -6905 265 808 -2665 4864 -3327 -5599 215 404 2809 4855 -3734 -4199 265 202 -2425 3043 -785 -5079 210 101 130 6730 3856 -2405 237 0
526 0
527 0
528 0
529 1
530 -1 -1 1615 8 0 1 0 0 2 0 0 6 0 0
531 1
532 -1 -1 3229 8 0 0 0 0 0 107 0 0 0 1
533 -1 -1 3228 8 0 0 0 4 2 14 0 0 0 1614 -1854 4992 3390 -5597 99 807 -2564 6222 -2605 -7726 325 0
534 1
535 -1 -1 1613 8 0 2 0 1 0 16 0 0 0 1
536 -1 -1 1612 8 0 0 0 43 4 9 0 2 0 806 -3987 5822 -76 5205 19 403 -4836 1787 1961 3398 10 0
537 1
538 -1 -1 805 8 0 0 0 39 0 0 1 0 0 1
539 -1 -1 804 8 0 1 3 3 7 0 5 21 15 402 -2427 4628 -2113 -7224 295 201 -3718 5867 -3444 -6594 287 0
540 0
541 0
542 1
543 -1 -1 1607 8 0 0 46 1 0 0 0 13 0 1
544 -1 -1 1606 8 0 0 19 21 4 1 1 0 6 803 -4439 -5197 2500 -2700 211 0
545 0
546 1
547 -1 -1 3211 8 0 0 9 53 0 14 0 6 0 1
548 -1 -1 3210 8 0 0 1 13 8 1 0 4 133 1605 -4609 -6402 935 -1926 9 0
549 1
550 -1 -1 3209 8 0 0 24 154 18 22 2 11 49 1
551 -1 -1 3208 8 0 1 15 61 25 179 1 4 52 1604 -1286 -262 1904 -2772 190 802 -2000 7510 661 2984 175 401 -1913 -4637 -3117 4699 29 0
552 0
553 1
554 -1 -1 1603 8 0 6 0 1 0 4 0 1 0 0
555 1
556 -1 -1 3205 8 0 2 2 1 2 0 2 0 66 1
557 -1 -1 3204 8 0 1 0 4 5 0 4 0 0 1602 3301 -2050 4561 -7086 0 801 4627 7586 -2810 2164 313 0
558 0
559 1
560 -1 -1 3203 8 0 2 5 86 25 11 0 0 6 1
561 -1 -1 3202 8 0 6 14 5 62 14 14 0 7 1601 -138 6805 4057 1947 4 0
562 1
563 -1 -1 3201 8 0 4 65 116 34 30 0 4 29 1
564 -1 -1 3200 8 0 8 276 19 48 6 2 9 28 1600 3462 5814 2485 -164 4 800 -2587 4655 -953 -6270 222 400 4516 3136 -3039 2914 286 200 4374 3192 168 460 19 100 -3250 2093 -4612 -7357 280 50 587 7995 4395 3167 226 25 3868 7312 -2909 -7519 296 0
565 0
566 0
567 0
568 0
569 0
570 1
571 -1 -1 1599 8 0 0 0 3 1 1 0 0 5 0
572 1
573 -1 -1 3197 8 0 0 0 0 3 0 0 0 23 1
574 -1 -1 3196 8 0 0 0 0 0 0 0 0 122 1598 -869 -427 -2708 -888 8 799 2355 2338 -3967 -863 13 1
575 -1 -1 798 8 0 1 3 0 3 0 1 0 0 399 -4771 5322 -762 -2248 26 1
576 -1 -1 398 8 0 1 19 0 5 3 2 3 15 199 -1960 3900 1364 -5013 321 0
577 0
578 1
579 -1 -1 795 8 0 0 1 1 5 14 1 0 0 0
580 0
581 1
582 -1 -1 3179 8 0 0 0 3 1 0 0 0 0 1
583 -1 -1 3178 8 0 0 100 0 2 1 0 0 1 1589 -2446 801 -271 6588 317 1
584 -1 -1 1588 8 0 0 1 3 3 1 2 2 0 794 -4556 4839 2962 -3409 259 397 4220 3272 -4356 -59 14 0
585 0
586 1
587 -1 -1 1587 8 0 0 14 0 0 0 0 0 0 0
588 1
589 -1 -1 3173 8 0 0 3 0 1 0 0 0 0 1
590 -1 -1 3172 8 0 0 0 0 1 0 0 0 77 1586 2344 5886 1019 -2086 1 793 -1669 772 -4555 -5518 327 0
591 0
592 1
593 -1 -1 3171 8 0 0 0 4 0 0 0 0 0 1
594 -1 -1 3170 8 0 0 120 0 0 0 0 0 8 1585 -171 -61 4152 5609 382 0
595 1
596 -1 -1 3169 8 0 0 21 0 0 0 0 0 9 1
597 -1 -1 3168 8 0 0 0 3 2 2 0 0 33 1584 511 2222 4883 -5828 262 792 -1680 1130 2530 577 257 396 -3614 1286 3615 466 297 198 3914 6421 1069 -3806 3 99 -1523 7899 2437 -4083 367 0
598 0
599 0
600 1
601 -1 -1 791 8 0 0 0 0 0 9 0 43 1 1
602 -1 -1 790 8 0 0 0 27 2 0 5 1 2 395 4887 6692 -4230 -6452 121 0
603 0
604 1
605 -1 -1 1579 8 0 0 30 32 0 0 0 1 0 1
606 -1 -1 1578 8 0 0 0 4 1 0 0 38 0 789 4363 -2199 -892 7208 199 0
607 1
608 -1 -1 1577 8 0 1 6 9 4 5 0 2 16 1
609 -1 -1 1576 8 0 1 30 0 32 0 0 4 1 788 -1133 5357 212 118 42 394 -4178 -3473 -780 59 260 197 4047 -4142 -3442 2223 155 0
610 0
611 1
612 -1 -1 787 8 0 0 1 2 2 5 0 16 31 0
613 1
614 -1 -1 1573 8 0 0 0 0 0 0 0 0 34 0
615 1
616 -1 -1 3145 8 0 0 0 0 3 0 0 0 16 1
617 -1 -1 3144 8 0 0 2 88 6 4 1 0 7 1572 -2546 1758 1218 7299 275 786 4536 2165 -1437 -1071 276 393 4213 -4126 2977 3379 279 0
618 0
619 0
620 1
621 -1 -1 3143 8 0 0 31 0 4 0 0 0 4 1
622 -1 -1 3142 8 0 0 3 3 20 2 0 0 6 1571 4824 6580 -3260 5382 203 0
623 1
624 -1 -1 3141 8 0 0 3 8 1 1 1 3 97 1
625 -1 -1 3140 8 0 0 8 0 4 5 0 1 4 1570 -3347 4179 151 -6674 226 785 -4521 -1745 2055 6555 27 0
626 0
627 1
628 -1 -1 3139 8 0 0 15 0 10 0 1 0 5 1
629 -1 -1 3138 8 0 0 5 6 0 96 1 3 29 1569 1411 1386 4471 -4867 240 0
630 1
631 -1 -1 3137 8 0 0 0 0 2 0 0 0 23 1
632 -1 -1 3136 8 0 0 0 2 8 13 2 44 3 1568 -1349 -62 -2507 -6960 228 784 -2465 3923 1981 -4336 167 392 -1730 2396 2585 6036 6 196 4201 -3902 2763 259 3 98 -4947 5249 -168 5086 50 49 -1062 78 3040 -2653 247 0
633 0
634 0
635 0
636 0
637 1
638 -1 -1 1567 8 0 0 0 2 8 0 15 0 1 1
639 -1 -1 1566 8 0 0 2 7 3 3 1 20 33 783 -4099 3081 -3715 -520 3 0
640 1
641 -1 -1 1565 8 0 0 0 0 0 0 2 14 9 0
642 1
643 -1 -1 3129 8 0 1 0 36 2 1 0 0 0 1
644 -1 -1 3128 8 0 0 8 43 25 95 3 1 11 1564 3558 1875 -2402 -4573 311 782 1275 6307 -2757 -3572 356 391 2286 2364 60 -1581 216 0
645 0
646 1
647 -1 -1 1563 8 0 0 0 2 3 0 1 13 1 0
648 1
649 -1 -1 3125 8 0 0 1 1 0 0 0 2 50 1
650 -1 -1 3124 8 0 7 19 0 2 0 0 5 12 1562 -1803 -861 -1800 7635 24 781 -2255 1877 4262 -4477 353 0
651 1
652 -1 -1 1561 8 0 0 0 5 4 0 1 28 7 0
653 1
654 -1 -1 3121 8 0 1 0 11 0 0 0 0 2 1
655 -1 -1 3120 8 0 1 17 4 25 19 0 7 8 1560 -853 5015 2531 -4352 290 780 -1765 2304 3128 -6316 273 390 -1040 7345 4365 2937 223 195 3948 2197 -96 -7881 16 0
656 0
657 0
658 1
659 -1 -1 1559 8 0 0 18 0 12 0 0 0 0 1
660 -1 -1 1558 8 0 3 0 2 5 26 0 22 0 779 -737 -4266 3961 -4290 320 0
661 1
662 -1 -1 1557 8 0 1 12 8 10 5 4 0 8 0
663 1
664 -1 -1 3113 8 0 1 7 0 4 0 15 0 0 1
665 -1 -1 3112 8 0 5 3 0 144 1 16 6 1 1556 -2756 -4650 -627 3492 325 778 -4205 3298 -259 1032 14 389 4594 1409 -2945 -7880 311 0
666 1
667 -1 -1 777 8 0 3 0 3 4 0 0 21 7 0
668 0
669 1
670 -1 -1 3107 8 0 0 2 1 34 0 0 5 0 1
671 -1 -1 3106 8 0 2 16 116 17 10 0 4 0 1553 1054 7854 -4638 -2550 3 0
672 1
673 -1 -1 3105 8 0 4 4 15 2 0 3 1 0 1
674 -1 -1 3104 8 0 10 50 8 52 34 2 1 4 1552 -4417 -6119 -797 3117 191 776 4330 5691 1567 -6078 212 388 4714 -4049 -4143 6733 370 194 -3766 4140 1562 -5358 245 97 -618 1232 -4426 -3948 156 0
675 0
676 0
677 0
678 1
679 -1 -1 1551 8 0 8 7 3 1 3 0 0 0 0
680 1
681 -1 -1 3101 8 0 9 0 0 0 0 0 0 0 1
682 -1 -1 3100 8 0 5 0 0 0 3 1 52 1 1550 -3699 -4066 2677 -1501 0 775 4618 5201 -1712 -7143 352 1
683 -1 -1 774 8 0 11 3 14 0 7 0 0 11 387 1296 130 3137 -6312 4 0
684 1
685 -1 -1 773 8 0 10 4 0 0 2 1 0 11 0
686 1
687 -1 -1 1545 8 0 7 0 1 0 6 0 0 0 0
688 1
689 -1 -1 3089 8 0 3 0 0 1 0 0 2 0 1
690 -1 -1 3088 8 0 87 0 0 0 0 0 2 0 1544 -3088 619 -119 -5432 59 772 4410 5218 -4068 -5398 81 386 -4721 982 -2156 -2050 2 193 1835 -1868 -2106 -5755 7 0
691 0
692 0
693 1
694 -1 -1 1543 8 0 1 13 0 1 0 0 0 0 0
695 1
696 -1 -1 3085 8 0 0 0 0 0 0 0 0 61 1
697 -1 -1 3084 8 0 0 2 9 2 1 2 0 0 1542 370 186 947 5351 361 771 -4646 3230 865 -3384 37 0
698 0
699 1
700 -1 -1 3083 8 0 0 0 0 2 0 0 0 2 1
701 -1 -1 3082 8 0 1 0 0 5 153 0 0 0 1541 -151 -6326 -787 7263 398 0
702 1
703 -1 -1 3081 8 0 0 2 32 2 15 0 3 1 1
704 -1 -1 3080 8 0 5 1 2 7 8 3 0 39 1540 3933 -7384 1574 3715 351 770 941 100 -3727 -5427 200 385 -4120 -7723 -1096 -5822 373 0
705 0
706 0
707 1
708 -1 -1 3079 8 0 0 5 23 6 5 3 10 24 1
709 -1 -1 3078 8 0 0 1 0 3 4 0 104 0 1539 -3920 6752 -3030 -5175 24 0
710 1
711 -1 -1 3077 8 0 1 50 93 33 9 8 114 0 1
712 -1 -1 3076 8 0 3 299 47 97 36 11 37 21 1538 -4581 -5519 457 -1318 35 769 -2232 5110 2432 7928 323 0
713 0
714 1
715 -1 -1 3075 8 0 3 13 13 8 7 0 207 85 1
716 -1 -1 3074 8 0 6 399 206 54 326 0 261 189 1537 4359 4921 3644 -1089 307 0
717 1
718 -1 -1 3073 8 0 6 21 34 24 150 6 35 1 1
719 -1 -1 3072 8 0 20 104 196 75 263 11 1355 261 1536 -3159 -6940 203 -1625 12 768 4639 3561 -2551 3308 104 384 -4523 4454 3038 -3309 205 192 -1552 -7987 -2437 6179 345 96 208 -402 745 -4763 398 48 -740 4269 -3483 6671 2 24 -3307 6496 149 -256 19 12 2025 7071 -4383 -5195 186 6 1152 2398 1265 -5060 337 3 -1838 41 1667 -5492 396 0
720 0
721 0
722 0
723 0
724 0
725 0
726 0
727 1
728 -1 -1 767 8 0 4 5 13 4 0 31 0 0 0
729 1
730 -1 -1 1533 8 0 7 0 0 0 0 7 0 0 0
731 1
732 -1 -1 3065 8 0 1 56 11 0 0 3 0 1 1
733 -1 -1 3064 8 0 2 204 1 5 0 0 0 0 1532 2355 7185 -2837 -417 78 766 -1962 1326 4502 -119 339 383 2684 2701 -4354 1201 1 1
734 -1 -1 382 8 0 2 9 2 0 0 0 0 30 191 -3034 -5254 -397 -142 279 0
735 0
736 1
737 -1 -1 763 8 0 0 11 7 0 0 0 0 0 0
738 1
739 -1 -1 1525 8 0 0 3 5 0 0 0 0 0 0
740 1
741 -1 -1 3049 8 0 0 0 0 1 0 13 0 14 1
742 -1 -1 3048 8 0 0 0 0 2 0 3 0 182 1524 -2749 -427 4642 7564 321 762 404 6081 3065 -7817 88 381 -2307 7668 4043 6304 285 0
743 0
744 1
745 -1 -1 1523 8 0 0 0 0 1 0 0 0 19 1
746 -1 -1 1522 8 0 1 60 0 0 0 0 0 0 761 -4250 4338 -562 655 5 0
747 0
748 1
749 -1 -1 3043 8 0 1 0 1 3 29 14 0 2 1
750 -1 -1 3042 8 0 10 0 0 13 0 112 0 1 1521 2273 4136 -3420 -368 198 1
751 -1 -1 1520 8 0 0 21 0 0 4 0 0 0 760 3876 -7733 2333 2769 65 380 3666 7125 1111 -121 311 190 -569 7078 -1588 280 34 95 -1206 2133 3727 4257 213 0
752 0
753 1
754 -1 -1 379 8 0 0 0 0 0 2 0 0 6 0
755 1
756 -1 -1 757 8 0 0 0 0 5 0 0 0 0 0
757 1
758 -1 -1 1513 8 0 0 0 0 1 0 0 0 0 0
759 1
760 -1 -1 3025 8 0 0 14 0 0 0 0 0 0 1
761 -1 -1 3024 8 0 0 70 0 0 0 0 0 0 1512 -254 345 -1125 4791 269 756 -4680 6214 4385 7558 276 378 -727 953 -3930 -7492 343 189 -3535 -1078 959 7873 370 0
762 0
763 1
764 -1 -1 755 8 0 0 17 0 1 0 0 0 0 0
765 1
766 -1 -1 1509 8 0 0 14 0 1 0 0 0 0 0
767 1
768 -1 -1 3017 8 0 0 6 0 0 0 0 0 18 1
769 -1 -1 3016 8 0 0 5 0 4 0 0 0 388 1508 600 -6255 -1467 -7605 13 754 -2263 -7351 -587 -7196 27 377 3751 -4512 -1977 -5172 50 0
770 0
771 1
772 -1 -1 1507 8 0 0 0 0 0 0 2 0 26 0
773 1
774 -1 -1 3013 8 0 0 4 0 0 0 0 2 18 1
775 -1 -1 3012 8 0 0 120 0 1 0 0 0 6 1506 -218 -3600 594 65 400 753 -3008 4506 -1040 5465 311 0
776 0
777 1
778 -1 -1 3011 8 0 0 2 0 1 0 0 0 92 1
779 -1 -1 3010 8 0 0 13 0 6 0 5 0 25 1505 -1907 2267 -4990 -5328 3 0
780 1
781 -1 -1 3009 8 0 0 0 0 44 0 7 0 12 1
782 -1 -1 3008 8 0 0 31 0 17 0 3 0 22 1504 2350 2349 -704 6590 11 752 -1283 946 1714 5204 137 376 2325 7286 -2020 181 56 188 4906 4153 -2830 529 215 94 -2372 -4068 2399 -7816 32 47 -4959 -6596 -2035 -389 373 0
783 0
784 0
785 1
786 -1 -1 375 8 0 0 0 0 0 0 1 5 36 0
787 1
788 -1 -1 749 8 0 1 1 0 0 0 6 0 0 1
789 -1 -1 748 8 0 0 64 0 1 0 0 0 2 374 4588 -2300 3093 4768 13 187 1363 -363 3319 -6099 365 0
790 1
791 -1 -1 373 8 0 1 1 0 0 0 3 63 1 0
792 1
793 -1 -1 745 8 0 3 1 0 5 0 53 0 1 1
794 -1 -1 744 8 0 10 0 7 2 0 3 0 0 372 775 -7372 -2161 4903 74 186 2225 2948 -3928 593 12 93 -2171 -7551 -3518 7195 321 0
795 0
796 1
797 -1 -1 371 8 0 21 0 0 8 0 27 0 0 0
798 1
799 -1 -1 741 8 0 4 0 0 2 6 0 0 6 0
800 1
801 -1 -1 1481 8 0 2 0 0 1 0 2 2 0 0
802 1
803 -1 -1 2961 8 0 0 0 0 0 0 1 0 1 1
804 -1 -1 2960 8 0 79 0 0 0 0 0 0 0 1480 1569 1153 -2640 -6572 37 740 1144 -1975 290 -259 7 370 2578 -4067 -4496 -6180 28 185 -4948 -4129 -4094 -73 13 0
805 1
806 -1 -1 369 8 0 4 0 4 24 0 28 1 0 0
807 1
808 -1 -1 737 8 0 5 0 0 0 0 0 2 9 0
809 1
810 -1 -1 1473 8 0 4 0 0 22 5 8 26 0 1
811 -1 -1 1472 8 0 21 0 1 7 1 1 15 0 736 -1116 -456 -3298 -4392 15 368 -1068 -600 -4051 -4066 394 184 -965 2830 -2121 -5730 18 92 -3296 -3691 -2898 -583 0 46 -1306 -5521 -1306 -731 33 23 1310 -6482 -1640 -3 203 0
812 0
813 0
814 1
815 -1 -1 183 8 0 0 0 0 1 4 0 0 27 0
816 0
817 1
818 -1 -1 731 8 0 2 0 20 13 19 1 0 0 0
819 1
820 -1 -1 1461 8 0 1 0 4 1 17 0 31 0 0
821 1
822 -1 -1 2921 8 0 5 0 0 14 0 3 0 0 1
823 -1 -1 2920 8 0 8 0 0 12 0 0 56 0 1460 -3273 -3520 2262 -6537 8 730 -2719 -6475 3664 -5268 94 365 -3906 -7547 -3979 -5490 0 1
824 -1 -1 364 8 0 7 0 0 17 0 5 0 11 182 -4023 -663 -3539 7022 397 91 -4527 1686 -2491 -3415 325 0
825 0
826 0
827 1
828 -1 -1 727 8 0 3 3 0 1 0 4 0 8 1
829 -1 -1 726 8 0 1 0 0 1 0 0 55 0 363 -1370 -516 -63 -7796 33 1
830 -1 -1 362 8 0 6 0 1 10 0 13 1 0 181 3021 7515 -4885 2155 180 0
831 0
832 0
833 1
834 -1 -1 1447 8 0 2 28 1 6 0 1 0 0 1
835 -1 -1 1446 8 0 3 3 0 7 0 22 0 2 723 -4217 -2046 3694 7991 17 0
836 1
837 -1 -1 1445 8 0 0 0 23 12 0 0 0 0 1
838 -1 -1 1444 8 0 13 3 4 6 0 4 0 5 722 -4032 7673 -4588 -6492 16 361 -4064 6299 3838 -4466 53 0
839 0
840 0
841 1
842 -1 -1 2887 8 0 17 1 1 40 4 183 0 0 1
843 -1 -1 2886 8 0 4 0 6 10 0 7 0 3 1443 1436 -1780 -3462 -3745 3 1
844 -1 -1 1442 8 0 3 4 0 17 5 6 4 0 721 -1988 4774 -4588 1098 7 0
845 0
846 1
847 -1 -1 2883 8 0 1 0 0 19 2 0 5 0 1
848 -1 -1 2882 8 0 7 0 36 14 13 7 1 0 1441 -3883 7766 600 1483 11 1
849 -1 -1 1440 8 0 8 0 0 12 0 31 4 0 720 -3002 4433 4895 -1838 328 360 -75 1666 -2539 1467 5 180 -2715 -7079 -2981 -4040 0 90 4254 6574 -4473 -4623 305 45 -4618 -257 -572 4785 133 0
850 0
851 0
852 0
853 1
854 -1 -1 719 8 0 0 4 0 0 0 6 16 2 1
855 -1 -1 718 8 0 4 0 4 2 37 0 5 2 359 4413 -6073 1633 3783 341 0
856 1
857 -1 -1 717 8 0 26 16 0 5 1 4 0 1 1
858 -1 -1 716 8 0 2 0 0 0 0 0 0 17 358 -1777 -4341 1712 1226 3 179 -3712 189 -4143 -7104 3 0
859 0
860 1
861 -1 -1 715 8 0 2 0 0 3 1 55 0 0 1
862 -1 -1 714 8 0 6 0 0 4 0 0 0 1 357 -2494 -6042 -2166 2002 29 0
863 0
864 1
865 -1 -1 1427 8 0 6 0 0 5 0 1 44 0 1
866 -1 -1 1426 8 0 7 0 0 0 2 10 0 0 713 -1824 1471 4558 -1500 392 0
867 1
868 -1 -1 1425 8 0 11 0 7 1 0 2 9 0 1
869 -1 -1 1424 8 0 36 0 2 16 1 0 0 0 712 191 -5648 -4405 5053 190 356 -3481 3997 4517 6315 84 178 3412 -7946 -1423 -6759 25 89 640 -4606 -2411 1833 273 0
870 0
871 0
872 1
873 -1 -1 711 8 0 25 1 0 5 0 0 1 2 0
874 1
875 -1 -1 1421 8 0 7 0 0 2 0 0 0 0 0
876 1
877 -1 -1 2841 8 0 1 0 0 0 0 1 0 0 1
878 -1 -1 2840 8 0 232 0 0 0 0 0 0 0 1420 1880 -2299 226 -46 22 710 4019 -4020 -147 -5888 23 355 195 -7670 1136 -6268 6 1
879 -1 -1 354 8 0 27 1 0 12 1 0 5 0 177 -693 -5415 4076 6299 0 0
880 0
881 1
882 -1 -1 707 8 0 13 0 1 2 4 0 0 7 1
883 -1 -1 706 8 0 56 5 0 5 0 0 0 0 353 -2985 -1801 -3308 3527 251 0
884 0
885 1
886 -1 -1 1411 8 0 2 4 2 3 0 6 0 0 1
887 -1 -1 1410 8 0 10 54 3 0 0 0 1 1 705 3684 -992 -4587 -3304 8 1
888 -1 -1 704 8 0 4 0 0 5 0 5 3 13 352 886 2311 -3190 -3441 0 176 516 -6960 231 3606 0 88 -1623 -5631 -3423 -2187 6 44 -980 -6261 -811 1908 26 22 538 864 -1121 -5372 8 11 694 -6284 1364 -230 40 0
889 0
890 0
891 0
892 1
893 -1 -1 175 8 0 1 0 1 11 0 0 0 33 1
894 -1 -1 174 8 0 4 8 18 7 1 13 1 3 87 -2076 -5867 4816 7134 8 0
895 0
896 1
897 -1 -1 347 8 0 0 0 0 1 0 51 0 0 1
898 -1 -1 346 8 0 5 0 0 11 0 10 0 5 173 4542 6109 -1114 4912 372 0
899 0
900 1
901 -1 -1 691 8 0 0 5 0 17 0 0 0 1 1
902 -1 -1 690 8 0 7 0 0 15 33 5 4 0 345 2969 6753 3294 -6179 38 0
903 0
904 0
905 1
906 -1 -1 2759 8 0 1 0 0 1 0 29 0 0 1
907 -1 -1 2758 8 0 1 0 0 36 3 32 0 0 1379 -1050 -3417 -4257 -6180 26 1
908 -1 -1 1378 8 0 0 1 0 48 0 2 4 0 689 -3048 -2968 4156 -2314 365 0
909 1
910 -1 -1 1377 8 0 1 10 12 13 3 2 3 0 0
911 1
912 -1 -1 2753 8 0 4 0 1 13 0 27 2 0 1
913 -1 -1 2752 8 0 8 0 0 18 0 0 0 0 1376 -2608 -3415 -1439 6005 5 688 -4441 5455 679 -4735 3 344 -1791 2682 -4466 -4101 14 172 182 144 -4770 6173 217 86 4252 7936 -2452 -4149 330 43 -1075 2477 -4141 -7831 134 0
914 0
915 0
916 1
917 -1 -1 343 8 0 2 0 3 0 0 0 36 0 1
918 -1 -1 342 8 0 0 5 0 4 2 9 7 3 171 -4886 5836 -3168 -2652 346 0
919 0
920 1
921 -1 -1 683 8 0 0 0 2 0 23 1 1 1 1
922 -1 -1 682 8 0 5 2 49 5 0 0 0 0 341 4700 5431 3764 7440 2 0
923 1
924 -1 -1 681 8 0 0 12 1 0 1 0 0 47 0
925 0
926 1
927 -1 -1 2723 8 0 0 1 0 2 1 0 0 6 1
928 -1 -1 2722 8 0 0 65 3 3 0 0 0 1 1361 -2157 6364 1445 -3747 59 0
929 1
930 -1 -1 2721 8 0 0 3 35 3 0 0 0 0 1
931 -1 -1 2720 8 0 0 18 9 1 0 0 0 2 1360 -2441 7105 -2267 6293 2 680 4771 3768 2205 547 26 340 439 -2162 -2883 1824 7 170 -3635 7835 -3896 -7966 10 85 2403 3392 196 -6479 86 0
932 0
933 0
934 0
935 1
936 -1 -1 1359 8 0 3 0 4 1 0 0 0 0 1
937 -1 -1 1358 8 0 2 0 0 0 1 0 0 65 679 38 -5458 3253 -2074 349 0
938 1
939 -1 -1 1357 8 0 0 1 0 0 0 4 0 28 1
940 -1 -1 1356 8 0 3 6 1 19 0 10 0 3 678 -2707 -4566 -1060 -558 46 339 -3519 -7279 384 -7527 7 0
941 0
942 1
943 -1 -1 1355 8 0 0 0 0 4 0 44 0 0 1
944 -1 -1 1354 8 0 3 0 0 31 0 17 0 7 677 3241 -2437 -1367 7879 68 1
945 -1 -1 676 8 0 16 8 0 12 0 4 0 1 338 1181 -902 -2073 -406 6 169 -3846 5384 -1562 2852 0 0
946 1
947 -1 -1 337 8 0 7 0 0 5 0 0 0 42 0
948 0
949 1
950 -1 -1 1347 8 0 4 0 21 2 0 4 0 5 1
951 -1 -1 1346 8 0 2 0 2 0 43 0 0 0 673 -4225 -5748 -1939 2263 400 0
952 1
953 -1 -1 1345 8 0 1 0 2 3 4 1 8 6 0
954 1
955 -1 -1 2689 8 0 0 21 0 0 1 1 0 0 1
956 -1 -1 2688 8 0 3 10 18 35 0 2 0 6 1344 3947 5516 -4780 359 115 672 2091 -1631 -2574 6731 283 336 -373 -1048 -2110 2382 285 168 -2327 1521 2279 -1031 355 84 1322 -6283 -4721 -1882 9 42 3624 7455 -253 -510 36 21 -42 -4088 -3844 -7833 1 0
957 0
958 0
959 0
960 0
961 1
962 -1 -1 671 8 0 7 0 1 1 0 0 0 7 0
963 0
964 1
965 -1 -1 2683 8 0 0 0 0 0 0 0 0 9 1
966 -1 -1 2682 8 0 0 0 0 0 0 0 0 70 1341 -3503 -1480 254 433 57 1
967 -1 -1 1340 8 0 0 3 0 0 0 0 2 4 670 3738 -4452 4002 -1364 22 335 -613 698 4768 4003 350 0
968 1
969 -1 -1 669 8 0 0 4 4 1 0 0 2 31 0
970 0
971 1
972 -1 -1 2675 8 0 0 2 0 1 0 0 0 0 1
973 -1 -1 2674 8 0 0 69 0 0 0 0 0 0 1337 1847 5349 -4943 3632 201 1
974 -1 -1 1336 8 0 0 14 0 4 0 0 0 11 668 -3670 7069 -2937 4333 9 334 2741 7616 -1840 -7359 225 167 -324 -639 -4539 -1264 229 0
975 0
976 1
977 -1 -1 667 8 0 0 0 0 4 0 0 14 0 0
978 1
979 -1 -1 1333 8 0 0 4 0 0 6 1 0 9 0
980 1
981 -1 -1 2665 8 0 0 0 0 7 0 1 0 10 1
982 -1 -1 2664 8 0 0 0 0 0 0 0 2 55 1332 3642 3614 47 7719 4 666 -980 15 307 -2834 131 333 2103 6153 1183 -6413 70 0
983 0
984 0
985 1
986 -1 -1 2663 8 0 0 1 0 4 0 0 0 3 1
987 -1 -1 2662 8 0 0 4 84 0 0 0 0 4 1331 -3221 755 -3453 4344 0 0
988 1
989 -1 -1 2661 8 0 0 0 11 0 9 0 0 0 1
990 -1 -1 2660 8 0 1 1 10 1 0 0 3 49 1330 4370 5375 -1288 5731 283 665 -3359 6051 -2521 -7264 33 0
991 1
992 -1 -1 1329 8 0 9 0 1 1 0 3 0 41 1
993 -1 -1 1328 8 0 4 2 0 1 2 4 13 1 664 -2637 6609 -3973 -5043 91 332 3866 -5690 -1091 2848 262 166 -4492 4856 -1844 6310 3 83 -2588 -53 3919 3208 194 0
994 0
995 1
996 -1 -1 331 8 0 2 3 0 1 0 0 4 27 0
997 0
998 1
999 -1 -1 1323 8 0 0 5 0 0 3 0 2 0 0
1000 1
1001 -1 -1 2645 8 0 1 0 0 2 0 0 0 0 1
1002 -1 -1 2644 8 0 0 0 0 1 0 0 70 0 1322 -4594 -7830 2627 -2775 148 661 3072 3789 -760 -4480 347 0
1003 1
1004 -1 -1 1321 8 0 13 0 0 1 0 0 14 6 1
1005 -1 -1 1320 8 0 10 43 1 1 0 0 2 0 660 -2521 -1773 -2698 -5157 11 330 2468 -5559 -1067 -197 25 165 -4971 4937 4041 4209 236 0
1006 0
1007 1
1008 -1 -1 659 8 0 1 0 0 2 0 0 23 0 1
1009 -1 -1 658 8 0 7 3 0 13 21 1 2 11 329 -3236 879 3743 4847 39 0
1010 0
1011 1
1012 -1 -1 1315 8 0 2 0 1 5 1 3 1 0 1
1013 -1 -1 1314 8 0 2 4 0 4 0 2 0 48 657 4737 5927 -3190 -4586 16 0
1014 1
1015 -1 -1 1313 8 0 0 5 0 9 0 7 0 0 0
1016 1
1017 -1 -1 2625 8 0 8 1 0 6 0 0 2 7 1
1018 -1 -1 2624 8 0 51 0 0 4 0 1 0 0 1312 2648 4992 -1603 1180 5 656 -1373 -7165 211 -395 40 328 -2236 3135 -590 572 1 164 4863 3022 -3522 -3033 22 82 -398 -2563 -984 7798 173 41 4693 -4804 -4038 737 199 0
1019 0
1020 0
1021 0
1022 1
1023 -1 -1 655 8 0 0 2 3 6 13 3 7 24 0
1024 1
1025 -1 -1 1309 8 0 0 0 0 4 0 0 0 1 0
1026 1
1027 -1 -1 2617 8 0 0 0 1 0 0 0 0 4 1
1028 -1 -1 2616 8 0 0 0 0 0 0 0 0 82 1308 346 -3080 -4869 5849 326 654 -2558 2673 -25 5957 320 327 4072 -5656 -4208 4661 259 0
1029 0
1030 1
1031 -1 -1 1307 8 0 5 0 0 9 1 3 7 1 1
1032 -1 -1 1306 8 0 0 0 0 7 1 47 0 1 653 -4713 -3158 3466 5597 376 1
1033 -1 -1 652 8 0 1 0 1 3 15 10 0 25 326 2350 -2324 -1344 -4953 3 163 3685 -7963 -3706 -4226 195 0
1034 0
1035 0
1036 0
1037 1
1038 -1 -1 2607 8 0 3 0 0 0 0 0 0 4 1
1039 -1 -1 2606 8 0 0 0 104 0 7 0 0 2 1303 -1839 -1439 3777 7571 395 1
1040 -1 -1 1302 8 0 7 10 7 3 0 29 4 7 651 -1172 -3194 -4561 4438 328 0
1041 0
1042 1
1043 -1 -1 2603 8 0 0 0 0 1 88 0 6 0 1
1044 -1 -1 2602 8 0 0 3 16 0 0 0 0 0 1301 165 -3032 2845 4411 310 0
1045 1
1046 -1 -1 2601 8 0 0 0 31 8 0 0 43 7 1
1047 -1 -1 2600 8 0 2 1 10 7 26 14 12 0 1300 732 2655 -3279 -6875 1 650 2611 -7928 4974 -3233 308 325 -382 104 3873 -2182 326 0
1048 0
1049 0
1050 1
1051 -1 -1 2599 8 0 0 1 0 2 0 3 0 0 1
1052 -1 -1 2598 8 0 0 0 0 0 0 0 134 1 1299 -225 -293 -4758 6364 306 1
1053 -1 -1 1298 8 0 1 3 4 8 4 10 3 0 649 4347 -6779 4913 1331 311 0
1054 0
1055 1
1056 -1 -1 2595 8 0 0 0 0 20 0 0 51 0 1
1057 -1 -1 2594 8 0 4 0 5 8 0 2 0 2 1297 -2350 7979 4309 7013 327 0
1058 1
1059 -1 -1 2593 8 0 5 5 0 44 10 18 14 2 1
1060 -1 -1 2592 8 0 1 1 8 21 9 7 5 44 1296 -154 -2156 -3018 6980 1 648 -1383 -1813 3876 -7996 324 324 -1599 -7686 -4661 2224 273 162 -973 65 -4993 1185 304 81 3247 -7883 3788 3191 352 0
1061 0
1062 0
1063 0
1064 0
1065 1
1066 -1 -1 2591 8 0 1 0 2 0 0 0 46 0 1
1067 -1 -1 2590 8 0 0 6 0 1 0 0 3 45 1295 956 7959 -4810 -151 257 0
1068 1
1069 -1 -1 2589 8 0 4 0 0 13 0 6 0 1 1
1070 -1 -1 2588 8 0 1 2 10 20 46 1 66 0 1294 1131 -1494 3525 -1423 334 647 -4609 6027 -2184 -5263 316 0
1071 1
1072 -1 -1 1293 8 0 5 0 34 3 0 0 0 7 0
1073 1
1074 -1 -1 2585 8 0 2 0 0 6 0 0 0 12 1
1075 -1 -1 2584 8 0 0 15 10 9 8 3 2 4 1292 2675 2663 2929 -4118 346 646 -1694 2646 3160 -523 395 323 -4902 -1856 4607 -1323 240 0
1076 0
1077 0
1078 1
1079 -1 -1 2583 8 0 0 0 3 2 23 0 26 1 1
1080 -1 -1 2582 8 0 0 23 15 9 18 0 3 13 1291 2124 -5393 4986 -7235 241 0
1081 1
1082 -1 -1 2581 8 0 0 5 0 1 0 0 0 71 1
1083 -1 -1 2580 8 0 1 47 2 10 1 1 0 22 1290 -3886 2363 2507 6693 247 645 331 6075 -698 -3345 82 0
1084 0
1085 1
1086 -1 -1 2579 8 0 0 1 48 29 5 1 0 2 1
1087 -1 -1 2578 8 0 1 11 15 22 44 1 19 22 1289 -688 3483 -3880 -2121 2 0
1088 1
1089 -1 -1 2577 8 0 1 174 8 23 9 0 10 7 1
1090 -1 -1 2576 8 0 7 141 34 212 71 6 16 15 1288 -2733 -2882 541 -1 22 644 -589 -5343 2751 492 268 322 -3096 1977 41 -842 46 161 -2271 7157 2895 -4099 315 0
1091 0
1092 0
1093 0
1094 1
1095 -1 -1 2575 8 0 4 0 0 0 8 0 5 7 1
1096 -1 -1 2574 8 0 1 19 23 17 1 8 9 0 1287 4102 -3395 -696 -4719 333 0
1097 1
1098 -1 -1 2573 8 0 2 7 0 0 22 0 3 0 1
1099 -1 -1 2572 8 0 0 3 2 17 5 0 4 131 1286 -303 -3789 -836 4486 288 643 2745 -1911 4476 456 291 0
1100 0
1101 1
1102 -1 -1 2571 8 0 0 127 0 4 8 1 3 1 1
1103 -1 -1 2570 8 0 0 13 0 6 6 7 30 0 1285 371 712 -234 4846 240 0
1104 1
1105 -1 -1 2569 8 0 0 2 39 4 5 1 0 0 1
1106 -1 -1 2568 8 0 0 18 0 10 0 1 26 1 1284 3290 -6430 4022 7026 263 642 1302 -2669 -4208 6481 122 321 13 -2405 4704 2440 246 0
1107 0
1108 0
1109 1
1110 -1 -1 2567 8 0 3 5 5 6 4 0 111 10 1
1111 -1 -1 2566 8 0 1 8 32 3 94 1 28 9 1283 -1903 -5806 -3110 4415 50 0
1112 1
1113 -1 -1 2565 8 0 0 23 126 12 6 3 14 0 1
1114 -1 -1 2564 8 0 2 45 49 19 85 2 9 35 1282 -1586 -4575 -958 7087 275 641 1144 -3410 -368 -438 6 0
1115 0
1116 1
1117 -1 -1 2563 8 0 0 7 44 11 30 7 1 1 1
1118 -1 -1 2562 8 0 5 81 98 74 26 6 27 144 1281 -4489 4079 1112 6422 36 0
1119 1
1120 -1 -1 2561 8 0 2 106 396 18 71 14 8 16 1
1121 -1 -1 2560 8 0 7 63 156 82 140 21 19 13 1280 954 -6543 -1402 5347 159 640 597 -131 -1462 -6372 25 320 1306 -3935 -2574 3264 258 160 4671 -5807 -1625 6925 290 80 -2774 2556 4544 -3669 134 40 -248 -4480 2556 7683 299 20 1947 -5149 -4774 -6735 395 10 -3470 -6881 4338 -695 339 5 -2354 -5366 4019 -192 400 0
1122 0
1123 0
1124 0
1125 0
1126 0
1127 1
1128 -1 -1 319 8 0 0 0 0 3 0 54 0 0 1
1129 -1 -1 318 8 0 7 0 0 2 0 11 0 0 159 2110 -6556 4305 -648 30 1
1130 -1 -1 158 8 0 28 2 2 10 0 22 0 5 79 -60 3146 3254 974 14 0
1131 0
1132 0
1133 1
1134 -1 -1 631 8 0 25 0 10 12 15 1 0 4 0
1135 1
1136 -1 -1 1261 8 0 12 0 0 1 0 0 0 48 1
1137 -1 -1 1260 8 0 11 2 21 3 0 0 9 7 630 -811 -2934 -2707 5245 365 315 1599 -5582 4236 -4043 0 0
1138 1
1139 -1 -1 629 8 0 1 2 0 2 0 4 0 14 0
1140 1
1141 -1 -1 1257 8 0 5 0 0 19 0 25 3 0 1
1142 -1 -1 1256 8 0 30 0 0 3 0 0 2 0 628 1216 1503 -445 -3056 6 314 3424 -6183 2416 1013 210 157 3763 -4779 -1563 -7975 45 0
1143 0
1144 1
1145 -1 -1 627 8 0 5 0 0 2 60 1 0 0 1
1146 -1 -1 626 8 0 12 8 0 14 0 9 3 6 313 3323 3827 -3407 5478 186 0
1147 0
1148 1
1149 -1 -1 1251 8 0 23 0 1 5 5 4 7 0 0
1150 1
1151 -1 -1 2501 8 0 12 0 0 2 0 0 8 2 1
1152 -1 -1 2500 8 0 219 0 0 37 0 0 2 0 1250 927 -7437 -1220 -752 259 625 861 -5552 1159 -4063 9 0
1153 0
1154 1
1155 -1 -1 2499 8 0 33 4 0 11 0 6 0 0 1
1156 -1 -1 2498 8 0 40 1 0 8 33 0 0 0 1249 1082 -3744 3559 -2595 5 1
1157 -1 -1 1248 8 0 21 5 12 13 0 5 1 2 624 1155 -7912 4019 6145 1 312 -3651 -7077 -2853 1353 3 156 1031 -3491 -425 554 24 78 4689 -4484 275 -6841 12 39 -2103 -5173 2423 -4390 20 0
1158 0
1159 0
1160 0
1161 1
1162 -1 -1 623 8 0 4 0 0 8 0 45 0 0 0
1163 1
1164 -1 -1 1245 8 0 0 0 0 1 0 0 0 0 0
1165 1
1166 -1 -1 2489 8 0 1 0 0 0 0 1 0 0 1
1167 -1 -1 2488 8 0 1 0 0 0 0 105 0 0 1244 -1221 4463 -2141 -1752 139 622 1353 5079 2016 -4245 119 311 -3259 -820 -942 7701 251 1
1168 -1 -1 310 8 0 6 0 0 2 0 3 0 1 155 3350 388 2009 -7284 23 0
1169 0
1170 0
1171 0
1172 1
1173 -1 -1 2479 8 0 2 0 0 2 0 0 0 0 1
1174 -1 -1 2478 8 0 0 0 0 8 0 63 0 0 1239 -4177 401 -4865 -7962 72 0
1175 1
1176 -1 -1 2477 8 0 8 0 0 2 0 23 0 0 1
1177 -1 -1 2476 8 0 17 0 0 17 0 9 0 0 1238 3334 3128 3973 -1609 26 619 1254 4518 551 -6168 25 1
1178 -1 -1 618 8 0 4 0 1 34 6 23 0 0 309 364 -6933 -4107 6860 397 1
1179 -1 -1 308 8 0 22 0 3 4 0 0 0 1 154 4331 3020 3236 -6544 5 77 -403 363 351 -3609 31 0
1180 0
1181 0
1182 1
1183 -1 -1 615 8 0 1 0 3 15 0 2 0 0 0
1184 1
1185 -1 -1 1229 8 0 2 0 0 5 0 59 0 0 1
1186 -1 -1 1228 8 0 3 0 0 7 0 1 0 0 614 4791 -1860 1214 6862 357 307 -2211 2918 -893 -7644 56 0
1187 1
1188 -1 -1 613 8 0 1 0 0 1 0 22 0 0 0
1189 1
1190 -1 -1 1225 8 0 1 0 0 0 0 17 0 0 0
1191 1
1192 -1 -1 2449 8 0 15 0 0 28 0 15 3 0 1
1193 -1 -1 2448 8 0 31 0 0 77 0 0 1 1 1224 1035 879 448 -4298 24 612 2798 7165 -728 -6548 73 306 2217 -968 343 -1601 15 153 -638 1428 4184 -2028 34 0
1194 0
1195 0
1196 0
1197 1
1198 -1 -1 2447 8 0 10 0 0 5 0 5 0 2 1
1199 -1 -1 2446 8 0 3 0 0 14 8 14 111 0 1223 4883 -660 -1343 -7089 63 1
1200 -1 -1 1222 8 0 4 0 7 28 0 3 20 0 611 -4542 -3839 -4304 3544 194 0
1201 1
1202 -1 -1 1221 8 0 9 3 1 4 0 2 10 5 0
1203 1
1204 -1 -1 2441 8 0 12 0 0 20 4 69 0 0 1
1205 -1 -1 2440 8 0 15 0 0 11 0 4 5 0 1220 -2305 -4155 -4329 3201 159 610 3088 -4992 -1939 -7004 28 305 690 -2878 1696 -7487 10 0
1206 0
1207 1
1208 -1 -1 1219 8 0 2 0 0 27 4 7 0 2 1
1209 -1 -1 1218 8 0 16 0 0 14 0 6 10 0 609 3129 1461 -4546 -6555 21 0
1210 1
1211 -1 -1 1217 8 0 8 0 26 10 2 0 4 0 0
1212 1
1213 -1 -1 2433 8 0 22 0 0 5 8 0 5 0 1
1214 -1 -1 2432 8 0 5 0 0 3 42 0 0 0 1216 -3421 -5416 -3828 3663 0 608 -938 2033 -3773 -3570 13 304 -1053 -962 874 -1833 2 152 3780 -5842 1688 -7057 5 76 -2396 -4576 2414 -6781 9 38 4411 3162 -4875 -4733 114 19 1767 -5093 1552 -2589 0 0
1215 0
1216 0
1217 0
1218 0
1219 0
1220 1
1221 -1 -1 1215 8 0 1 0 0 1 0 31 0 6 0
1222 1
1223 -1 -1 2429 8 0 1 0 0 9 36 1 1 0 1
1224 -1 -1 2428 8 0 2 3 0 14 0 3 0 0 1214 -4395 -7877 775 6126 347 607 -4224 289 2401 1164 28 0
1225 0
1226 1
1227 -1 -1 2427 8 0 1 0 0 81 0 4 0 0 1
1228 -1 -1 2426 8 0 2 0 0 15 13 2 5 1 1213 4040 2676 -1945 -7140 3 0
1229 1
1230 -1 -1 2425 8 0 1 0 0 12 0 13 3 3 1
1231 -1 -1 2424 8 0 0 0 1 35 4 13 167 0 1212 68 -813 -417 1720 327 606 380 -2544 4738 -4458 4 303 682 -7654 217 -4129 1 0
1232 0
1233 0
1234 1
1235 -1 -1 2423 8 0 0 0 0 36 0 20 0 1 1
1236 -1 -1 2422 8 0 3 0 0 139 0 8 0 0 1211 3423 1262 193 -5554 38 1
1237 -1 -1 1210 8 0 1 13 1 11 0 13 0 0 605 1453 -1448 3842 -6964 4 0
1238 1
1239 -1 -1 1209 8 0 1 2 0 11 20 0 0 4 0
1240 1
1241 -1 -1 2417 8 0 1 14 20 74 0 13 8 3 1
1242 -1 -1 2416 8 0 1 32 0 4 0 0 0 0 1208 -1728 -4534 -2191 6452 4 604 4531 -6518 -1458 -7336 50 302 -1647 -1349 2409 -4755 3 151 -910 -3425 4214 7639 313 0
1243 1
1244 -1 -1 301 8 0 0 4 3 1 0 0 1 46 0
1245 0
1246 1
1247 -1 -1 1203 8 0 2 0 0 24 0 4 1 0 0
1248 1
1249 -1 -1 2405 8 0 3 0 0 5 0 0 0 0 1
1250 -1 -1 2404 8 0 0 0 0 4 17 0 174 0 1202 -1854 -4545 -515 3257 242 601 4598 -2608 263 4600 253 0
1251 1
1252 -1 -1 1201 8 0 2 5 0 17 3 5 0 0 0
1253 1
1254 -1 -1 2401 8 0 0 0 0 0 41 0 0 0 1
1255 -1 -1 2400 8 0 4 0 0 13 28 3 17 1 1200 3384 -2220 -1035 1009 14 600 4816 -507 3404 -7866 17 300 2959 -6421 786 3664 197 150 -2987 -5343 1590 -6176 198 75 1393 -3382 -190 7967 241 0
1256 0
1257 0
1258 1
1259 -1 -1 599 8 0 4 0 0 0 0 0 30 0 1
1260 -1 -1 598 8 0 18 0 0 15 0 18 5 4 299 3400 -6840 1192 -3016 342 0
1261 0
1262 1
1263 -1 -1 1195 8 0 3 10 0 1 0 0 0 3 0
1264 1
1265 -1 -1 2389 8 0 0 0 10 0 2 11 0 0 1
1266 -1 -1 2388 8 0 0 0 4 4 219 0 6 0 1194 2414 4535 1685 -4459 19 597 2959 -709 1004 2397 336 0
1267 1
1268 -1 -1 1193 8 0 1 7 5 7 0 0 9 17 0
1269 1
1270 -1 -1 2385 8 0 3 0 14 20 8 0 2 1 1
1271 -1 -1 2384 8 0 3 0 3 7 25 1 35 2 1192 3408 -4777 -219 7366 238 596 2062 4286 4344 1003 0 298 4341 -5333 1899 -952 28 149 676 183 930 5865 347 0
1272 0
1273 0
1274 1
1275 -1 -1 1191 8 0 0 0 0 4 12 25 0 0 1
1276 -1 -1 1190 8 0 0 12 2 6 0 11 0 2 595 1285 3115 -3459 1421 203 0
1277 1
1278 -1 -1 1189 8 0 3 16 0 0 0 3 2 0 0
1279 1
1280 -1 -1 2377 8 0 3 2 0 11 3 6 18 60 1
1281 -1 -1 2376 8 0 2 14 19 11 12 0 2 57 1188 1949 -5764 1834 -1934 12 594 3952 -7319 1554 1162 388 297 3034 7647 -4750 -1885 10 0
1282 0
1283 1
1284 -1 -1 1187 8 0 5 0 17 17 0 17 0 7 0
1285 1
1286 -1 -1 2373 8 0 4 0 0 12 4 3 0 6 1
1287 -1 -1 2372 8 0 2 0 0 4 59 0 0 2 1186 2268 -5638 -4318 5739 371 593 2303 1325 1177 7396 363 0
1288 0
1289 1
1290 -1 -1 2371 8 0 1 0 12 30 7 6 33 2 1
1291 -1 -1 2370 8 0 4 55 109 20 29 2 6 3 1185 -4762 1423 4173 7021 246 0
1292 1
1293 -1 -1 2369 8 0 3 7 21 6 8 0 6 31 1
1294 -1 -1 2368 8 0 11 25 5 77 9 10 158 26 1184 61 -3530 -2535 -3898 32 592 1272 2108 -4917 5481 242 296 1346 -5671 -2516 5964 357 148 -4296 -6605 -16 -2622 37 74 4872 -1001 698 2235 52 37 4126 -1246 3730 -5148 3 0
1295 0
1296 1
1297 -1 -1 147 8 0 17 0 0 2 20 2 13 0 0
1298 1
1299 -1 -1 293 8 0 13 9 0 14 2 24 0 5 0
1300 1
1301 -1 -1 585 8 0 30 0 1 18 0 6 0 4 0
1302 0
1303 1
1304 -1 -1 2339 8 0 13 0 1 4 0 0 1 0 1
1305 -1 -1 2338 8 0 72 0 0 0 0 0 1 0 1169 984 -3851 690 7620 315 1
1306 -1 -1 1168 8 0 27 3 3 8 4 0 3 0 584 -1120 -204 924 4597 4 292 -2612 -4268 2713 -5758 9 146 2514 4586 2670 -5201 12 73 3746 7083 3216 -17 279 0
1307 0
1308 0
1309 1
1310 -1 -1 583 8 0 1 0 0 6 0 0 0 41 1
1311 -1 -1 582 8 0 1 4 0 4 29 0 1 3 291 2453 -6598 2067 267 2 0
1312 0
1313 1
1314 -1 -1 1163 8 0 3 1 4 2 3 0 5 14 1
1315 -1 -1 1162 8 0 4 0 56 0 1 1 0 0 581 4071 -7917 1185 -3349 14 0
1316 0
1317 1
1318 -1 -1 2323 8 0 0 10 21 20 4 11 0 4 1
1319 -1 -1 2322 8 0 1 27 19 38 3 8 170 0 1161 -2975 -4289 -2963 322 3 0
1320 1
1321 -1 -1 2321 8 0 2 4 6 8 56 4 14 4 1
1322 -1 -1 2320 8 0 9 7 15 11 11 1 72 5 1160 4238 2933 -2691 -6836 304 580 -512 -929 -3854 3403 310 290 4177 -3060 -426 -6916 362 145 -3775 4744 -2114 -4776 5 0
1323 0
1324 0
1325 1
1326 -1 -1 1159 8 0 0 4 20 1 0 0 0 35 0
1327 1
1328 -1 -1 2317 8 0 1 0 0 4 9 2 0 1 1
1329 -1 -1 2316 8 0 0 14 2 29 0 0 0 13 1158 -2132 -6599 -1869 5913 73 579 4914 4836 -4041 1770 98 0
1330 0
1331 1
1332 -1 -1 2315 8 0 1 0 0 1 4 0 26 0 1
1333 -1 -1 2314 8 0 1 2 2 12 23 1 0 6 1157 4362 4127 1396 -1689 6 0
1334 1
1335 -1 -1 2313 8 0 0 0 0 6 10 3 2 4 1
1336 -1 -1 2312 8 0 9 7 7 90 1 23 2 0 1156 1147 -1835 -3033 -5160 192 578 -4077 3304 -1483 -436 45 289 -507 -2526 -4259 -3698 32 0
1337 0
1338 0
1339 1
1340 -1 -1 2311 8 0 1 28 199 19 32 1 23 1 1
1341 -1 -1 2310 8 0 3 145 74 115 98 7 125 14 1155 2559 -6239 3584 6217 276 0
1342 1
1343 -1 -1 2309 8 0 3 37 45 11 26 2 64 5 1
1344 -1 -1 2308 8 0 2 58 137 40 435 2 14 40 1154 -531 -7848 -4529 2200 225 577 908 229 32 6672 233 0
1345 0
1346 1
1347 -1 -1 2307 8 0 2 24 90 9 24 0 0 18 1
1348 -1 -1 2306 8 0 1 242 68 6 9 0 3 4 1153 1509 -6264 4948 -2233 2 0
1349 1
1350 -1 -1 2305 8 0 2 6 2 17 0 7 6 7 1
1351 -1 -1 2304 8 0 12 28 104 53 56 2 1 25 1152 -4788 -5642 -326 6517 220 576 1794 -6929 -4129 2253 154 288 165 -347 -4241 4889 193 144 -4422 6627 65 6952 4 72 3370 -3391 -3778 1743 299 36 -679 -896 -214 5888 394 18 -3330 -7298 -1592 7990 212 9 1379 -2576 -632 6860 398 0
1352 0
1353 0
1354 0
1355 0
1356 0
1357 0
1358 1
1359 -1 -1 1151 8 0 1 0 6 0 0 0 0 0 0
1360 1
1361 -1 -1 2301 8 0 32 0 0 0 0 0 0 0 1
1362 -1 -1 2300 8 0 47 0 0 0 0 0 0 0 1150 1302 3573 3865 -294 265 575 -169 -1906 4949 2497 167 1
1363 -1 -1 574 8 0 5 0 11 2 0 2 0 0 287 4781 4145 -1163 610 331 1
1364 -1 -1 286 8 0 1 0 0 12 0 11 0 1 143 4494 6241 744 -36 385 0
1365 0
1366 1
1367 -1 -1 571 8 0 0 34 5 2 1 1 22 0 0
1368 1
1369 -1 -1 1141 8 0 3 0 0 9 0 21 0 0 1
1370 -1 -1 1140 8 0 0 0 5 6 1 1 24 0 570 3200 7563 1740 3509 21 285 3499 4892 4954 224 98 0
1371 0
1372 1
1373 -1 -1 1139 8 0 0 19 3 5 12 1 0 0 1
1374 -1 -1 1138 8 0 1 3 3 6 1 2 26 3 569 -1271 7526 -4447 2161 17 0
1375 0
1376 1
1377 -1 -1 2275 8 0 3 0 1 4 66 7 0 2 1
1378 -1 -1 2274 8 0 0 5 6 1 5 2 0 9 1137 3600 6989 -292 797 34 0
1379 1
1380 -1 -1 2273 8 0 1 2 14 31 47 7 1 0 1
1381 -1 -1 2272 8 0 4 0 102 30 13 6 11 0 1136 2202 4260 -2418 -5733 51 568 4173 -7539 -334 1031 48 284 -4979 3051 4789 -1004 141 142 1450 6295 -3110 6735 325 71 4178 6894 -392 -1867 400 0
1382 0
1383 0
1384 1
1385 -1 -1 567 8 0 0 0 59 5 0 0 0 0 1
1386 -1 -1 566 8 0 1 0 0 1 0 0 0 7 283 -2706 3990 -4534 -7774 156 0
1387 0
1388 1
1389 -1 -1 1131 8 0 0 2 0 7 2 0 0 11 0
1390 1
1391 -1 -1 2261 8 0 0 0 0 0 0 0 0 84 1
1392 -1 -1 2260 8 0 1 1 1 1 0 0 0 20 1130 -805 7752 -2217 -5179 65 565 2534 6986 -3658 7725 234 0
1393 0
1394 1
1395 -1 -1 2259 8 0 1 0 36 12 0 0 0 1 1
1396 -1 -1 2258 8 0 5 0 8 6 0 1 0 33 1129 1708 6647 3655 3345 15 1
1397 -1 -1 1128 8 0 1 2 0 17 13 0 0 31 564 2641 -5778 4132 4246 59 282 590 577 -3830 3049 168 141 3916 3959 64 -6095 295 0
1398 0
1399 0
1400 0
1401 1
1402 -1 -1 2255 8 0 0 77 0 1 1 0 0 0 1
1403 -1 -1 2254 8 0 0 0 1 2 0 0 0 1 1127 2704 -4725 -1498 -1524 19 1
1404 -1 -1 1126 8 0 2 16 7 14 0 2 0 19 563 2839 -2922 -4102 514 121 0
1405 1
1406 -1 -1 1125 8 0 0 0 0 0 0 23 0 0 1
1407 -1 -1 1124 8 0 0 4 0 7 0 1 0 43 562 596 -2489 916 5737 63 281 -317 3971 -3267 2739 0 0
1408 0
1409 1
1410 -1 -1 1123 8 0 0 0 0 4 3 0 31 0 1
1411 -1 -1 1122 8 0 3 23 7 2 0 1 0 0 561 -2422 -4933 3495 7988 191 0
1412 0
1413 1
1414 -1 -1 2243 8 0 0 0 0 0 0 0 0 18 1
1415 -1 -1 2242 8 0 17 6 2 7 27 17 0 0 1121 -332 7869 -97 278 41 0
1416 1
1417 -1 -1 2241 8 0 0 0 77 3 1 6 1 0 1
1418 -1 -1 2240 8 0 13 9 48 33 25 20 0 12 1120 -3227 437 -2693 5361 184 560 -2317 -4988 1348 6447 387 280 1349 -5102 -1611 -5813 20 140 4411 -6717 -3979 -7777 196 70 3580 -4785 -2726 -4257 238 35 4649 5560 4208 -5655 0 0
1419 0
1420 0
1421 0
1422 1
1423 -1 -1 559 8 0 60 0 2 1 2 1 0 0 0
1424 1
1425 -1 -1 1117 8 0 7 0 11 0 2 0 0 0 0
1426 1
1427 -1 -1 2233 8 0 5 0 0 0 0 32 0 0 1
1428 -1 -1 2232 8 0 31 1 0 0 1 14 0 0 1116 2080 -6940 2610 -1026 11 558 1106 -5680 2881 164 19 279 -2757 -4545 -4245 37 6 0
1429 0
1430 1
1431 -1 -1 1115 8 0 1 2 11 5 4 0 3 1 0
1432 1
1433 -1 -1 2229 8 0 0 1 0 2 0 0 8 0 1
1434 -1 -1 2228 8 0 0 0 0 5 4 0 3 69 1114 3269 6626 458 -7212 395 557 -745 7776 -4875 5486 21 0
1435 1
1436 -1 -1 1113 8 0 0 0 13 3 14 0 0 0 1
1437 -1 -1 1112 8 0 1 15 2 13 2 14 0 3 556 1972 6541 -1000 -2892 267 278 3857 3493 -1306 5326 3 139 -3640 7640 -169 -363 399 0
1438 0
1439 0
1440 0
1441 1
1442 -1 -1 2223 8 0 0 0 14 1 2 0 0 12 1
1443 -1 -1 2222 8 0 1 0 10 0 90 8 0 1 1111 3415 -5670 774 -1087 6 0
1444 1
1445 -1 -1 2221 8 0 0 14 0 0 0 0 0 0 1
1446 -1 -1 2220 8 0 3 3 26 30 21 3 22 2 1110 -3707 -5381 -1849 6304 362 555 675 -2097 -4799 150 274 0
1447 0
1448 1
1449 -1 -1 2219 8 0 0 0 1 0 12 0 3 0 1
1450 -1 -1 2218 8 0 15 0 0 55 3 254 2 0 1109 1249 -4014 80 -17 54 0
1451 1
1452 -1 -1 2217 8 0 9 0 12 79 12 96 23 0 1
1453 -1 -1 2216 8 0 12 14 1 27 49 29 14 0 1108 4788 7805 -4479 -4389 50 554 -1770 -2154 -4694 -5471 21 277 4618 2721 -426 -7596 239 0
1454 0
1455 1
1456 -1 -1 1107 8 0 0 0 0 8 0 1 55 2 0
1457 1
1458 -1 -1 2213 8 0 1 2 12 20 54 2 125 0 1
1459 -1 -1 2212 8 0 13 9 37 36 290 32 21 0 1106 -4731 6783 2063 -908 58 553 766 -3899 -4960 -4429 297 0
1460 0
1461 1
1462 -1 -1 2211 8 0 0 1 1 3 12 0 0 0 1
1463 -1 -1 2210 8 0 0 58 1 3 0 0 3 0 1105 4434 1157 -3899 2244 13 0
1464 1
1465 -1 -1 2209 8 0 1 0 10 4 52 1 2 5 1
1466 -1 -1 2208 8 0 2 12 0 12 31 23 4 8 1104 1401 5732 1649 -3519 145 552 -2372 -3343 2048 7873 212 276 2932 5397 -2280 5867 5 138 -552 342 1504 -7792 18 69 -3593 4325 -1167 -7563 295 0
1467 0
1468 0
1469 1
1470 -1 -1 551 8 0 0 0 0 2 0 46 0 0 0
1471 1
1472 -1 -1 1101 8 0 5 0 0 2 0 1 0 27 0
1473 1
1474 -1 -1 2201 8 0 7 0 0 23 0 25 0 0 1
1475 -1 -1 2200 8 0 6 0 0 13 0 1 0 12 1100 4660 1196 3787 -4476 4 550 4446 -4219 925 411 5 275 -1520 -2604 4177 -2890 28 0
1476 0
1477 0
1478 1
1479 -1 -1 2199 8 0 7 0 0 8 0 153 0 0 1
1480 -1 -1 2198 8 0 0 0 0 6 2 9 0 0 1099 -1281 1350 1244 1039 0 0
1481 1
1482 -1 -1 2197 8 0 27 0 0 11 0 18 14 0 1
1483 -1 -1 2196 8 0 30 2 0 76 19 142 0 0 1098 -3498 -5424 4581 -5788 9 549 -1507 4959 -414 499 31 0
1484 0
1485 1
1486 -1 -1 2195 8 0 2 0 0 17 1 66 1 0 1
1487 -1 -1 2194 8 0 1 1 0 37 7 16 0 0 1097 -503 3993 610 -1054 26 0
1488 1
1489 -1 -1 2193 8 0 1 0 0 11 0 30 0 0 1
1490 -1 -1 2192 8 0 23 1 3 281 3 21 4 1 1096 1392 2470 4583 -7589 386 548 3380 7014 4600 -4955 79 274 3105 -7626 -4432 5920 400 137 3110 41 -1080 -7665 399 0
1491 0
1492 0
1493 0
1494 1
1495 -1 -1 2191 8 0 1 0 19 50 0 14 2 2 1
1496 -1 -1 2190 8 0 3 11 0 25 15 1 0 4 1095 -1091 2832 -1228 -4692 18 0
1497 1
1498 -1 -1 2189 8 0 23 0 2 130 6 199 2 0 1
1499 -1 -1 2188 8 0 31 0 0 126 8 53 11 1 1094 -4933 4775 -3897 3098 9 547 -680 -4153 4810 7466 12 0
1500 0
1501 1
1502 -1 -1 2187 8 0 30 0 0 21 0 4 3 20 1
1503 -1 -1 2186 8 0 2 3 19 82 86 5 55 6 1093 -3566 5606 -2621 -7214 347 0
1504 1
1505 -1 -1 2185 8 0 69 9 62 400 55 73 4 0 1
1506 -1 -1 2184 8 0 24 15 8 206 8 44 35 12 1092 -2970 7842 -4670 -1466 14 546 1335 4922 -4260 -2317 240 273 -3072 7831 -2118 7368 3 0
1507 0
1508 0
1509 1
1510 -1 -1 2183 8 0 3 0 0 10 56 0 44 0 1
1511 -1 -1 2182 8 0 2 13 11 13 15 1 1 2 1091 2224 7563 -3317 2494 286 0
1512 1
1513 -1 -1 2181 8 0 5 2 0 1 27 20 2 0 1
1514 -1 -1 2180 8 0 6 4 5 139 9 24 18 0 1090 2958 -6778 -2149 6649 340 545 -29 5633 -2438 -6624 191 0
1515 0
1516 1
1517 -1 -1 2179 8 0 16 15 0 3 0 43 14 0 1
1518 -1 -1 2178 8 0 20 44 96 103 37 100 5 2 1089 -2638 -3627 -891 3788 279 0
1519 1
1520 -1 -1 2177 8 0 8 11 76 18 17 1 2 1 1
1521 -1 -1 2176 8 0 445 6 134 270 121 254 33 6 1088 1055 -1981 4622 -921 68 544 1517 -4695 4676 7389 85 272 1226 229 -4321 7901 180 136 -2367 1749 -4963 -5255 13 68 2898 3264 -4418 6748 341 34 3203 3348 636 -76 29 17 2972 -5303 1036 -1907 20 0
1522 0
1523 0
1524 0
1525 1
1526 -1 -1 271 8 0 1 0 0 1 0 0 24 4 0
1527 1
1528 -1 -1 541 8 0 1 2 0 3 4 1 1 8 0
1529 1
1530 -1 -1 1081 8 0 6 0 0 4 0 3 4 3 0
1531 1
1532 -1 -1 2161 8 0 96 0 0 0 0 0 0 0 1
1533 -1 -1 2160 8 0 40 0 0 0 2 18 0 0 1080 4353 5878 -356 -2414 1 540 1822 7356 -2993 -2256 29 270 -3178 -388 -2979 5691 163 135 -4518 7915 663 785 217 0
1534 0
1535 1
1536 -1 -1 539 8 0 1 10 2 15 2 2 0 30 0
1537 0
1538 1
1539 -1 -1 2155 8 0 4 8 0 13 2 44 0 0 1
1540 -1 -1 2154 8 0 0 3 2 22 49 9 0 0 1077 3290 584 1235 4297 24 0
1541 1
1542 -1 -1 2153 8 0 7 4 6 28 17 0 5 0 1
1543 -1 -1 2152 8 0 29 0 0 37 2 11 0 0 1076 2514 -5644 -4402 7862 158 538 -2183 -4026 14 510 15 269 372 3863 -697 -1884 18 0
1544 0
1545 1
1546 -1 -1 1075 8 0 2 0 1 0 0 6 18 0 1
1547 -1 -1 1074 8 0 9 2 0 28 0 4 7 3 537 519 -5339 -3845 2125 341 0
1548 0
1549 1
1550 -1 -1 2147 8 0 0 4 3 14 1 22 10 0 1
1551 -1 -1 2146 8 0 3 1 41 3 2 4 1 0 1073 -4192 -1612 3185 2971 45 0
1552 1
1553 -1 -1 2145 8 0 15 8 39 50 36 0 3 6 1
1554 -1 -1 2144 8 0 23 8 29 11 0 3 3 12 1072 1107 -2072 -3280 2083 9 536 -3083 -2525 671 -638 19 268 -1864 -1057 4473 6497 289 134 3721 4771 -4654 5026 18 67 4276 -5273 193 4976 397 0
1555 0
1556 0
1557 0
1558 1
1559 -1 -1 1071 8 0 3 0 0 2 0 51 0 6 1
1560 -1 -1 1070 8 0 3 7 0 8 0 1 0 0 535 -4951 4227 4691 6580 10 0
1561 1
1562 -1 -1 1069 8 0 4 5 0 1 18 8 0 0 0
1563 1
1564 -1 -1 2137 8 0 29 0 0 28 4 4 0 0 1
1565 -1 -1 2136 8 0 7 4 2 4 2 0 5 0 1068 -1375 -266 -1728 3465 9 534 3631 -3918 4354 527 269 267 3694 -4495 775 -4207 14 0
1566 1
1567 -1 -1 533 8 0 0 7 1 6 0 0 0 41 0
1568 1
1569 -1 -1 1065 8 0 1 0 6 1 11 0 2 0 1
1570 -1 -1 1064 8 0 9 22 8 12 2 4 0 1 532 2531 6923 -4043 465 296 266 3593 -7453 2407 1015 124 133 -3944 -5870 -4236 1651 2 0
1571 0
1572 0
1573 1
1574 -1 -1 1063 8 0 9 0 0 30 0 16 0 1 1
1575 -1 -1 1062 8 0 1 11 0 4 10 3 0 1 531 -3480 2234 4305 7069 3 0
1576 0
1577 1
1578 -1 -1 2123 8 0 29 0 0 4 0 113 0 0 1
1579 -1 -1 2122 8 0 75 0 0 2 0 11 0 0 1061 -1157 2117 1932 7208 17 0
1580 1
1581 -1 -1 2121 8 0 18 0 1 90 0 76 4 1 1
1582 -1 -1 2120 8 0 114 2 0 94 0 454 1 1 1060 4489 -6949 -2222 -3248 184 530 -4172 -7165 -297 5526 357 265 3880 1709 4066 7926 170 0
1583 0
1584 1
1585 -1 -1 1059 8 0 4 3 5 32 0 1 0 8 0
1586 1
1587 -1 -1 2117 8 0 30 0 0 22 0 72 0 0 1
1588 -1 -1 2116 8 0 3 1 0 8 4 0 0 4 1058 7 -645 4594 7038 5 529 3957 1641 302 -361 6 0
1589 0
1590 1
1591 -1 -1 2115 8 0 22 0 0 28 0 30 0 0 1
1592 -1 -1 2114 8 0 3 1 0 0 0 0 3 0 1057 -1016 -225 3482 2730 10 0
1593 1
1594 -1 -1 2113 8 0 16 0 1 17 12 0 0 1 1
1595 -1 -1 2112 8 0 130 0 1 14 0 1 0 0 1056 3662 -376 -1407 2581 22 528 -4017 -5975 4628 1081 59 264 4870 -6538 -4409 -3998 52 132 499 -5844 -1407 5635 61 66 2048 1641 4331 4080 146 33 4292 5269 2221 1644 0 0
1596 0
1597 0
1598 0
1599 0
1600 1
1601 -1 -1 1055 8 0 2 0 0 16 0 42 0 0 1
1602 -1 -1 1054 8 0 0 10 1 6 3 2 25 0 527 740 -2550 -1117 -3796 4 0
1603 1
1604 -1 -1 1053 8 0 11 0 2 5 17 19 0 0 0
1605 1
1606 -1 -1 2105 8 0 45 0 0 3 0 12 0 2 1
1607 -1 -1 2104 8 0 17 0 0 39 0 12 0 0 1052 -2140 7760 1758 -2097 169 526 4946 4965 -4991 7548 34 263 4110 4934 -687 971 22 0
1608 0
1609 0
1610 1
1611 -1 -1 2103 8 0 0 0 12 0 0 0 0 0 1
1612 -1 -1 2102 8 0 38 7 10 37 0 0 0 0 1051 2919 -2622 -1107 6590 388 0
1613 1
1614 -1 -1 2101 8 0 39 0 0 8 0 0 0 0 1
1615 -1 -1 2100 8 0 25 0 0 52 2 2 0 1 1050 -4613 2438 549 3999 0 525 -1420 4920 -2691 -5354 391 0
1616 0
1617 1
1618 -1 -1 2099 8 0 57 0 0 0 0 0 0 0 1
1619 -1 -1 2098 8 0 76 0 0 13 0 0 0 0 1049 -807 -4369 2513 -2706 6 1
1620 -1 -1 1048 8 0 39 0 0 2 3 11 0 0 524 1228 -1965 -3121 7946 9 262 1696 1467 -3453 -7189 4 131 3481 6692 762 -1508 3 0
1621 0
1622 0
1623 1
1624 -1 -1 1047 8 0 2 19 0 19 0 0 2 0 0
1625 1
1626 -1 -1 2093 8 0 0 7 15 17 33 0 2 7 1
1627 -1 -1 2092 8 0 3 15 59 2 0 2 1 0 1046 3922 1479 694 -4723 1 523 -1357 1775 -1186 -6273 330 0
1628 0
1629 1
1630 -1 -1 2091 8 0 9 0 0 11 24 10 15 1 1
1631 -1 -1 2090 8 0 18 12 9 107 40 4 1 13 1045 2355 2492 -4361 2508 314 0
1632 1
1633 -1 -1 2089 8 0 8 3 28 27 32 6 64 0 1
1634 -1 -1 2088 8 0 2 2 0 13 33 2 1 0 1044 1266 7711 -1327 -6033 19 522 296 -326 -1529 -6702 31 261 3027 -155 2255 -7738 276 0
1635 0
1636 1
1637 -1 -1 1043 8 0 3 0 0 10 0 49 0 0 0
1638 1
1639 -1 -1 2085 8 0 0 0 0 13 1 10 0 2 1
1640 -1 -1 2084 8 0 3 0 0 85 0 0 1 0 1042 -4765 7488 2207 -885 11 521 -480 -2741 1304 2091 23 0
1641 0
1642 1
1643 -1 -1 2083 8 0 4 3 0 13 9 8 37 0 1
1644 -1 -1 2082 8 0 20 4 12 27 17 37 0 0 1041 2625 2432 1269 -6858 27 0
1645 1
1646 -1 -1 2081 8 0 1 16 0 4 3 3 0 0 1
1647 -1 -1 2080 8 0 69 5 10 184 6 11 12 0 1040 -773 4406 3585 -1193 56 520 4454 7783 1159 -3387 26 260 -898 -7002 4128 -7861 287 130 3234 4387 -1924 -5574 25 65 1647 897 4495 -7456 397 0
1648 0
1649 0
1650 0
1651 1
1652 -1 -1 1039 8 0 10 0 0 0 5 1 0 0 1
1653 -1 -1 1038 8 0 29 0 0 23 0 0 3 0 519 -4862 -6914 3015 -5954 2 0
1654 1
1655 -1 -1 1037 8 0 67 0 0 0 0 1 0 0 1
1656 -1 -1 1036 8 0 19 1 8 6 0 0 0 0 518 -3859 -5190 -819 -433 0 259 4484 900 521 -922 1 0
1657 0
1658 0
1659 1
1660 -1 -1 2071 8 0 1 0 2 0 3 2 4 0 1
1661 -1 -1 2070 8 0 1 55 3 13 0 3 0 0 1035 1168 2661 -335 5034 198 0
1662 1
1663 -1 -1 2069 8 0 0 3 2 5 1 0 0 13 1
1664 -1 -1 2068 8 0 8 14 0 34 0 0 0 1 1034 777 -1798 -4143 -2769 206 517 4292 -5047 -2052 5855 49 0
1665 0
1666 1
1667 -1 -1 2067 8 0 7 0 0 6 0 2 48 2 1
1668 -1 -1 2066 8 0 6 0 3 17 0 2 2 0 1033 -3377 6652 4484 7968 257 0
1669 1
1670 -1 -1 2065 8 0 42 3 3 88 3 18 9 10 1
1671 -1 -1 2064 8 0 14 5 21 21 16 11 4 1 1032 1783 -1615 -249 -289 1 516 -2321 5632 1219 5426 7 258 4831 -192 -388 -5351 16 129 1711 -5584 940 7555 400 0
1672 0
1673 0
1674 1
1675 -1 -1 1031 8 0 0 6 0 20 0 0 0 7 0
1676 1
1677 -1 -1 2061 8 0 2 2 0 11 22 4 1 0 1
1678 -1 -1 2060 8 0 4 24 28 11 0 4 6 0 1030 -1851 7904 4161 3705 7 515 1682 -6895 653 -2820 15 0
1679 1
1680 -1 -1 1029 8 0 3 5 4 7 22 1 2 1 0
1681 1
1682 -1 -1 2057 8 0 83 8 1 116 11 91 0 5 1
1683 -1 -1 2056 8 0 230 5 25 86 11 75 1 0 1028 4136 483 -4792 -6041 14 514 1013 -2743 1678 762 42 257 1238 1964 4754 7376 43 0
1684 0
1685 0
1686 1
1687 -1 -1 2055 8 0 32 0 0 10 0 3 0 3 1
1688 -1 -1 2054 8 0 15 2 3 41 0 22 2 4 1027 3229 -2165 1595 7459 400 0
1689 1
1690 -1 -1 2053 8 0 2 2 26 12 17 3 0 9 1
1691 -1 -1 2052 8 0 28 11 1 12 17 15 0 2 1026 -2709 -6609 4434 5277 130 513 -4521 2920 2175 7182 3 0
1692 0
1693 1
1694 -1 -1 2051 8 0 530 3 4 99 0 146 0 0 1
1695 -1 -1 2050 8 0 208 26 20 285 8 49 11 3 1025 3177 2733 -4152 -7089 357 0
1696 1
1697 -1 -1 2049 8 0 642 0 0 151 2 230 1 0 1
1698 -1 -1 2048 8 0 2797 31 31 258 14 62 6 8 1024 -4535 -7050 4209 4773 42 512 -697 4544 -4540 -7625 20 256 1328 -2952 2049 7021 77 128 1780 6781 1432 -227 7 64 3169 3085 2271 7890 104 32 4419 5519 4460 -7095 24 16 3748 -7083 1837 3359 51 8 1650 5139 1280 957 7 4 474 -126 481 5883 137 2 -1078 276 4184 249 139 1 297 256 1314 -5153 134 1 3
