22 serialization::archive 15 0 0 0 0 1 0
0 0 0 0
1 0
2 0
3 0
4 1 1 0
5 -1 -1 63 8 0 4 0 15 1 4 5 0 23 0
6 0
7 1
8 -1 -1 251 8 0 2 5 0 1 9 0 0 0 0
9 1
10 -1 -1 501 8 0 0 0 0 0 3 0 0 0 0
11 1
12 -1 -1 1001 8 0 2 0 0 0 1 0 0 0 0
13 0
14 1
15 -1 -1 4003 8 0 0 0 0 0 0 0 30 0 1
16 -1 -1 4002 8 0 0 0 0 0 0 0 54 0 2001 0 0 -1450 -6413 -990 -7166 229 1
17 -1 -1 2000 8 0 1 0 0 0 0 0 0 0 1000 3609 4448 21 -2102 22 500 1457 -4928 1366 1148 103 250 94 5174 -3837 -3326 385 125 850 7263 -4744 36 30 0
18 1
19 -1 -1 249 8 0 3 2 2 15 4 19 9 1 1
20 -1 -1 248 8 0 14 23 1 2 0 2 1 0 124 433 1560 -4893 3469 3 62 3094 2935 -735 4776 33 31 -2909 1487 -1503 5926 315 0
21 0
22 0
23 1
24 -1 -1 247 8 0 6 0 58 0 0 0 0 0 1
25 -1 -1 246 8 0 7 0 0 1 5 0 4 0 123 3263 741 1731 -6294 17 0
26 1
27 -1 -1 245 8 0 3 3 14 11 1 0 2 12 0
28 0
29 1
30 -1 -1 979 8 0 20 4 0 0 0 0 0 1 1
31 -1 -1 978 8 0 5 37 0 2 0 0 0 7 489 -3670 -970 -4436 7742 6 1
32 -1 -1 488 8 0 26 0 2 6 0 0 3 0 244 -902 5547 -3783 -7473 0 122 -2040 5076 979 -1297 11 61 3933 3482 2228 5414 95 0
33 0
34 0
35 0
36 1
37 -1 -1 975 8 0 12 0 0 13 0 2 7 0 0
38 1
39 -1 -1 1949 8 0 1 0 56 6 0 0 0 0 1
40 -1 -1 1948 8 0 1 0 0 6 0 0 0 0 974 -1814 -3368 -741 -6817 39 487 3834 2970 -4559 4091 30 1
41 -1 -1 486 8 0 15 0 0 19 0 0 0 9 243 4633 4509 -2207 -1603 2 0
42 1
43 -1 -1 485 8 0 10 0 0 2 0 2 20 0 0
44 0
45 1
46 -1 -1 1939 8 0 10 0 0 11 15 0 0 0 1
47 -1 -1 1938 8 0 17 5 0 15 0 0 0 0 969 4823 3604 -2575 -7632 323 0
48 1
49 -1 -1 1937 8 0 1 0 0 1 0 0 1 4 0
50 1
51 -1 -1 3873 8 0 44 0 0 5 0 0 0 0 1
52 -1 -1 3872 8 0 33 1 0 29 0 0 0 0 1936 -2041 1368 3236 3564 0 968 3766 6205 2142 981 242 484 -4674 2374 -308 -5592 92 242 -1148 -7893 -3502 4415 57 121 1265 2572 -4431 -3934 12 0
53 0
54 1
55 -1 -1 483 8 0 15 0 0 7 0 0 0 2 0
56 1
57 -1 -1 965 8 0 12 0 0 2 0 3 1 0 0
58 1
59 -1 -1 1929 8 0 9 0 0 8 0 0 0 0 0
60 1
61 -1 -1 3857 8 0 7 0 0 1 0 1 1 0 1
62 -1 -1 3856 8 0 257 0 0 8 0 0 0 0 1928 44 -4692 -3563 1174 48 964 4840 6809 -3471 -1956 0 482 -4722 7133 -1090 -1075 4 241 -3931 5710 -4061 -1413 4 0
63 1
64 -1 -1 481 8 0 36 0 0 0 0 1 5 0 0
65 1
66 -1 -1 961 8 0 48 1 0 13 0 1 0 0 1
67 -1 -1 960 8 0 21 7 0 30 2 0 0 0 480 -3656 2464 4536 6520 7 240 -3658 -1092 4654 5041 373 120 -418 -3304 1271 6599 17 60 1267 6755 -3980 2256 0 30 1131 -748 -747 7478 174 15 3306 6161 291 1078 13 0
68 0
69 0
70 0
71 0
72 1
73 -1 -1 479 8 0 2 0 0 2 0 0 42 0 1
74 -1 -1 478 8 0 21 4 6 5 6 0 10 0 239 4959 6015 -4069 6032 71 0
75 0
76 1
77 -1 -1 955 8 0 1 0 31 0 1 0 0 0 1
78 -1 -1 954 8 0 28 0 6 1 0 1 0 15 477 4961 1551 -631 -317 20 0
79 0
80 1
81 -1 -1 1907 8 0 0 45 1 1 0 4 0 1 1
82 -1 -1 1906 8 0 0 13 25 0 0 0 0 2 953 3625 6338 -1503 484 39 1
83 -1 -1 952 8 0 3 8 8 5 0 3 1 32 476 2704 2815 4492 1193 75 238 1677 7024 3284 4233 400 119 -2829 3365 3602 -7120 375 0
84 0
85 0
86 1
87 -1 -1 951 8 0 7 3 2 14 6 7 0 0 1
88 -1 -1 950 8 0 2 3 0 0 29 0 0 1 475 3282 1406 1567 -7421 13 1
89 -1 -1 474 8 0 4 1 0 11 2 36 8 1 237 4788 4315 -2883 -1716 44 0
90 0
91 1
92 -1 -1 947 8 0 4 0 0 2 59 0 0 0 1
93 -1 -1 946 8 0 15 0 0 5 9 2 0 1 473 -1367 -963 2684 -1073 18 0
94 0
95 1
96 -1 -1 1891 8 0 0 0 41 0 0 0 0 0 1
97 -1 -1 1890 8 0 1 0 0 4 7 0 0 50 945 -3526 -2495 1415 -2572 398 0
98 0
99 1
100 -1 -1 3779 8 0 9 2 11 16 47 0 3 1 1
101 -1 -1 3778 8 0 5 37 16 57 21 0 0 31 1889 4318 7251 2989 3921 172 0
102 1
103 -1 -1 3777 8 0 30 4 0 1 1 0 0 11 1
104 -1 -1 3776 8 0 32 5 113 51 38 5 0 3 1888 2373 7641 -1691 1760 18 944 3469 7543 659 4451 10 472 4192 -4246 -247 -1323 220 236 4981 -19 2824 3359 19 118 2969 4226 -4118 5808 28 59 2985 7732 -1018 4716 360 0
105 0
106 0
107 1
108 -1 -1 471 8 0 33 1 0 2 0 0 8 11 0
109 0
110 0
111 1
112 -1 -1 3767 8 0 1 0 0 0 0 109 0 0 1
113 -1 -1 3766 8 0 2 0 0 0 0 0 0 0 1883 -180 850 -3786 -2901 131 1
114 -1 -1 1882 8 0 4 0 0 0 0 0 0 0 941 -4583 -6520 3818 -1996 76 0
115 1
116 -1 -1 1881 8 0 0 0 0 13 0 33 0 0 0
117 1
118 -1 -1 3761 8 0 86 0 0 1 0 14 0 0 1
119 -1 -1 3760 8 0 17 0 0 11 0 0 0 0 1880 2289 5158 4881 197 15 940 -2470 1331 4425 1750 35 470 -1967 -7408 2634 -3453 394 235 3153 4830 1055 1401 10 0
120 0
121 1
122 -1 -1 939 8 0 4 3 0 4 0 7 0 0 0
123 1
124 -1 -1 1877 8 0 22 0 0 0 0 0 0 0 1
125 -1 -1 1876 8 0 23 0 0 31 0 0 0 1 938 -2556 5315 4709 5540 11 469 -3300 6896 2188 5770 24 0
126 1
127 -1 -1 937 8 0 55 1 0 3 0 2 0 0 0
128 1
129 -1 -1 1873 8 0 34 5 0 9 3 3 0 0 0
130 1
131 -1 -1 3745 8 0 7 0 0 0 3 0 0 0 1
132 -1 -1 3744 8 0 4 54 1 5 0 0 0 0 1872 3897 7725 4127 -1742 80 936 559 -189 4136 5787 14 468 4581 -397 237 358 4 234 -3145 2577 1664 -415 0 117 -1508 6521 -238 736 0 0
133 1
134 -1 -1 233 8 0 25 0 0 11 18 5 0 3 0
135 0
136 0
137 1
138 -1 -1 1863 8 0 0 0 0 1 0 0 0 0 0
139 1
140 -1 -1 3725 8 0 0 0 10 0 0 0 0 0 1
141 -1 -1 3724 8 0 0 0 71 0 0 0 0 0 1862 758 -5536 1108 -7337 52 931 4085 -7073 -1202 6725 289 1
142 -1 -1 930 8 0 14 3 0 2 0 0 0 0 465 -2432 5901 1264 995 6 1
143 -1 -1 464 8 0 5 1 7 6 1 1 0 17 232 1465 -3183 668 6590 0 116 4989 5730 -1227 -3903 389 58 4863 4807 3396 -7275 400 29 4096 7721 -1928 2779 1 0
144 0
145 0
146 0
147 1
148 -1 -1 463 8 0 0 14 0 3 0 1 15 2 0
149 0
150 1
151 -1 -1 1851 8 0 0 0 3 3 0 0 0 0 0
152 1
153 -1 -1 3701 8 0 0 0 0 1 0 0 0 0 1
154 -1 -1 3700 8 0 0 0 0 0 0 0 0 73 1850 119 -271 2299 5255 239 925 -2007 633 725 -7737 364 1
155 -1 -1 924 8 0 0 0 0 0 5 0 6 3 462 3184 3369 -397 -6656 42 231 -2659 4129 -4910 -6303 293 0
156 1
157 -1 -1 461 8 0 0 0 0 3 1 2 15 11 0
158 1
159 -1 -1 921 8 0 0 0 0 3 0 0 1 0 0
160 0
161 1
162 -1 -1 3683 8 0 0 0 0 0 0 0 31 0 1
163 -1 -1 3682 8 0 0 0 0 0 0 0 61 0 1841 4 6310 -224 -7896 313 1
164 -1 -1 1840 8 0 0 0 0 2 0 0 5 0 920 1977 7342 -1523 3115 98 460 1267 1622 -3967 1467 272 230 -175 1769 -873 -6513 34 115 -2727 7867 -1119 -7706 398 0
165 0
166 1
167 -1 -1 459 8 0 1 1 0 12 32 0 6 1 0
168 0
169 0
170 1
171 -1 -1 3671 8 0 4 0 0 0 0 150 0 0 1
172 -1 -1 3670 8 0 11 0 0 14 0 75 4 0 1835 -3457 -7280 3481 -4257 363 1
173 -1 -1 1834 8 0 0 0 0 1 3 0 4 0 917 -1959 6568 -3266 -166 8 0
174 0
175 1
176 -1 -1 3667 8 0 1 0 6 0 0 0 0 0 1
177 -1 -1 3666 8 0 0 0 2 18 0 47 0 5 1833 2738 1866 1576 7601 23 1
178 -1 -1 1832 8 0 0 7 8 13 0 3 2 19 916 -1530 8 -2455 -104 2 458 2924 1988 -3679 4028 11 229 -3303 5798 -4427 -4946 190 0
179 0
180 1
181 -1 -1 915 8 0 0 0 45 6 5 0 0 0 1
182 -1 -1 914 8 0 0 17 6 6 0 0 12 0 457 -4464 7883 -2475 -5345 14 0
183 0
184 1
185 -1 -1 1827 8 0 1 0 0 0 2 2 4 24 1
186 -1 -1 1826 8 0 2 0 0 15 24 1 0 4 913 -2317 3758 1424 6563 0 0
187 1
188 -1 -1 1825 8 0 1 26 1 0 0 8 0 1 0
189 1
190 -1 -1 3649 8 0 0 0 0 3 0 0 3 17 1
191 -1 -1 3648 8 0 0 4 9 12 0 8 15 0 1824 -1047 7664 157 -2520 172 912 -2730 -3854 1181 -3258 390 456 -1371 2159 -4122 -4443 26 228 655 -5605 950 -2005 7 114 -3152 -5246 -4069 -5663 2 57 2287 5904 -2366 -3372 209 0
192 0
193 0
194 0
195 0
196 0
197 1
198 -1 -1 3647 8 0 2 0 0 0 0 0 0 16 1
199 -1 -1 3646 8 0 1 74 3 4 0 0 0 9 1823 -1352 1091 -4070 1480 398 0
200 1
201 -1 -1 3645 8 0 0 0 8 0 0 0 0 12 1
202 -1 -1 3644 8 0 1 12 0 28 0 15 2 14 1822 1382 -1023 3561 5691 384 911 -3786 3408 4672 400 386 0
203 1
204 -1 -1 1821 8 0 11 0 1 3 0 3 1 41 1
205 -1 -1 1820 8 0 0 0 0 1 4 0 6 3 910 298 -307 -4333 -7327 394 455 -4366 7089 -4140 1468 17 0
206 1
207 -1 -1 909 8 0 20 8 0 12 0 2 0 2 1
208 -1 -1 908 8 0 0 0 0 1 0 0 47 4 454 -36 753 4457 -7776 395 227 -3845 7520 2916 1248 17 0
209 0
210 0
211 1
212 -1 -1 1815 8 0 0 2 0 0 0 0 0 31 1
213 -1 -1 1814 8 0 0 0 7 31 7 1 0 6 907 -4441 -4202 2713 2032 378 1
214 -1 -1 906 8 0 2 11 0 6 0 28 2 1 453 -3993 6042 708 1756 1 0
215 1
216 -1 -1 905 8 0 4 38 1 15 1 0 2 6 0
217 1
218 -1 -1 1809 8 0 4 0 1 11 9 2 7 5 0
219 1
220 -1 -1 3617 8 0 49 5 3 8 6 0 0 44 1
221 -1 -1 3616 8 0 16 9 13 63 4 1 5 524 1808 -187 1217 -1620 7060 2 904 4693 -5129 1134 -2788 11 452 -4944 -4804 -3204 -517 2 226 3796 7925 -138 7582 22 113 -4519 7498 -1934 7886 1 0
222 0
223 0
224 1
225 -1 -1 903 8 0 11 8 0 3 6 0 27 0 0
226 1
227 -1 -1 1805 8 0 5 3 0 8 0 0 0 0 0
228 1
229 -1 -1 3609 8 0 1 6 0 3 0 0 0 1 1
230 -1 -1 3608 8 0 1 75 0 0 0 0 0 0 1804 181 1856 130 -7201 400 902 -679 -7649 1932 4064 13 451 4696 1626 2952 -6362 36 0
231 1
232 -1 -1 901 8 0 3 0 0 1 0 0 0 22 0
233 1
234 -1 -1 1801 8 0 12 0 0 1 0 1 0 8 0
235 1
236 -1 -1 3601 8 0 0 2 0 14 2 0 0 0 1
237 -1 -1 3600 8 0 38 25 0 19 2 5 0 1 1800 2578 -5383 458 4206 10 900 -1473 7980 -4576 -5469 327 450 2487 -1148 -3320 2912 115 225 -4291 -7833 241 -147 4 0
238 0
239 0
240 1
241 -1 -1 1799 8 0 0 1 0 8 2 1 0 55 1
242 -1 -1 1798 8 0 3 0 0 0 3 0 0 1 899 -656 4960 -2431 -6396 11 1
243 -1 -1 898 8 0 2 6 1 15 0 2 0 2 449 -2300 5102 4845 4959 400 0
244 0
245 1
246 -1 -1 1795 8 0 1 2 2 40 0 14 0 2 0
247 1
248 -1 -1 3589 8 0 6 0 0 28 0 71 0 0 1
249 -1 -1 3588 8 0 11 3 0 2 0 12 0 0 1794 -4540 4672 -3241 -4336 9 897 -2134 3320 -1474 2932 1 0
250 0
251 1
252 -1 -1 3587 8 0 0 0 0 7 0 2 0 14 1
253 -1 -1 3586 8 0 16 56 0 15 0 21 0 2 1793 -2960 -2421 -4714 -3090 227 1
254 -1 -1 1792 8 0 15 3 13 3 0 2 0 5 896 427 7651 2659 -5009 4 448 -703 7164 643 -3262 27 224 -1620 7044 -2935 -468 55 112 1497 1474 661 5790 0 56 -4017 7650 -3688 -6575 85 28 4695 5714 -679 664 25 14 4752 7361 -2301 -3794 367 7 -2032 -3861 -2106 7435 3 0
255 0
256 0
257 0
258 0
259 1
260 -1 -1 223 8 0 0 33 0 0 0 0 0 1 1
261 -1 -1 222 8 0 1 6 1 6 19 0 23 0 111 -2992 4417 4430 -4146 356 0
262 0
263 1
264 -1 -1 443 8 0 2 21 2 10 1 0 6 10 0
265 0
266 1
267 -1 -1 1771 8 0 0 0 0 3 0 2 0 0 0
268 1
269 -1 -1 3541 8 0 1 2 1 0 2 0 0 9 1
270 -1 -1 3540 8 0 0 1 0 2 0 0 0 259 1770 3725 5926 -2441 -5113 2 885 -1046 -6312 -4212 -5010 5 1
271 -1 -1 884 8 0 0 11 0 7 0 0 0 15 442 -1252 6135 606 -6606 301 221 -3533 5489 -3392 -7723 365 0
272 0
273 1
274 -1 -1 883 8 0 0 0 48 0 1 0 9 9 1
275 -1 -1 882 8 0 1 17 2 0 2 0 0 0 441 933 727 -4049 -5251 15 0
276 1
277 -1 -1 881 8 0 0 0 0 3 0 0 0 39 1
278 -1 -1 880 8 0 0 0 8 13 0 0 2 6 440 -898 2081 -3045 -5435 47 220 191 550 -4577 -7327 322 110 -4609 6381 833 -1061 40 55 -4550 -7385 280 3336 8 0
279 0
280 0
281 0
282 1
283 -1 -1 879 8 0 0 31 2 7 3 0 0 0 1
284 -1 -1 878 8 0 1 0 33 4 14 0 2 5 439 -1312 5491 -461 -2401 43 0
285 1
286 -1 -1 877 8 0 0 0 1 2 12 0 2 0 0
287 1
288 -1 -1 1753 8 0 0 22 1 18 0 0 0 0 0
289 1
290 -1 -1 3505 8 0 0 0 0 2 0 0 0 4 1
291 -1 -1 3504 8 0 0 347 1 3 0 0 0 1 1752 1816 -4481 -184 725 369 876 -63 -3245 -1146 -4289 1 438 1402 2020 885 -7952 326 219 4666 7935 -4892 2164 60 0
292 1
293 -1 -1 437 8 0 0 21 1 0 0 0 0 45 1
294 -1 -1 436 8 0 1 10 6 5 5 0 1 1 218 -3470 4623 -966 -990 23 109 604 5883 -4925 2204 0 0
295 0
296 1
297 -1 -1 435 8 0 0 33 2 1 0 0 0 5 0
298 0
299 0
300 1
301 -1 -1 3479 8 0 0 0 0 3 0 0 0 0 1
302 -1 -1 3478 8 0 0 0 0 0 0 0 0 103 1739 -908 -4047 2200 -5139 204 1
303 -1 -1 1738 8 0 0 2 0 1 0 0 0 0 869 -4067 5474 878 237 13 1
304 -1 -1 868 8 0 0 16 0 1 7 0 1 6 434 -5 2146 -3198 -4725 1 217 2267 6805 -3477 -5043 254 0
305 1
306 -1 -1 433 8 0 0 0 0 5 0 2 0 48 0
307 0
308 1
309 -1 -1 1731 8 0 0 4 0 0 1 0 0 1 0
310 1
311 -1 -1 3461 8 0 0 0 1 1 0 0 0 4 1
312 -1 -1 3460 8 0 0 0 78 1 0 0 0 0 1730 2592 -4249 -2039 -7797 203 865 -3898 6475 1487 1141 258 1
313 -1 -1 864 8 0 0 0 0 7 1 0 0 13 432 4592 -5186 -2998 -5182 0 216 -1909 1660 -1129 7238 17 108 704 1131 668 -7203 212 54 -837 7813 -3658 848 24 27 -4277 7116 18 -7589 315 0
314 0
315 0
316 0
317 1
318 -1 -1 431 8 0 2 0 19 0 0 2 5 2 1
319 -1 -1 430 8 0 2 27 0 4 0 1 1 10 215 150 1041 -3357 -4802 344 0
320 1
321 -1 -1 429 8 0 7 17 4 2 2 13 22 0 0
322 1
323 -1 -1 857 8 0 4 0 0 9 6 0 0 17 0
324 1
325 -1 -1 1713 8 0 3 1 0 1 2 0 1 15 0
326 1
327 -1 -1 3425 8 0 2 0 0 4 0 0 7 10 1
328 -1 -1 3424 8 0 3 0 0 2 26 0 326 5 1712 -4614 -7420 2216 -7830 58 856 1959 -5640 -4860 -2098 333 428 -2187 4083 4869 6113 112 214 -2259 -3519 -4201 4922 239 107 -1153 1157 3235 -2487 243 0
329 0
330 0
331 1
332 -1 -1 855 8 0 0 0 0 3 1 10 0 0 0
333 1
334 -1 -1 1709 8 0 2 1 0 0 0 0 0 0 0
335 1
336 -1 -1 3417 8 0 1 0 2 0 0 3 6 32 1
337 -1 -1 3416 8 0 0 0 0 1 0 0 0 78 1708 42 -781 2957 7976 234 854 -1781 -6679 -2698 -2154 230 427 802 -4317 -1358 6557 9 0
338 1
339 -1 -1 853 8 0 7 0 8 13 17 1 2 2 0
340 0
341 1
342 -1 -1 3411 8 0 6 0 0 6 1 0 20 4 1
343 -1 -1 3410 8 0 6 2 1 0 0 0 0 36 1705 4629 89 3821 6138 259 0
344 1
345 -1 -1 3409 8 0 0 5 6 2 0 1 0 1 1
346 -1 -1 3408 8 0 2 2 0 8 0 0 59 1 1704 -1234 4534 -4889 -1707 39 852 3068 -1403 2003 4478 222 426 135 -4821 -4249 4603 34 213 -916 2369 -328 -3423 22 0
347 0
348 0
349 1
350 -1 -1 1703 8 0 5 1 0 17 5 6 1 1 1
351 -1 -1 1702 8 0 3 2 14 0 8 0 10 5 851 -1953 -4026 -3294 6969 5 0
352 0
353 1
354 -1 -1 3403 8 0 1 0 0 2 0 0 0 0 1
355 -1 -1 3402 8 0 0 0 3 1 97 0 0 0 1701 -2561 -4774 -1358 -156 8 1
356 -1 -1 1700 8 0 3 9 5 7 24 0 5 1 850 2460 3028 -2791 3841 243 425 4936 -1006 2071 7742 247 0
357 1
358 -1 -1 849 8 0 5 5 0 22 0 7 0 25 0
359 1
360 -1 -1 1697 8 0 3 4 33 2 1 0 0 12 0
361 1
362 -1 -1 3393 8 0 1 1 15 7 0 1 36 1 1
363 -1 -1 3392 8 0 2 13 1 7 4 4 2 1 1696 1896 1629 3101 7775 74 848 4629 -6873 -2845 1331 209 424 -3872 -224 571 -7813 318 212 524 -1868 -2791 7392 212 106 81 -971 3497 -7148 227 53 4532 -3167 2623 2263 280 0
364 0
365 1
366 -1 -1 211 8 0 1 0 13 0 0 0 38 0 0
367 0
368 1
369 -1 -1 843 8 0 19 0 0 0 0 4 26 1 1
370 -1 -1 842 8 0 16 0 0 2 0 0 0 43 421 -2846 -7494 229 -3365 20 0
371 0
372 1
373 -1 -1 1683 8 0 30 0 4 1 2 0 18 0 1
374 -1 -1 1682 8 0 50 5 1 0 0 0 0 1 841 1655 173 -2725 2599 14 1
375 -1 -1 840 8 0 22 0 2 5 3 0 0 22 420 2554 -3324 -4631 5081 0 210 -3365 -6735 -3234 3865 27 105 605 -2492 -9 177 15 0
376 0
377 0
378 0
379 1
380 -1 -1 1679 8 0 7 0 0 12 0 0 0 0 1
381 -1 -1 1678 8 0 3 2 1 3 0 7 1 38 839 -4681 -5985 -4146 4341 8 0
382 0
383 1
384 -1 -1 3355 8 0 0 3 11 3 0 1 29 0 1
385 -1 -1 3354 8 0 3 0 4 0 18 0 8 2 1677 1534 1991 1047 -4149 18 0
386 1
387 -1 -1 3353 8 0 0 1 25 0 14 4 0 1 1
388 -1 -1 3352 8 0 4 11 18 25 1 0 0 0 1676 -808 -1229 -4021 2453 184 838 -67 395 -2546 -3303 71 419 -1506 4514 3402 2524 260 0
389 0
390 0
391 1
392 -1 -1 3351 8 0 8 15 6 1 0 0 1 3 1
393 -1 -1 3350 8 0 8 11 2 5 0 2 23 46 1675 -2743 -151 -718 -3730 371 0
394 1
395 -1 -1 3349 8 0 13 32 6 14 0 0 18 20 1
396 -1 -1 3348 8 0 8 147 3 14 0 0 0 4 1674 -2550 3594 -3076 7860 332 837 -1116 1046 1148 5505 363 0
397 0
398 1
399 -1 -1 3347 8 0 3 7 15 4 0 0 0 234 1
400 -1 -1 3346 8 0 1 18 43 13 1 1 11 20 1673 -3454 -983 3489 7300 15 0
401 1
402 -1 -1 3345 8 0 4 71 0 42 0 0 0 9 1
403 -1 -1 3344 8 0 2 3 7 3 0 0 20 31 1672 -212 -4045 -4707 7356 8 836 -2615 1309 -4911 -5895 209 418 -3071 1436 4103 3885 313 209 4731 -6935 -4132 7476 3 0
404 0
405 0
406 0
407 1
408 -1 -1 3343 8 0 6 1 0 2 2 0 119 7 1
409 -1 -1 3342 8 0 1 0 6 0 0 0 3 6 1671 -20 -220 2427 -6004 381 1
410 -1 -1 1670 8 0 3 1 0 1 0 0 0 19 835 130 -7375 3157 1661 0 0
411 0
412 1
413 -1 -1 3339 8 0 3 10 139 5 2 0 2 13 1
414 -1 -1 3338 8 0 3 131 108 10 0 0 3 5 1669 4677 7545 4885 -1096 15 0
415 1
416 -1 -1 3337 8 0 0 67 0 1 2 0 33 0 1
417 -1 -1 3336 8 0 8 89 201 22 137 3 136 74 1668 -4202 6976 3767 -6802 290 834 -1138 6629 4439 -4652 298 417 108 4133 4210 6000 384 0
418 0
419 0
420 1
421 -1 -1 3335 8 0 0 1 11 6 1 0 9 0 1
422 -1 -1 3334 8 0 0 225 19 27 2 4 2 0 1667 89 2628 -1573 -2125 310 0
423 1
424 -1 -1 3333 8 0 0 29 3 4 0 0 1 0 1
425 -1 -1 3332 8 0 1 1 9 2 77 0 5 1 1666 1721 5068 -2459 3484 4 833 2203 7697 -2246 7072 2 0
426 0
427 1
428 -1 -1 3331 8 0 0 37 4 8 0 2 1 8 1
429 -1 -1 3330 8 0 0 28 3 36 17 0 200 8 1665 -4424 734 658 -5038 342 0
430 1
431 -1 -1 3329 8 0 1 15 21 28 49 0 3 16 1
432 -1 -1 3328 8 0 4 312 64 57 40 6 104 86 1664 -1372 -8000 281 -787 8 832 25 3273 1695 -5261 266 416 2216 7377 1275 -5386 290 208 -716 487 -4334 -455 243 104 -3149 1349 -3533 7600 9 52 734 -38 275 5042 400 26 4375 -2416 2205 7245 29 13 -4098 7784 -331 732 24 0
433 0
434 0
435 0
436 0
437 0
438 0
439 1
440 -1 -1 1663 8 0 3 56 0 0 0 0 0 10 1
441 -1 -1 1662 8 0 1 0 3 5 0 1 0 26 831 4401 1416 -1243 7804 398 0
442 1
443 -1 -1 1661 8 0 0 0 0 2 0 0 0 2 0
444 1
445 -1 -1 3321 8 0 0 2 0 0 0 0 0 0 1
446 -1 -1 3320 8 0 0 79 0 0 0 0 0 0 1660 -3759 -2353 4981 5745 196 830 -4898 351 4184 -7904 362 415 1918 337 975 7841 2 1
447 -1 -1 414 8 0 8 0 0 2 6 1 14 3 207 811 -6864 4569 -7239 0 0
448 0
449 1
450 -1 -1 827 8 0 7 6 0 4 0 3 3 9 0
451 1
452 -1 -1 1653 8 0 1 2 0 4 0 0 0 0 0
453 1
454 -1 -1 3305 8 0 0 0 0 1 0 1 0 0 1
455 -1 -1 3304 8 0 0 0 1 0 1 0 0 130 1652 2292 170 1879 1830 392 826 -3573 6511 4637 -3782 336 413 -1893 -596 -4105 7487 393 0
456 1
457 -1 -1 825 8 0 20 1 0 4 0 7 14 3 1
458 -1 -1 824 8 0 2 10 1 0 0 0 1 7 412 -1010 -3 1578 7454 1 206 -1739 -1873 -4971 -7891 364 103 3448 3514 2227 -2189 392 0
459 0
460 0
461 1
462 -1 -1 823 8 0 0 61 2 0 2 3 0 0 1
463 -1 -1 822 8 0 0 0 6 1 0 0 0 2 411 4308 633 -1896 -4094 28 1
464 -1 -1 410 8 0 2 6 0 4 25 0 9 0 205 -621 6981 -2854 491 8 0
465 1
466 -1 -1 409 8 0 4 0 3 19 0 23 1 3 0
467 1
468 -1 -1 817 8 0 4 18 2 13 0 1 0 0 0
469 1
470 -1 -1 1633 8 0 42 1 1 19 0 2 0 0 1
471 -1 -1 1632 8 0 1 0 1 5 0 9 0 0 816 -904 845 -4086 7274 2 408 1850 759 -1062 2563 16 204 -3450 7617 1503 -2346 16 102 3502 3675 954 -997 28 51 -679 -400 -3083 3172 202 0
472 0
473 0
474 0
475 1
476 -1 -1 815 8 0 7 0 0 0 2 0 4 0 0
477 1
478 -1 -1 1629 8 0 7 1 1 2 0 0 0 4 1
479 -1 -1 1628 8 0 8 0 55 3 1 0 0 0 814 -1227 6155 2888 3175 0 407 701 671 2735 -3985 395 1
480 -1 -1 406 8 0 22 21 0 10 1 0 0 3 203 75 307 -3808 -5580 45 0
481 0
482 1
483 -1 -1 811 8 0 12 0 17 0 2 0 0 1 0
484 1
485 -1 -1 1621 8 0 2 0 8 0 0 2 3 0 0
486 1
487 -1 -1 3241 8 0 4 14 0 7 0 27 0 0 1
488 -1 -1 3240 8 0 40 0 0 24 0 51 0 0 1620 4168 -3751 2493 -5520 6 810 4692 5000 1610 1584 16 405 4177 4344 1834 7599 135 0
489 1
490 -1 -1 809 8 0 25 3 6 11 0 13 0 0 0
491 1
492 -1 -1 1617 8 0 32 0 0 6 0 3 0 0 0
493 1
494 -1 -1 3233 8 0 18 1 0 2 0 1 0 0 1
495 -1 -1 3232 8 0 33 0 0 58 0 1 0 0 1616 3346 5984 -4528 4819 391 808 -2253 2292 3797 6140 20 404 -1100 -1710 -4226 -2733 111 202 2842 4637 -2693 -1612 18 101 867 93 1939 6067 99 0
496 0
497 0
498 1
499 -1 -1 807 8 0 3 0 0 10 0 18 15 5 1
500 -1 -1 806 8 0 1 16 14 4 7 5 0 0 403 2030 -3400 -3449 -6329 28 0
501 1
502 -1 -1 805 8 0 4 0 0 17 2 2 3 0 0
503 1
504 -1 -1 1609 8 0 3 1 0 9 0 1 0 0 0
505 1
506 -1 -1 3217 8 0 3 0 0 0 0 46 0 0 1
507 -1 -1 3216 8 0 5 0 0 16 0 25 0 0 1608 1601 7682 2673 4509 19 804 -3354 -6318 -4858 7284 243 402 1944 740 -948 -2703 19 201 3450 -1405 -525 -958 6 0
508 0
509 0
510 1
511 -1 -1 1607 8 0 4 0 0 11 0 5 0 3 0
512 1
513 -1 -1 3213 8 0 0 0 0 0 0 0 0 57 1
514 -1 -1 3212 8 0 1 0 0 12 0 0 0 11 1606 -3189 1745 -4441 7116 383 803 1939 -3926 -1856 -1779 55 1
515 -1 -1 802 8 0 4 11 0 11 0 0 0 0 401 2756 -1583 -4194 907 2 0
516 1
517 -1 -1 801 8 0 8 3 0 0 3 1 47 0 0
518 1
519 -1 -1 1601 8 0 0 0 7 0 0 0 5 12 0
520 1
521 -1 -1 3201 8 0 7 0 11 2 6 9 0 2 1
522 -1 -1 3200 8 0 11 10 2 36 0 11 10 1 1600 -4557 7366 -1941 707 14 800 -1101 3371 -3570 -412 227 400 2334 7428 -3815 -644 379 200 -731 2228 -989 -5267 381 100 386 -2687 4471 -5824 4 50 673 1496 1271 4477 0 25 273 -975 3963 -3877 159 0
523 0
524 0
525 0
526 0
527 0
528 0
529 1
530 -1 -1 3199 8 0 0 9 5 3 47 0 0 0 1
531 -1 -1 3198 8 0 0 46 4 0 0 2 0 0 1599 4404 5215 2478 -7811 377 0
532 1
533 -1 -1 3197 8 0 0 0 27 2 0 0 3 0 1
534 -1 -1 3196 8 0 1 195 62 1 0 0 0 0 1598 -2454 7497 4280 -5029 390 799 6 1457 -3140 -5858 331 0
535 1
536 -1 -1 1597 8 0 0 0 7 3 2 0 2 11 1
537 -1 -1 1596 8 0 0 0 68 0 0 0 0 0 798 -1368 891 3940 1775 280 399 -1461 7797 4334 -7188 342 0
538 0
539 1
540 -1 -1 1595 8 0 0 1 7 6 25 2 12 0 0
541 1
542 -1 -1 3189 8 0 0 6 0 9 0 0 0 0 1
543 -1 -1 3188 8 0 0 0 60 7 0 1 0 2 1594 -2655 -442 -4365 2241 1 797 240 2844 2233 -4590 347 0
544 0
545 1
546 -1 -1 3187 8 0 0 16 0 0 1 0 2 0 1
547 -1 -1 3186 8 0 0 5 20 27 0 8 3 8 1593 -467 -6527 822 5486 240 0
548 1
549 -1 -1 3185 8 0 0 0 0 3 0 0 0 37 1
550 -1 -1 3184 8 0 2 6 0 21 1 2 0 7 1592 4049 5485 -3012 2028 231 796 1969 3912 -2162 -3398 6 398 -629 2334 -2492 -6979 328 199 1700 6773 3538 -2459 342 0
551 0
552 0
553 0
554 1
555 -1 -1 3183 8 0 0 13 0 39 9 0 1 0 1
556 -1 -1 3182 8 0 0 5 32 0 3 2 0 6 1591 1861 2435 -1490 -6425 332 0
557 1
558 -1 -1 3181 8 0 4 0 0 2 0 5 4 0 1
559 -1 -1 3180 8 0 1 0 1 126 0 14 0 0 1590 4094 -1114 -3566 -6446 381 795 870 731 4867 -4120 324 0
560 0
561 1
562 -1 -1 3179 8 0 0 69 7 25 32 11 0 1 1
563 -1 -1 3178 8 0 0 9 42 19 91 2 0 0 1589 -1740 6932 763 -6952 330 0
564 1
565 -1 -1 3177 8 0 4 0 0 27 4 0 0 0 1
566 -1 -1 3176 8 0 2 269 40 47 9 12 0 0 1588 -4602 811 -998 7891 11 794 3527 6421 3977 1287 7 397 3320 -2171 -3748 -6998 335 0
567 1
568 -1 -1 793 8 0 1 2 32 6 0 0 1 1 0
569 0
570 1
571 -1 -1 3171 8 0 2 0 1 4 2 0 0 15 1
572 -1 -1 3170 8 0 8 1 0 37 0 34 2 0 1585 -2762 4820 3724 7635 292 0
573 1
574 -1 -1 3169 8 0 0 1 0 37 0 14 1 3 1
575 -1 -1 3168 8 0 1 17 1 104 2 0 1 0 1584 4346 3737 4149 4749 2 792 2886 -2051 2191 -7414 320 396 -879 7420 -3798 4091 283 198 -3111 6153 -4604 -6577 288 99 3034 7815 -696 1510 31 0
576 0
577 0
578 0
579 1
580 -1 -1 1583 8 0 4 2 0 5 0 4 8 3 1
581 -1 -1 1582 8 0 40 0 0 4 0 1 0 9 791 -1069 1154 1485 -1235 11 1
582 -1 -1 790 8 0 4 0 0 0 27 0 0 4 395 4432 5001 4905 247 0 0
583 0
584 0
585 1
586 -1 -1 3159 8 0 1 9 0 7 1 13 7 0 1
587 -1 -1 3158 8 0 0 1 70 3 13 0 0 3 1579 55 23 -2281 -1036 354 0
588 1
589 -1 -1 3157 8 0 0 16 47 9 26 0 3 64 1
590 -1 -1 3156 8 0 0 0 0 11 34 3 0 145 1578 1716 202 -142 -950 3 789 3655 6792 -3591 -4868 363 0
591 0
592 1
593 -1 -1 3155 8 0 0 0 27 4 1 0 0 1 1
594 -1 -1 3154 8 0 0 135 13 27 1 0 69 221 1577 3682 -3143 337 7472 300 0
595 1
596 -1 -1 3153 8 0 0 0 56 5 11 0 6 6 1
597 -1 -1 3152 8 0 5 135 24 18 8 0 26 7 1576 -42 1370 -2651 -1687 328 788 2151 4262 2753 -6771 299 394 4874 378 -3755 1028 308 197 22 690 -3139 7481 399 0
598 0
599 0
600 0
601 1
602 -1 -1 3151 8 0 0 0 3 6 0 0 0 4 1
603 -1 -1 3150 8 0 0 2 109 3 0 0 0 0 1575 3182 -5476 -2697 -3965 207 1
604 -1 -1 1574 8 0 0 3 0 19 0 3 0 1 787 3001 3775 -4331 -6553 311 0
605 1
606 -1 -1 1573 8 0 2 45 0 9 0 3 3 6 0
607 1
608 -1 -1 3145 8 0 0 0 31 2 0 0 1 0 1
609 -1 -1 3144 8 0 0 6 8 15 2 1 64 61 1572 -3258 -4629 -1749 -7028 356 786 363 4235 -370 -4138 69 393 3529 916 -4071 6289 19 0
610 0
611 1
612 -1 -1 1571 8 0 9 6 0 9 6 0 0 2 0
613 1
614 -1 -1 3141 8 0 5 0 0 12 0 7 0 3 1
615 -1 -1 3140 8 0 5 0 0 12 0 69 0 0 1570 -3995 -771 -4767 -5927 73 785 4570 -7281 -4443 79 398 0
616 1
617 -1 -1 1569 8 0 0 4 26 5 3 1 0 0 0
618 1
619 -1 -1 3137 8 0 5 4 9 87 0 10 0 0 1
620 -1 -1 3136 8 0 9 9 1 10 1 1 3 0 1568 -1906 3789 265 -7938 9 784 -850 2515 387 -713 30 392 4807 -7983 3827 1862 25 196 3673 7284 -986 -1504 47 98 -456 721 -4047 3243 59 49 -2970 6178 4271 -7461 18 0
621 0
622 1
623 -1 -1 195 8 0 17 0 2 3 0 3 12 0 0
624 0
625 0
626 1
627 -1 -1 1559 8 0 0 0 3 0 0 0 0 11 1
628 -1 -1 1558 8 0 0 0 67 0 0 0 0 0 779 -386 7934 934 -6373 389 1
629 -1 -1 778 8 0 0 0 0 1 15 1 0 0 389 -2064 6142 -1606 -7520 233 0
630 1
631 -1 -1 777 8 0 4 3 0 2 0 4 0 2 0
632 0
633 1
634 -1 -1 3107 8 0 0 0 13 2 0 0 0 26 1
635 -1 -1 3106 8 0 0 0 0 8 0 0 0 126 1553 4658 -7011 3102 1578 395 1
636 -1 -1 1552 8 0 0 0 15 9 1 2 0 8 776 3739 -3178 -3394 2445 220 388 -4201 -6568 1127 7360 26 194 -1879 5357 -3298 -1069 200 97 -604 -319 -2473 -5822 356 0
637 0
638 0
639 1
640 -1 -1 775 8 0 0 0 1 0 0 0 0 24 0
641 0
642 1
643 -1 -1 3099 8 0 1 16 0 3 3 3 4 0 1
644 -1 -1 3098 8 0 0 25 389 21 51 0 7 0 1549 -112 7060 -3555 1043 374 0
645 1
646 -1 -1 3097 8 0 5 10 170 16 246 3 21 0 1
647 -1 -1 3096 8 0 4 79 104 24 49 4 1 7 1548 4840 1036 3050 -1680 2 774 393 7505 -1212 1007 32 387 -3238 5132 3184 775 395 0
648 0
649 0
650 1
651 -1 -1 3095 8 0 2 9 8 9 0 1 0 54 1
652 -1 -1 3094 8 0 2 1 9 10 0 0 8 2 1547 -1174 -2646 -229 -6484 224 0
653 1
654 -1 -1 3093 8 0 0 113 30 5 0 0 13 1 1
655 -1 -1 3092 8 0 1 7 30 15 3 0 12 5 1546 1304 -2414 -4819 -5931 191 773 466 432 711 4925 8 0
656 0
657 1
658 -1 -1 3091 8 0 5 11 116 8 250 0 0 44 1
659 -1 -1 3090 8 0 2 24 247 61 96 0 53 8 1545 2350 1338 -3590 5535 55 0
660 1
661 -1 -1 3089 8 0 3 263 64 50 27 17 64 8 1
662 -1 -1 3088 8 0 8 188 303 175 357 3 192 24 1544 2480 -638 -34 -2584 219 772 4836 4194 81 -6807 278 386 -1957 -2965 4594 2419 22 193 -1473 7185 -4101 -1320 238 0
663 0
664 0
665 1
666 -1 -1 1543 8 0 2 3 35 0 0 11 0 1 0
667 1
668 -1 -1 3085 8 0 1 7 1 18 0 0 86 1 1
669 -1 -1 3084 8 0 3 19 13 79 0 9 21 7 1542 3472 -2496 -4791 2709 51 771 -4944 -1051 -2127 7862 391 0
670 0
671 1
672 -1 -1 3083 8 0 0 0 1 1 41 1 0 0 1
673 -1 -1 3082 8 0 3 4 50 44 57 1 8 3 1541 -1721 1440 2544 2349 36 0
674 1
675 -1 -1 3081 8 0 0 5 22 5 6 18 0 9 1
676 -1 -1 3080 8 0 5 20 5 70 12 8 11 9 1540 -4718 -3469 250 222 43 770 3555 1525 -4665 -1188 33 385 -3615 -123 4916 -6827 237 0
677 0
678 0
679 1
680 -1 -1 3079 8 0 1 0 0 0 12 0 8 1 1
681 -1 -1 3078 8 0 0 0 0 0 0 0 52 1 1539 -697 -2969 -3319 -4520 303 0
682 1
683 -1 -1 3077 8 0 0 5 3 3 2 0 2 37 1
684 -1 -1 3076 8 0 0 12 31 8 32 0 7 6 1538 -3692 -7437 -2134 -2258 33 769 1374 -2289 -2011 7466 258 0
685 0
686 1
687 -1 -1 3075 8 0 2 16 0 3 2 0 2 47 1
688 -1 -1 3074 8 0 3 87 21 15 2 0 7 21 1537 -4476 525 -4261 -5828 21 0
689 1
690 -1 -1 3073 8 0 0 72 2 2 7 8 5 0 1
691 -1 -1 3072 8 0 14 79 15 44 7 6 21 12 1536 528 6942 2779 -5865 313 768 -2862 -1324 -2706 7495 228 384 4569 -5539 -4388 -4010 68 192 3708 375 2266 -7907 6 96 164 1150 -3005 -6952 132 48 3675 -3880 -642 -5512 393 24 864 938 1787 -7750 296 12 3493 1015 1728 -7804 384 6 231 820 4549 4230 162 3 -3153 6949 2963 -7687 397 0
692 0
693 0
694 0
695 0
696 0
697 1
698 -1 -1 191 8 0 0 1 0 0 0 0 1 20 0
699 0
700 1
701 -1 -1 763 8 0 3 0 2 0 0 0 0 2 0
702 1
703 -1 -1 1525 8 0 0 13 0 4 0 3 0 0 0
704 1
705 -1 -1 3049 8 0 1 110 1 0 0 0 0 0 1
706 -1 -1 3048 8 0 0 0 6 0 0 0 0 0 1524 4988 -6111 -4288 237 144 762 -1291 -631 -2437 1637 22 381 -1092 889 4803 410 286 1
707 -1 -1 380 8 0 0 1 16 1 0 0 0 0 190 -2660 -5042 1880 3427 391 95 3084 6420 -4585 2536 242 0
708 0
709 1
710 -1 -1 379 8 0 2 0 0 1 0 2 0 22 1
711 -1 -1 378 8 0 6 31 0 5 0 0 1 0 189 -1173 2816 2555 5119 242 1
712 -1 -1 188 8 0 4 4 1 2 19 34 0 1 94 -891 4858 169 5492 0 47 -2276 7696 1486 1110 12 0
713 0
714 0
715 1
716 -1 -1 375 8 0 0 0 0 0 0 5 0 4 0
717 1
718 -1 -1 749 8 0 0 0 0 2 0 0 0 0 0
719 1
720 -1 -1 1497 8 0 0 0 0 1 0 0 0 3 0
721 1
722 -1 -1 2993 8 0 0 0 0 0 0 0 0 4 1
723 -1 -1 2992 8 0 0 0 0 0 0 0 0 157 1496 -894 3953 1025 -401 196 748 2652 3296 2672 -7016 123 374 1101 -3187 -1847 -6503 169 187 3615 7470 4320 -5204 8 1
724 -1 -1 186 8 0 2 2 3 0 0 23 0 38 93 -1775 -4884 2756 7940 35 0
725 1
726 -1 -1 185 8 0 1 18 5 5 0 4 0 33 0
727 1
728 -1 -1 369 8 0 0 0 0 2 1 18 34 1 1
729 -1 -1 368 8 0 3 7 21 6 0 7 5 1 184 4873 -4818 406 -1559 36 92 665 950 3015 690 250 46 -4422 -1899 -4164 7845 291 23 357 -7006 1030 478 395 0
730 0
731 0
732 0
733 1
734 -1 -1 367 8 0 0 0 0 0 0 0 0 23 1
735 -1 -1 366 8 0 0 0 0 0 0 0 0 57 183 -656 -6213 -3120 -3565 183 0
736 1
737 -1 -1 365 8 0 0 0 0 1 0 0 0 34 1
738 -1 -1 364 8 0 0 30 1 4 0 0 0 0 182 -1936 899 -3498 -3649 302 91 4511 7593 -4296 7501 225 0
739 0
740 0
741 1
742 -1 -1 727 8 0 2 11 1 3 0 1 5 0 1
743 -1 -1 726 8 0 8 0 41 4 0 5 0 0 363 2301 -7200 1441 5753 205 0
744 1
745 -1 -1 725 8 0 22 0 0 2 0 2 0 3 0
746 1
747 -1 -1 1449 8 0 1 11 3 6 0 0 1 0 1
748 -1 -1 1448 8 0 1 6 0 2 0 1 0 41 724 -4874 -4017 4681 2729 31 362 -2214 4028 -1664 -864 346 181 649 4282 -3777 3606 12 0
749 1
750 -1 -1 361 8 0 10 0 0 5 41 6 0 4 0
751 0
752 1
753 -1 -1 1443 8 0 5 2 0 9 0 6 0 0 0
754 1
755 -1 -1 2885 8 0 1 2 0 4 0 0 0 7 1
756 -1 -1 2884 8 0 10 0 5 2 0 4 63 0 1442 -896 2188 -254 31 4 721 -715 -1433 -443 4560 397 0
757 1
758 -1 -1 1441 8 0 0 2 0 0 0 37 0 1 1
759 -1 -1 1440 8 0 6 7 0 14 0 10 4 6 720 3495 -7928 1861 -4775 280 360 -336 618 -4374 -1618 17 180 -2505 -1062 501 7990 392 90 -1700 5132 -2254 -1086 15 45 3600 -3990 675 -317 221 0
760 0
761 0
762 1
763 -1 -1 359 8 0 6 0 0 1 2 3 18 0 0
764 0
765 0
766 1
767 -1 -1 2871 8 0 1 0 0 5 2 0 1 1 1
768 -1 -1 2870 8 0 5 0 0 38 0 145 0 0 1435 -4184 -4143 -4914 6862 26 0
769 1
770 -1 -1 2869 8 0 0 0 0 2 0 32 0 0 1
771 -1 -1 2868 8 0 9 0 24 38 0 24 0 1 1434 4726 3815 3093 -3923 99 717 -86 7252 -4936 5977 12 1
772 -1 -1 716 8 0 15 0 1 20 6 15 5 1 358 -1218 6359 -92 -3932 12 179 3344 6784 -1071 -6246 290 0
773 0
774 1
775 -1 -1 715 8 0 6 9 0 8 0 8 4 1 1
776 -1 -1 714 8 0 2 0 1 8 0 27 0 2 357 2028 4852 -3820 2728 0 1
777 -1 -1 356 8 0 19 31 3 12 0 4 0 0 178 796 3049 -3401 -1426 14 89 -3681 2404 -3060 -5233 5 0
778 0
779 0
780 0
781 0
782 1
783 -1 -1 2847 8 0 3 0 0 0 0 84 0 0 1
784 -1 -1 2846 8 0 3 0 0 4 0 6 0 0 1423 -4154 -1010 -4337 4642 21 1
785 -1 -1 1422 8 0 1 5 0 4 0 3 0 2 711 -3959 -7762 -2792 -4406 9 1
786 -1 -1 710 8 0 11 0 0 1 0 2 8 0 355 1978 -7024 1813 7961 57 0
787 0
788 1
789 -1 -1 1419 8 0 9 3 0 3 0 20 17 0 0
790 1
791 -1 -1 2837 8 0 16 0 0 23 0 5 0 0 1
792 -1 -1 2836 8 0 43 1 0 10 0 1 5 0 1418 2644 -4159 -3814 -6081 4 709 1888 940 -2667 -5873 32 0
793 0
794 1
795 -1 -1 2835 8 0 0 37 0 1 0 3 5 5 1
796 -1 -1 2834 8 0 8 0 0 2 0 18 0 5 1417 -652 -7044 -3579 1291 253 0
797 1
798 -1 -1 2833 8 0 3 0 0 2 3 7 0 14 1
799 -1 -1 2832 8 0 30 0 0 10 1 5 20 0 1416 -2132 -3384 -4189 -1115 356 708 3014 -6410 1343 87 27 354 4451 30 -1584 2781 6 177 756 6453 -4334 3235 3 0
800 0
801 1
802 -1 -1 707 8 0 6 0 0 0 7 0 34 0 0
803 1
804 -1 -1 1413 8 0 2 2 0 10 0 1 0 8 1
805 -1 -1 1412 8 0 19 1 0 6 21 0 0 0 706 -4471 2500 -111 6038 185 353 -1677 7011 -1104 -2452 228 0
806 0
807 0
808 1
809 -1 -1 2823 8 0 5 0 0 1 0 0 37 0 1
810 -1 -1 2822 8 0 59 0 3 25 8 0 4 2 1411 81 707 -990 -2896 321 0
811 1
812 -1 -1 2821 8 0 13 0 0 23 1 9 0 0 1
813 -1 -1 2820 8 0 234 0 2 26 2 6 0 1 1410 3887 -684 1677 -4573 8 705 3782 -7428 -3920 2749 266 0
814 1
815 -1 -1 1409 8 0 17 0 0 0 0 0 13 0 0
816 1
817 -1 -1 2817 8 0 61 0 0 74 0 63 4 1 1
818 -1 -1 2816 8 0 60 26 1 23 0 30 0 2 1408 3120 -2240 -278 5820 284 704 1035 -796 -2239 -792 335 352 566 -7614 -502 680 3 176 4162 6034 -3545 -7599 296 88 -589 -6261 -1187 814 25 44 396 4552 -1134 -5687 12 22 844 -7486 -1351 -1178 63 11 -4017 -5570 321 -503 52 0
819 0
820 0
821 0
822 1
823 -1 -1 175 8 0 1 5 2 7 19 0 3 8 0
824 1
825 -1 -1 349 8 0 5 0 0 9 3 5 2 25 0
826 1
827 -1 -1 697 8 0 2 0 1 1 0 0 0 1 0
828 0
829 1
830 -1 -1 2787 8 0 0 0 0 1 0 0 0 0 1
831 -1 -1 2786 8 0 0 0 0 0 0 0 0 234 1393 966 1200 -40 2977 340 1
832 -1 -1 1392 8 0 0 1 0 3 0 0 0 12 696 3192 -6603 1165 3053 203 348 -3854 -5888 -3675 3244 1 174 181 2232 2326 4701 320 87 -3875 7460 2639 -5025 24 0
833 0
834 1
835 -1 -1 347 8 0 1 5 0 4 0 3 2 0 0
836 1
837 -1 -1 693 8 0 0 0 1 3 0 0 0 47 1
838 -1 -1 692 8 0 5 0 0 7 4 0 1 9 346 956 -4335 4339 -1202 221 173 516 5303 2124 -5893 7 0
839 0
840 0
841 0
842 1
843 -1 -1 2767 8 0 0 0 0 0 0 0 0 1 1
844 -1 -1 2766 8 0 0 85 0 0 0 0 0 0 1383 -4555 4990 3282 7538 289 1
845 -1 -1 1382 8 0 0 3 4 0 0 0 0 0 691 -3207 7348 -1778 3168 18 1
846 -1 -1 690 8 0 0 1 0 3 1 0 1 4 345 2928 -2398 -3948 3901 14 1
847 -1 -1 344 8 0 2 3 25 7 11 0 0 8 172 -1722 415 -3350 -6625 180 86 319 211 -4416 -6605 266 43 -3906 3538 2160 5962 282 0
848 0
849 1
850 -1 -1 171 8 0 0 5 0 1 26 0 15 5 0
851 0
852 1
853 -1 -1 683 8 0 0 0 5 0 0 1 0 0 0
854 0
855 1
856 -1 -1 2731 8 0 0 0 0 0 0 0 0 10 1
857 -1 -1 2730 8 0 0 0 0 0 0 0 0 91 1365 -1302 -1046 -1895 -6625 278 1
858 -1 -1 1364 8 0 0 0 3 3 0 0 0 8 682 -4703 3743 624 1975 10 341 4308 -1365 4046 -7712 2 1
859 -1 -1 340 8 0 1 2 3 5 3 8 0 11 170 -1957 5417 4836 2337 254 85 -154 7757 -2421 2668 156 0
860 0
861 1
862 -1 -1 339 8 0 2 2 1 6 42 0 0 5 0
863 0
864 1
865 -1 -1 1355 8 0 0 1 17 5 1 2 0 0 0
866 1
867 -1 -1 2709 8 0 0 3 0 11 0 1 1 0 1
868 -1 -1 2708 8 0 3 0 6 20 0 44 1 1 1354 -2439 -4164 3685 -7925 293 677 3319 -4219 -1938 -3317 17 0
869 0
870 1
871 -1 -1 2707 8 0 19 5 0 4 0 18 6 0 1
872 -1 -1 2706 8 0 2 0 0 56 8 74 1 0 1353 -3339 -6203 4564 3372 397 0
873 1
874 -1 -1 2705 8 0 3 0 0 10 0 9 31 5 1
875 -1 -1 2704 8 0 0 0 0 7 14 1 2 2 1352 -1998 -6142 2475 -3577 0 676 2411 -5513 4198 3596 354 338 1191 6314 -973 -434 14 169 280 -7871 -1313 -2417 363 0
876 0
877 0
878 0
879 1
880 -1 -1 2703 8 0 2 2 2 0 0 3 0 0 1
881 -1 -1 2702 8 0 0 6 0 6 11 0 66 0 1351 4153 7377 -1851 -3324 338 0
882 1
883 -1 -1 2701 8 0 0 0 8 0 1 3 0 6 1
884 -1 -1 2700 8 0 1 0 3 14 34 0 2 0 1350 -1181 -658 -1040 -7148 66 675 -750 2734 4739 -975 234 0
885 0
886 1
887 -1 -1 2699 8 0 0 0 0 16 0 31 1 9 1
888 -1 -1 2698 8 0 1 4 0 21 4 0 0 7 1349 -4247 -3832 -4035 -5724 2 0
889 1
890 -1 -1 2697 8 0 0 11 2 7 42 0 0 9 1
891 -1 -1 2696 8 0 3 51 4 17 7 10 10 3 1348 4321 6066 -3291 -1444 266 674 -2061 3719 4905 -3639 43 337 413 7176 -4893 -1961 201 0
892 0
893 1
894 -1 -1 1347 8 0 0 6 1 5 13 0 9 0 0
895 1
896 -1 -1 2693 8 0 4 6 0 4 0 0 2 76 1
897 -1 -1 2692 8 0 7 8 0 5 0 3 1 1 1346 -2366 4154 3739 5599 370 673 4428 -2090 2872 -5599 18 0
898 0
899 1
900 -1 -1 2691 8 0 0 2 17 5 39 0 1 9 1
901 -1 -1 2690 8 0 10 14 56 117 6 5 0 44 1345 4509 -4188 690 -1743 34 0
902 1
903 -1 -1 2689 8 0 4 4 25 3 1 4 11 0 1
904 -1 -1 2688 8 0 23 116 31 82 16 15 1 14 1344 -4879 -4520 904 -2511 281 672 -2899 2457 2511 6258 235 336 -3002 4739 -1335 7564 366 168 4361 6806 364 -2923 90 84 175 -7358 4283 3248 349 42 -1211 -4434 441 193 50 21 2644 -4944 -3301 -4723 255 0
905 0
906 0
907 0
908 0
909 1
910 -1 -1 671 8 0 2 7 0 9 10 4 0 0 0
911 1
912 -1 -1 1341 8 0 1 0 2 1 10 0 0 0 0
913 1
914 -1 -1 2681 8 0 5 0 0 2 0 0 0 0 1
915 -1 -1 2680 8 0 0 0 0 1 2 0 68 0 1340 4252 -7387 1930 5946 392 670 -405 -322 4199 -7375 52 335 -1848 -6854 4779 -2388 51 0
916 1
917 -1 -1 669 8 0 3 0 0 8 0 9 10 0 0
918 1
919 -1 -1 1337 8 0 0 0 6 0 0 0 0 0 1
920 -1 -1 1336 8 0 28 0 0 36 0 1 1 0 668 1764 4304 -1372 2215 179 334 3552 -829 -4066 -5458 33 167 -1049 1685 4723 -1848 3 0
921 1
922 -1 -1 333 8 0 4 0 0 8 4 1 13 3 0
923 1
924 -1 -1 665 8 0 15 0 2 4 0 3 0 1 0
925 0
926 1
927 -1 -1 2659 8 0 2 0 0 1 0 100 0 0 1
928 -1 -1 2658 8 0 0 0 0 21 0 83 0 0 1329 2603 -1220 4389 1451 99 1
929 -1 -1 1328 8 0 5 0 1 2 3 1 1 0 664 2411 -4287 1360 -6452 0 332 -9 -3938 3269 3857 379 166 2861 1125 -4353 -7707 246 83 -4325 -5422 -1035 7366 354 0
930 0
931 0
932 1
933 -1 -1 663 8 0 19 0 1 5 5 5 1 27 1
934 -1 -1 662 8 0 1 1 0 2 12 0 33 1 331 2450 -2508 -2850 -6487 8 0
935 1
936 -1 -1 661 8 0 25 1 2 13 7 0 0 15 0
937 1
938 -1 -1 1321 8 0 5 0 0 0 17 0 0 3 1
939 -1 -1 1320 8 0 37 0 0 0 8 1 0 0 660 -1213 7016 455 846 4 330 -1099 -745 -3081 -2101 2 165 2966 1202 2923 6524 396 0
940 0
941 0
942 1
943 -1 -1 1319 8 0 0 0 0 2 0 0 0 0 1
944 -1 -1 1318 8 0 0 1 67 0 0 0 0 0 659 726 -7169 2800 -1204 373 0
945 1
946 -1 -1 1317 8 0 0 8 0 0 0 0 1 9 0
947 1
948 -1 -1 2633 8 0 0 13 1 6 3 6 0 0 1
949 -1 -1 2632 8 0 4 5 31 5 1 0 0 0 1316 -1652 4248 805 2548 5 658 -4714 5685 589 -2387 133 329 -1078 6288 1828 1699 326 0
950 0
951 1
952 -1 -1 1315 8 0 4 4 15 11 10 1 0 8 0
953 1
954 -1 -1 2629 8 0 0 0 0 0 81 0 2 0 1
955 -1 -1 2628 8 0 6 0 0 7 30 0 16 0 1314 263 -1944 3539 1394 293 657 2586 -5724 -3501 -1882 4 0
956 0
957 1
958 -1 -1 2627 8 0 4 25 0 1 0 0 0 0 1
959 -1 -1 2626 8 0 4 15 0 1 0 0 63 8 1313 -136 1547 3520 4209 393 0
960 1
961 -1 -1 2625 8 0 4 1 41 2 0 1 0 0 1
962 -1 -1 2624 8 0 8 2 24 7 49 11 193 10 1312 -4997 -4651 3963 218 393 656 1221 -3537 -1968 3191 392 328 4887 -1928 -1008 6080 382 164 -1075 7192 -4149 -4446 14 82 776 910 -3741 2662 398 41 -2714 -4201 89 6922 2 0
963 0
964 0
965 0
966 1
967 -1 -1 655 8 0 0 1 0 10 0 0 1 37 1
968 -1 -1 654 8 0 2 12 1 3 1 0 1 2 327 503 -6827 3664 4758 180 0
969 1
970 -1 -1 653 8 0 4 0 3 37 0 8 0 2 1
971 -1 -1 652 8 0 0 18 3 8 0 0 0 0 326 -2404 -3136 4730 7222 256 163 4583 5297 -2216 -268 0 0
972 0
973 0
974 0
975 1
976 -1 -1 2607 8 0 0 1 12 1 0 0 2 2 1
977 -1 -1 2606 8 0 1 0 10 7 83 0 28 0 1303 -2461 -351 -1688 -7389 137 0
978 1
979 -1 -1 2605 8 0 0 10 0 5 9 0 7 0 1
980 -1 -1 2604 8 0 0 4 0 17 85 1 442 0 1302 4517 3614 4224 3612 1 651 2694 -7577 4528 -2246 15 0
981 1
982 -1 -1 1301 8 0 0 1 22 3 35 0 2 5 0
983 1
984 -1 -1 2601 8 0 0 3 0 0 3 0 23 0 1
985 -1 -1 2600 8 0 0 68 1 1 0 0 0 1 1300 1351 157 -2501 4440 248 650 3219 -7008 -4099 3975 282 325 1159 -294 40 7004 254 0
986 0
987 0
988 1
989 -1 -1 2599 8 0 0 1 54 54 10 0 5 6 1
990 -1 -1 2598 8 0 1 10 201 27 240 1 3 8 1299 -4844 -5755 -254 5066 245 0
991 1
992 -1 -1 2597 8 0 1 17 84 71 304 1 333 0 1
993 -1 -1 2596 8 0 1 37 142 10 106 0 48 0 1298 -2369 -3834 3730 4656 199 649 -4684 -2220 -4773 -6118 1 0
994 0
995 1
996 -1 -1 2595 8 0 3 4 16 6 60 0 13 38 1
997 -1 -1 2594 8 0 3 22 38 6 32 2 169 22 1297 589 -3820 -1940 6471 211 0
998 1
999 -1 -1 2593 8 0 2 25 11 43 16 13 0 0 1
1000 -1 -1 2592 8 0 6 4 17 33 9 16 44 13 1296 1699 2343 -3301 -3599 7 648 2356 -363 -3894 -4617 193 324 -160 -6882 -2831 3735 161 162 4712 -3714 -3074 -3271 255 81 -2026 7878 2794 5036 2 0
1001 0
1002 0
1003 1
1004 -1 -1 647 8 0 0 8 0 1 0 0 0 28 1
1005 -1 -1 646 8 0 0 0 53 2 1 0 0 5 323 53 -6994 -4693 968 345 0
1006 1
1007 -1 -1 645 8 0 2 1 32 2 17 2 0 10 0
1008 1
1009 -1 -1 1289 8 0 0 0 0 0 0 0 0 8 0
1010 1
1011 -1 -1 2577 8 0 0 0 3 8 151 0 0 2 1
1012 -1 -1 2576 8 0 3 1 2 4 4 1 0 1 1288 3132 -7593 -341 5088 262 644 4508 7090 1074 -333 92 322 666 3686 -1415 -7301 0 161 -1039 -6064 3523 169 326 0
1013 0
1014 1
1015 -1 -1 643 8 0 6 0 3 30 8 0 3 9 0
1016 1
1017 -1 -1 1285 8 0 5 0 5 1 2 0 0 0 0
1018 1
1019 -1 -1 2569 8 0 0 0 1 0 2 0 0 6 1
1020 -1 -1 2568 8 0 7 129 3 5 0 1 5 4 1284 -3739 -1928 274 -1921 41 642 -1869 6440 -432 3999 303 321 -2350 1163 2088 7451 225 0
1021 0
1022 0
1023 1
1024 -1 -1 2567 8 0 1 0 0 1 0 0 0 33 1
1025 -1 -1 2566 8 0 0 14 0 0 0 0 20 1 1283 -4829 -3779 -1297 -7010 25 0
1026 1
1027 -1 -1 2565 8 0 8 142 13 16 18 0 2 14 1
1028 -1 -1 2564 8 0 1 0 1 6 20 5 6 0 1282 1900 -1403 -1344 7525 0 641 4154 5525 -2052 3764 399 0
1029 0
1030 1
1031 -1 -1 2563 8 0 1 91 11 26 35 0 260 13 1
1032 -1 -1 2562 8 0 0 53 109 10 142 0 58 4 1281 4283 -7367 -4460 -7826 2 0
1033 1
1034 -1 -1 2561 8 0 2 25 144 18 7 3 2 3 1
1035 -1 -1 2560 8 0 8 211 345 52 218 5 209 72 1280 -2740 -5761 -839 -7942 5 640 -559 149 4406 -1214 248 320 -3413 -2672 4382 -6389 196 160 -4843 3207 4100 7792 4 80 166 -7141 -4903 -4539 294 40 4085 -1562 4642 7759 69 20 129 84 -3869 4287 348 10 -4093 4405 3916 1622 2 5 -1549 -7957 2944 3507 394 0
1036 0
1037 0
1038 0
1039 0
1040 0
1041 1
1042 -1 -1 319 8 0 2 0 2 0 0 1 0 26 0
1043 1
1044 -1 -1 637 8 0 0 1 23 5 0 8 0 2 1
1045 -1 -1 636 8 0 5 9 0 13 0 10 0 1 318 4093 6363 3903 -4376 355 159 -4737 6285 -2324 2468 377 0
1046 0
1047 0
1048 1
1049 -1 -1 1271 8 0 43 2 0 0 0 0 0 0 0
1050 1
1051 -1 -1 2541 8 0 21 0 0 0 0 0 0 0 1
1052 -1 -1 2540 8 0 49 0 0 0 0 41 0 0 1270 3802 1171 -4712 -6117 121 635 4157 -5158 547 1074 12 1
1053 -1 -1 634 8 0 7 0 0 9 0 24 0 6 317 829 7553 3810 967 390 1
1054 -1 -1 316 8 0 1 0 1 2 5 0 0 10 158 2793 4386 -1682 -5267 381 79 854 5282 -514 3781 1 0
1055 0
1056 0
1057 0
1058 1
1059 -1 -1 1263 8 0 0 0 0 4 2 1 0 0 1
1060 -1 -1 1262 8 0 1 0 0 1 0 0 62 0 631 -852 6804 1023 -6091 36 0
1061 1
1062 -1 -1 1261 8 0 0 0 4 10 0 0 0 0 1
1063 -1 -1 1260 8 0 1 0 0 3 54 3 0 4 630 -2964 6869 1470 -7108 7 315 2501 -6952 -1240 -4142 269 0
1064 0
1065 0
1066 1
1067 -1 -1 2519 8 0 0 13 25 0 4 0 0 4 1
1068 -1 -1 2518 8 0 0 71 2 1 0 0 0 1 1259 2881 3635 -2821 4805 4 0
1069 1
1070 -1 -1 2517 8 0 0 19 0 2 0 1 14 0 1
1071 -1 -1 2516 8 0 0 11 61 7 9 0 9 0 1258 -4606 -459 3763 -454 9 629 -864 6707 785 2041 21 0
1072 0
1073 1
1074 -1 -1 2515 8 0 1 10 20 8 18 0 0 32 1
1075 -1 -1 2514 8 0 6 63 11 4 54 0 26 19 1257 635 7841 344 -7170 157 0
1076 1
1077 -1 -1 2513 8 0 0 1 0 1 0 0 17 0 1
1078 -1 -1 2512 8 0 11 13 4 27 3 8 2 9 1256 4690 -7194 1455 -158 361 628 4554 5136 -4795 -4631 157 314 -780 7182 -2406 -2824 256 157 2840 -5664 -4954 -7141 228 0
1079 0
1080 0
1081 0
1082 1
1083 -1 -1 2511 8 0 0 0 0 0 13 0 6 0 1
1084 -1 -1 2510 8 0 0 4 0 2 0 0 76 0 1255 -4413 -7510 -279 2185 22 1
1085 -1 -1 1254 8 0 0 0 0 4 36 0 1 0 627 -3964 1812 -2991 -3681 15 1
1086 -1 -1 626 8 0 0 6 8 17 17 0 0 0 313 -3841 7871 955 -4809 222 0
1087 0
1088 1
1089 -1 -1 1251 8 0 0 0 14 1 1 7 0 1 0
1090 1
1091 -1 -1 2501 8 0 1 0 2 8 16 4 5 0 1
1092 -1 -1 2500 8 0 1 0 1 60 4 34 0 0 1250 4288 3107 -4291 -1780 276 625 -4672 -520 4823 -3235 350 0
1093 0
1094 1
1095 -1 -1 2499 8 0 2 2 0 2 0 6 0 7 1
1096 -1 -1 2498 8 0 2 2 1 15 15 6 55 0 1249 3798 6488 -315 -5123 368 1
1097 -1 -1 1248 8 0 5 8 9 14 4 15 0 10 624 2074 2368 4367 -4961 8 312 -278 5872 292 -7547 4 156 454 6490 -126 572 231 78 -83 -167 713 -6496 179 39 1685 7434 -2966 -4729 395 0
1098 0
1099 0
1100 0
1101 1
1102 -1 -1 623 8 0 0 23 0 11 2 1 12 9 0
1103 1
1104 -1 -1 1245 8 0 0 1 4 1 20 0 0 3 0
1105 1
1106 -1 -1 2489 8 0 1 1 9 3 0 44 0 0 1
1107 -1 -1 2488 8 0 1 0 1 11 0 1 0 0 1244 3312 5979 -4361 1241 37 622 896 2822 123 662 37 311 3165 5474 979 -7698 176 0
1108 0
1109 0
1110 1
1111 -1 -1 2487 8 0 5 0 1 21 0 117 0 0 1
1112 -1 -1 2486 8 0 0 0 0 0 0 82 0 2 1243 2211 1574 274 -6459 45 0
1113 1
1114 -1 -1 2485 8 0 4 0 0 1 0 23 0 0 1
1115 -1 -1 2484 8 0 5 1 0 36 0 34 0 1 1242 -254 -7481 -2842 5277 375 621 848 7172 3750 -5731 93 0
1116 1
1117 -1 -1 1241 8 0 0 0 0 1 0 3 10 0 0
1118 1
1119 -1 -1 2481 8 0 7 0 0 84 2 76 0 0 1
1120 -1 -1 2480 8 0 0 0 0 10 3 0 1 0 1240 4055 6961 1658 -4184 17 620 3850 -7439 4252 -5566 18 310 -1820 -618 1816 -6825 42 155 3970 5711 4750 -3761 203 0
1121 0
1122 0
1123 1
1124 -1 -1 1239 8 0 0 0 17 2 0 0 0 6 0
1125 1
1126 -1 -1 2477 8 0 1 1 5 30 13 6 0 1 1
1127 -1 -1 2476 8 0 15 0 1 36 0 50 0 5 1238 2017 -7276 -1569 -3835 0 619 -951 -2860 3363 -3511 131 0
1128 0
1129 1
1130 -1 -1 2475 8 0 14 0 0 20 0 8 0 0 1
1131 -1 -1 2474 8 0 18 0 0 47 0 141 0 0 1237 4523 7567 -1917 7298 8 0
1132 1
1133 -1 -1 2473 8 0 18 0 2 103 0 43 2 1 1
1134 -1 -1 2472 8 0 144 1 2 114 0 47 0 1 1236 3622 -1709 -1653 -7642 14 618 1808 2969 -4612 -7452 369 309 3956 5482 670 358 24 0
1135 1
1136 -1 -1 617 8 0 4 1 19 15 0 18 1 1 0
1137 1
1138 -1 -1 1233 8 0 2 8 0 15 23 1 2 13 1
1139 -1 -1 1232 8 0 7 1 6 37 3 8 2 4 616 -4314 901 3112 -4056 14 308 3237 2931 -1382 4079 3 154 956 856 3604 -1230 1 77 3060 3314 1866 -6960 42 0
1140 0
1141 0
1142 0
1143 0
1144 1
1145 -1 -1 2463 8 0 0 0 0 5 0 9 0 0 1
1146 -1 -1 2462 8 0 1 0 0 0 0 86 0 0 1231 4106 6539 3258 -3651 124 0
1147 1
1148 -1 -1 2461 8 0 0 0 0 14 1 0 0 0 1
1149 -1 -1 2460 8 0 13 0 0 22 0 88 0 0 1230 1413 -3739 4825 -7735 149 615 3359 284 -611 -6793 72 0
1150 1
1151 -1 -1 1229 8 0 0 0 0 18 0 36 0 0 1
1152 -1 -1 1228 8 0 6 0 0 36 2 3 10 1 614 -3236 -4745 -4410 -5037 1 307 2282 4874 3961 1818 15 0
1153 0
1154 0
1155 1
1156 -1 -1 2455 8 0 2 0 0 35 0 29 2 0 1
1157 -1 -1 2454 8 0 7 0 0 27 46 26 0 2 1227 -1288 -800 4330 -7252 10 0
1158 1
1159 -1 -1 2453 8 0 13 0 0 18 11 6 65 1 1
1160 -1 -1 2452 8 0 22 1 0 50 3 64 25 0 1226 4868 -100 -693 -6840 38 613 629 6081 -3770 1659 18 0
1161 0
1162 1
1163 -1 -1 2451 8 0 6 0 0 3 0 11 0 0 1
1164 -1 -1 2450 8 0 0 7 0 54 0 2 2 0 1225 2580 -781 3278 7724 344 0
1165 1
1166 -1 -1 2449 8 0 1 0 3 46 12 13 194 0 1
1167 -1 -1 2448 8 0 1 5 0 26 22 5 13 11 1224 3117 1775 -1158 -2407 12 612 -4719 -7371 -2903 3733 232 306 -214 -5980 -4704 4375 368 153 -762 750 2755 -7535 42 0
1168 0
1169 0
1170 0
1171 1
1172 -1 -1 2447 8 0 1 2 0 22 11 27 41 1 1
1173 -1 -1 2446 8 0 22 7 1 132 1 225 10 1 1223 1259 3061 -91 -1308 52 0
1174 1
1175 -1 -1 2445 8 0 11 3 0 56 19 102 83 0 1
1176 -1 -1 2444 8 0 4 9 19 57 80 30 55 0 1222 -3669 6627 -1551 5575 4 611 117 1681 -51 -7835 36 0
1177 0
1178 1
1179 -1 -1 2443 8 0 6 7 81 144 108 42 4 0 1
1180 -1 -1 2442 8 0 12 1 9 56 0 35 2 3 1221 -593 6928 -4071 -879 27 0
1181 1
1182 -1 -1 2441 8 0 5 1 21 35 7 9 5 1 1
1183 -1 -1 2440 8 0 76 0 32 112 4 317 0 1 1220 3487 97 4414 -7992 24 610 815 5881 1210 -2311 19 305 -4290 2459 -1597 -5715 21 0
1184 0
1185 1
1186 -1 -1 1219 8 0 0 0 0 1 35 0 0 0 1
1187 -1 -1 1218 8 0 0 0 0 12 3 3 34 1 609 -2744 -3849 -413 4291 334 0
1188 1
1189 -1 -1 1217 8 0 3 21 13 0 0 0 0 7 0
1190 1
1191 -1 -1 2433 8 0 5 2 14 15 3 1 0 46 1
1192 -1 -1 2432 8 0 29 7 19 120 36 35 31 9 1216 2801 -7900 571 80 221 608 2263 -848 -910 1018 316 304 -4898 -4612 3918 4085 232 152 -1341 6075 3115 -7912 3 76 2680 -5788 -4685 4472 264 38 -757 4525 4947 3804 3 19 3073 3626 560 -4390 203 0
1193 0
1194 0
1195 0
1196 0
1197 1
1198 -1 -1 607 8 0 0 6 0 0 0 0 0 1 0
1199 1
1200 -1 -1 1213 8 0 0 0 0 0 3 2 0 7 0
1201 1
1202 -1 -1 2425 8 0 1 2 0 0 0 0 0 0 1
1203 -1 -1 2424 8 0 1 0 0 1 0 0 0 253 1212 1367 3988 -1705 -6744 49 606 4404 846 -740 5086 152 303 -2400 -7547 2970 -7029 40 0
1204 1
1205 -1 -1 605 8 0 2 33 0 2 1 0 0 1 0
1206 1
1207 -1 -1 1209 8 0 0 4 0 3 0 0 1 58 1
1208 -1 -1 1208 8 0 11 1 2 16 0 8 8 9 604 4976 3579 -3491 -34 218 302 1076 6276 228 4596 27 151 3298 5947 -3347 2333 182 0
1209 0
1210 1
1211 -1 -1 603 8 0 0 6 0 2 8 2 25 11 0
1212 1
1213 -1 -1 1205 8 0 0 1 0 4 0 1 3 46 0
1214 1
1215 -1 -1 2409 8 0 0 1 2 7 0 0 1 15 1
1216 -1 -1 2408 8 0 2 47 0 16 1 13 2 6 1204 -1000 -6097 -3549 4895 331 602 4517 -6035 -4794 6968 396 301 4776 -2542 -124 5365 396 0
1217 1
1218 -1 -1 601 8 0 0 8 11 0 1 0 9 30 0
1219 1
1220 -1 -1 1201 8 0 3 0 0 1 0 0 32 5 1
1221 -1 -1 1200 8 0 0 0 1 1 32 0 10 0 600 1445 -7499 600 5723 3 300 -485 -981 -1368 -5920 184 150 1727 -6738 -3415 6798 227 75 -1353 -5599 3154 527 397 0
1222 0
1223 0
1224 1
1225 -1 -1 599 8 0 1 0 3 0 0 0 0 27 0
1226 0
1227 1
1228 -1 -1 2395 8 0 3 0 0 0 50 13 0 0 1
1229 -1 -1 2394 8 0 0 0 0 2 0 13 0 0 1197 -2105 -5009 4441 -78 308 1
1230 -1 -1 1196 8 0 33 0 0 2 0 24 0 0 598 402 960 -4763 827 74 299 810 5983 388 694 21 0
1231 0
1232 1
1233 -1 -1 1195 8 0 0 0 40 2 9 0 0 0 1
1234 -1 -1 1194 8 0 0 0 0 0 50 0 0 1 597 4444 -4940 -594 -6254 4 0
1235 1
1236 -1 -1 1193 8 0 0 0 0 4 0 0 0 30 1
1237 -1 -1 1192 8 0 2 9 6 10 10 0 0 6 596 4042 -6616 4905 -7637 3 298 2065 -7464 -427 1066 381 149 -4330 -6435 3452 4655 394 0
1238 0
1239 1
1240 -1 -1 595 8 0 0 0 0 1 3 0 54 2 0
1241 1
1242 -1 -1 1189 8 0 2 7 0 2 0 2 0 42 0
1243 1
1244 -1 -1 2377 8 0 1 77 0 0 0 0 0 5 1
1245 -1 -1 2376 8 0 1 3 4 7 0 9 2 2 1188 4612 1274 1460 4184 0 594 -3335 -7813 2518 4652 284 297 -301 6467 591 3420 16 0
1246 0
1247 1
1248 -1 -1 1187 8 0 2 0 3 4 0 0 0 49 0
1249 1
1250 -1 -1 2373 8 0 5 1 81 5 5 0 0 0 1
1251 -1 -1 2372 8 0 5 3 26 15 1 6 0 28 1186 1711 -2543 -213 -750 8 593 -956 -6966 -195 -74 224 0
1252 1
1253 -1 -1 1185 8 0 19 0 1 1 0 3 0 13 0
1254 1
1255 -1 -1 2369 8 0 2 0 0 2 22 4 12 2 1
1256 -1 -1 2368 8 0 3 8 10 6 1 0 0 1 1184 4572 -1497 -4462 -5268 58 592 4859 -2570 -1840 1275 291 296 3647 5970 4939 -1997 7 148 -3535 -7012 -98 6700 236 74 -3324 -6210 4732 6505 284 37 -595 116 4767 -238 175 0
1257 0
1258 1
1259 -1 -1 147 8 0 1 9 12 0 5 2 0 0 0
1260 0
1261 0
1262 0
1263 1
1264 -1 -1 2351 8 0 3 0 0 0 0 0 0 0 1
1265 -1 -1 2350 8 0 106 0 0 0 0 0 0 0 1175 3218 -1659 1752 1478 375 1
1266 -1 -1 1174 8 0 39 0 0 0 0 1 0 0 587 3123 -3732 -2384 -863 3 1
1267 -1 -1 586 8 0 0 0 0 2 2 0 0 0 293 -2381 6686 4640 -3664 251 0
1268 0
1269 1
1270 -1 -1 1171 8 0 20 2 0 0 0 0 0 0 0
1271 1
1272 -1 -1 2341 8 0 15 0 0 0 0 1 0 0 1
1273 -1 -1 2340 8 0 27 0 0 0 0 60 0 0 1170 -260 -1478 2004 -2314 4 585 -1061 -5788 -3537 1092 19 1
1274 -1 -1 584 8 0 4 4 0 2 0 0 0 3 292 -4518 7284 1222 2106 395 146 2839 -7149 -1781 -273 10 73 -3222 7897 1255 7842 1 0
1275 0
1276 0
1277 0
1278 0
1279 1
1280 -1 -1 2335 8 0 0 4 0 0 0 0 0 22 1
1281 -1 -1 2334 8 0 4 34 0 8 1 3 3 6 1167 2696 2194 862 -4257 372 0
1282 1
1283 -1 -1 2333 8 0 1 0 0 0 2 2 21 0 1
1284 -1 -1 2332 8 0 2 0 0 2 4 0 7 46 1166 3779 2465 3757 -5065 343 583 4269 3027 -4222 -193 353 0
1285 1
1286 -1 -1 1165 8 0 1 0 0 33 0 16 4 9 1
1287 -1 -1 1164 8 0 3 7 0 13 30 8 0 2 582 2208 7534 1353 -1717 249 291 950 -230 -4008 -3817 329 0
1288 0
1289 0
1290 1
1291 -1 -1 2327 8 0 0 2 1 0 0 3 4 23 1
1292 -1 -1 2326 8 0 1 0 68 6 30 1 6 1 1163 4639 -1304 -4828 -575 376 0
1293 1
1294 -1 -1 2325 8 0 1 1 40 4 6 0 2 0 1
1295 -1 -1 2324 8 0 2 142 49 9 21 1 0 4 1162 4255 4112 2203 7411 260 581 2051 6530 -4862 1929 236 0
1296 0
1297 1
1298 -1 -1 2323 8 0 2 5 0 17 27 12 74 5 1
1299 -1 -1 2322 8 0 3 10 26 30 3 40 6 18 1161 2861 5549 -3380 -4680 247 0
1300 1
1301 -1 -1 2321 8 0 1 2 53 4 7 4 0 0 1
1302 -1 -1 2320 8 0 1 26 5 36 17 0 2 0 1160 2531 -7693 -4637 1637 152 580 -196 -422 3687 -4508 4 290 681 -931 -3673 -7885 110 145 418 233 -1920 6092 322 0
1303 0
1304 0
1305 0
1306 1
1307 -1 -1 2319 8 0 3 0 0 6 0 26 6 0 1
1308 -1 -1 2318 8 0 6 25 0 2 1 0 9 1 1159 4790 2540 4399 -5225 3 0
1309 1
1310 -1 -1 2317 8 0 4 0 0 6 5 4 50 2 1
1311 -1 -1 2316 8 0 4 15 7 45 160 8 42 41 1158 4663 -5775 -4425 -3339 336 579 3061 -4940 -1946 -933 350 0
1312 0
1313 1
1314 -1 -1 2315 8 0 2 0 2 6 0 1 3 16 1
1315 -1 -1 2314 8 0 20 0 0 97 0 42 2 2 1157 3114 -5646 -1676 7719 348 0
1316 1
1317 -1 -1 2313 8 0 2 1 3 40 40 1 0 45 1
1318 -1 -1 2312 8 0 11 16 11 85 20 31 6 13 1156 1575 1640 -4959 -4306 235 578 -223 -4009 -4573 -5725 316 289 4237 4981 -1475 2036 49 0
1319 0
1320 0
1321 1
1322 -1 -1 2311 8 0 7 0 0 5 0 1 0 10 1
1323 -1 -1 2310 8 0 8 5 16 24 30 62 0 1 1155 2163 -4980 2762 979 11 0
1324 1
1325 -1 -1 2309 8 0 1 0 2 2 1 12 1 10 1
1326 -1 -1 2308 8 0 54 7 4 146 2 95 12 0 1154 -3693 1365 1646 508 44 577 664 5807 1484 2165 12 0
1327 0
1328 1
1329 -1 -1 2307 8 0 26 1 1 27 10 11 30 0 1
1330 -1 -1 2306 8 0 5 12 8 18 4 1 15 32 1153 4753 -5473 -4695 6183 27 0
1331 1
1332 -1 -1 2305 8 0 34 12 3 80 69 35 4 10 1
1333 -1 -1 2304 8 0 246 35 285 133 89 115 11 21 1152 856 3766 -4670 6772 39 576 3272 2864 -640 4765 232 288 4605 -1765 1701 -6498 6 144 2933 -3384 -3603 -7711 49 72 3873 5186 2174 -5452 175 36 626 7723 -373 -1347 385 18 4832 -7569 61 -1161 198 9 280 2135 2218 -5772 6 0
1334 0
1335 0
1336 0
1337 0
1338 0
1339 1
1340 -1 -1 575 8 0 2 54 0 0 0 0 0 1 1
1341 -1 -1 574 8 0 6 6 0 1 0 0 5 1 287 -3272 -6080 -1190 -2160 12 1
1342 -1 -1 286 8 0 17 12 0 3 21 8 0 3 143 -1827 -5415 -3611 -2503 10 0
1343 0
1344 1
1345 -1 -1 571 8 0 0 0 0 0 0 0 1 63 1
1346 -1 -1 570 8 0 0 0 0 3 4 2 0 9 285 -2943 -1536 1636 7469 259 0
1347 1
1348 -1 -1 569 8 0 4 9 3 1 1 1 25 1 0
1349 1
1350 -1 -1 1137 8 0 1 0 0 0 1 0 0 15 0
1351 1
1352 -1 -1 2273 8 0 43 0 0 8 0 15 1 2 1
1353 -1 -1 2272 8 0 6 0 0 25 0 13 4 5 1136 -2082 111 4179 7764 400 568 -4300 -3799 -1946 -494 19 284 -220 -7918 -4994 -2047 181 142 4219 -4940 -4663 705 187 71 -1784 -7919 -4894 406 394 0
1354 0
1355 0
1356 1
1357 -1 -1 567 8 0 5 0 0 7 0 12 0 19 0
1358 1
1359 -1 -1 1133 8 0 1 1 0 3 0 58 0 0 1
1360 -1 -1 1132 8 0 14 0 0 3 6 13 0 0 566 2943 -1865 4203 4574 31 283 -4623 4034 -2773 -6604 0 0
1361 1
1362 -1 -1 565 8 0 10 10 0 0 22 1 0 3 1
1363 -1 -1 564 8 0 21 1 0 5 0 9 0 2 282 1871 -1 -4350 6634 186 141 814 -1351 2275 4972 35 0
1364 0
1365 0
1366 1
1367 -1 -1 1127 8 0 13 0 0 19 0 3 0 0 1
1368 -1 -1 1126 8 0 4 0 0 8 2 39 1 0 563 -1609 510 -2274 -7513 15 0
1369 1
1370 -1 -1 1125 8 0 2 2 0 2 21 2 2 0 0
1371 1
1372 -1 -1 2249 8 0 10 8 0 0 0 6 12 1 1
1373 -1 -1 2248 8 0 48 0 0 29 8 8 1 4 1124 -2140 -6038 -1280 1201 185 562 -4875 3564 3503 -7706 5 281 -746 2350 1254 -6255 11 0
1374 1
1375 -1 -1 561 8 0 26 0 6 7 3 0 0 1 0
1376 1
1377 -1 -1 1121 8 0 9 2 0 8 2 0 1 0 0
1378 1
1379 -1 -1 2241 8 0 16 0 0 5 3 10 0 0 1
1380 -1 -1 2240 8 0 268 0 0 33 0 9 0 0 1120 4489 -4803 4451 2978 50 560 1750 -1629 4873 676 129 280 -2782 -683 -3855 -4733 42 140 4020 2986 1559 266 4 70 1033 -7790 2145 3248 81 35 -1543 -1932 3831 425 206 0
1381 0
1382 0
1383 0
1384 1
1385 -1 -1 559 8 0 3 0 0 0 0 45 2 0 0
1386 1
1387 -1 -1 1117 8 0 1 3 5 10 7 1 0 6 0
1388 1
1389 -1 -1 2233 8 0 2 0 0 5 0 0 63 5 1
1390 -1 -1 2232 8 0 8 0 2 8 33 3 36 0 1116 -3297 -547 -366 -5065 15 558 -1535 -4840 4548 6835 367 279 1971 2937 805 -998 54 0
1391 0
1392 1
1393 -1 -1 1115 8 0 2 0 0 23 0 11 0 0 1
1394 -1 -1 1114 8 0 10 0 0 4 1 48 0 0 557 104 -2072 3682 6104 381 0
1395 1
1396 -1 -1 1113 8 0 8 0 0 10 0 4 4 24 1
1397 -1 -1 1112 8 0 4 0 0 5 25 10 1 1 556 134 -38 -1817 4555 373 278 2182 -5607 -4191 2651 35 139 86 2879 -3422 -4182 0 0
1398 0
1399 1
1400 -1 -1 555 8 0 10 11 0 0 0 2 2 37 1
1401 -1 -1 554 8 0 10 0 0 5 0 8 0 0 277 1551 -302 -1624 -48 5 0
1402 0
1403 1
1404 -1 -1 1107 8 0 19 0 0 2 25 0 1 0 1
1405 -1 -1 1106 8 0 21 0 0 15 0 3 0 0 553 4167 -5345 -2745 -7815 394 0
1406 1
1407 -1 -1 1105 8 0 9 0 28 3 3 2 1 0 0
1408 1
1409 -1 -1 2209 8 0 32 0 4 13 0 1 0 1 1
1410 -1 -1 2208 8 0 26 0 0 0 0 15 7 0 1104 2123 -5898 -999 6653 324 552 4455 -2861 2390 -6874 13 276 4915 5994 1542 7566 326 138 4440 3137 4649 -4998 325 69 -698 -1586 4608 7174 42 0
1411 0
1412 0
1413 1
1414 -1 -1 551 8 0 5 9 0 0 0 2 0 0 0
1415 0
1416 1
1417 -1 -1 2203 8 0 0 0 0 1 0 0 0 0 1
1418 -1 -1 2202 8 0 0 0 0 0 0 0 0 85 1101 -2965 -1359 4700 1717 335 1
1419 -1 -1 1100 8 0 2 1 3 0 0 0 5 2 550 3796 2215 3196 -5039 54 275 -3245 -1888 3196 -6177 322 0
1420 1
1421 -1 -1 549 8 0 6 16 0 0 30 0 0 0 0
1422 1
1423 -1 -1 1097 8 0 25 1 1 2 0 0 0 0 0
1424 1
1425 -1 -1 2193 8 0 6 20 3 22 1 7 0 2 1
1426 -1 -1 2192 8 0 2 7 24 2 5 1 18 22 1096 -2298 -1144 -387 5872 259 548 3047 -7636 -2826 -7901 395 274 234 -2025 1241 -6202 400 137 -3660 -7628 -130 -2685 36 0
1427 1
1428 -1 -1 273 8 0 17 0 0 13 1 9 0 13 0
1429 0
1430 0
1431 1
1432 -1 -1 2183 8 0 0 12 0 3 0 0 0 0 1
1433 -1 -1 2182 8 0 1 0 4 66 0 3 4 0 1091 -1781 5439 998 -5408 212 0
1434 1
1435 -1 -1 2181 8 0 1 3 0 7 14 0 3 11 1
1436 -1 -1 2180 8 0 3 32 14 31 6 0 7 2 1090 2635 -5662 -1941 -7098 250 545 -4220 -1687 -3070 5407 4 0
1437 0
1438 1
1439 -1 -1 2179 8 0 0 52 101 6 45 0 23 6 1
1440 -1 -1 2178 8 0 6 140 187 220 320 6 353 50 1089 -1344 -5192 2746 -4998 64 0
1441 1
1442 -1 -1 2177 8 0 0 2 13 3 2 1 9 33 1
1443 -1 -1 2176 8 0 1 186 117 53 117 0 28 25 1088 -347 -6643 2720 2841 277 544 4997 -7431 776 6313 17 272 -2024 7691 -183 5668 6 136 75 446 3083 7315 350 68 3802 4249 -134 5755 356 34 411 -422 -2304 7072 352 17 -369 -5956 -436 6134 399 0
1444 0
1445 0
1446 0
1447 1
1448 -1 -1 271 8 0 2 0 0 0 20 0 0 0 0
1449 1
1450 -1 -1 541 8 0 2 7 0 1 1 6 0 0 1
1451 -1 -1 540 8 0 37 0 0 20 0 8 0 0 270 2245 -7719 3511 -1793 34 135 -2234 -3123 1432 485 299 0
1452 0
1453 0
1454 0
1455 1
1456 -1 -1 2159 8 0 0 0 37 6 1 0 0 9 1
1457 -1 -1 2158 8 0 0 4 5 0 0 0 0 31 1079 2958 7333 -2627 -4884 38 0
1458 1
1459 -1 -1 2157 8 0 3 0 0 8 0 0 0 82 1
1460 -1 -1 2156 8 0 2 13 7 4 0 2 0 13 1078 -422 -4527 -4686 -7285 248 539 3144 -7116 3098 -460 343 0
1461 0
1462 1
1463 -1 -1 2155 8 0 1 1 36 8 0 1 0 2 1
1464 -1 -1 2154 8 0 1 68 7 5 0 3 0 1 1077 2298 -4659 2668 5325 338 0
1465 1
1466 -1 -1 2153 8 0 0 0 0 10 4 4 0 32 1
1467 -1 -1 2152 8 0 6 39 39 37 2 2 6 25 1076 2100 -4200 4365 7828 303 538 -724 -6042 2220 3334 182 269 2645 3531 -4784 -5599 239 0
1468 1
1469 -1 -1 537 8 0 3 10 0 2 0 35 3 1 0
1470 1
1471 -1 -1 1073 8 0 0 0 22 6 0 0 2 7 0
1472 1
1473 -1 -1 2145 8 0 2 0 0 2 0 12 0 0 1
1474 -1 -1 2144 8 0 6 8 11 28 27 8 0 32 1072 463 274 -2357 344 350 536 -2571 -318 2108 -3774 199 268 -3806 -2204 2160 7444 357 134 2664 -7662 874 -4171 10 67 3376 1091 -3165 7751 378 0
1475 0
1476 0
1477 0
1478 1
1479 -1 -1 1071 8 0 1 6 0 6 0 20 0 1 0
1480 1
1481 -1 -1 2141 8 0 1 2 0 3 0 1 0 5 1
1482 -1 -1 2140 8 0 59 0 0 4 0 17 0 0 1070 -2935 7815 3998 7651 18 535 2804 -136 4130 -5471 150 1
1483 -1 -1 534 8 0 1 9 13 8 1 7 2 21 267 4942 5301 -2759 -4199 365 0
1484 0
1485 0
1486 1
1487 -1 -1 2135 8 0 4 0 5 41 4 92 0 1 1
1488 -1 -1 2134 8 0 1 4 3 18 7 23 25 0 1067 -3204 5304 1671 448 19 0
1489 1
1490 -1 -1 2133 8 0 2 2 0 24 39 7 1 1 1
1491 -1 -1 2132 8 0 2 3 1 15 3 5 3 13 1066 1018 7821 2883 -2062 39 533 -1013 -151 1382 -5858 18 0
1492 0
1493 1
1494 -1 -1 2131 8 0 0 0 3 1 0 0 0 35 1
1495 -1 -1 2130 8 0 1 2 6 14 5 14 3 2 1065 -550 7822 4569 4688 257 0
1496 1
1497 -1 -1 2129 8 0 2 1 23 15 57 9 51 0 1
1498 -1 -1 2128 8 0 9 97 43 34 56 20 30 20 1064 192 -3113 4265 5928 343 532 2915 -7580 -4894 6256 70 266 -1320 -4179 -1519 -7359 6 133 2639 5300 -2377 -2335 395 0
1499 0
1500 1
1501 -1 -1 531 8 0 1 0 0 28 0 22 0 0 0
1502 0
1503 1
1504 -1 -1 2123 8 0 0 0 13 3 0 14 0 1 1
1505 -1 -1 2122 8 0 10 0 1 21 0 43 0 0 1061 2013 -269 -2353 -1550 13 1
1506 -1 -1 1060 8 0 3 7 26 8 0 11 0 1 530 -4027 -2691 -2983 -7783 3 265 2798 5967 -4039 5834 20 0
1507 0
1508 1
1509 -1 -1 1059 8 0 0 18 3 1 0 4 0 7 0
1510 1
1511 -1 -1 2117 8 0 2 3 4 37 2 2 27 1 1
1512 -1 -1 2116 8 0 3 1 34 3 3 1 3 0 1058 -466 5095 -454 -1604 16 529 162 3327 -645 -328 36 0
1513 1
1514 -1 -1 1057 8 0 0 9 2 14 0 6 7 12 0
1515 1
1516 -1 -1 2113 8 0 3 0 5 36 0 22 0 0 1
1517 -1 -1 2112 8 0 92 0 9 67 3 10 3 4 1056 3685 7878 688 4251 11 528 2076 5583 2061 -7823 64 264 3828 2936 1873 -4134 25 132 -884 -6726 4621 4810 379 66 160 5040 -900 -811 25 33 4551 -7614 -1430 5201 14 0
1518 0
1519 0
1520 0
1521 1
1522 -1 -1 527 8 0 15 0 1 1 1 29 0 0 1
1523 -1 -1 526 8 0 50 8 0 6 0 4 0 0 263 2980 -295 4135 7290 23 0
1524 0
1525 0
1526 1
1527 -1 -1 2103 8 0 0 0 0 6 0 0 11 5 1
1528 -1 -1 2102 8 0 6 7 0 15 0 2 0 68 1051 -138 3210 1083 -4200 86 0
1529 1
1530 -1 -1 2101 8 0 21 0 0 0 1 2 0 4 1
1531 -1 -1 2100 8 0 4 5 1 15 1 34 0 6 1050 4594 -4611 -2381 -3541 393 525 4623 -6212 4575 114 258 0
1532 0
1533 1
1534 -1 -1 2099 8 0 10 0 0 7 9 4 0 8 1
1535 -1 -1 2098 8 0 2 6 31 13 23 2 42 0 1049 -1440 -482 1843 7085 353 0
1536 1
1537 -1 -1 2097 8 0 31 5 2 86 3 163 2 16 1
1538 -1 -1 2096 8 0 48 81 50 93 23 56 4 8 1048 -2161 -3101 -2159 -1257 3 524 -1465 2005 459 6498 166 262 4009 -7863 -2466 241 318 131 -2792 -5358 -937 4368 389 0
1539 0
1540 0
1541 0
1542 1
1543 -1 -1 2095 8 0 35 0 0 43 0 76 0 7 1
1544 -1 -1 2094 8 0 63 0 2 35 0 393 0 0 1047 763 -7179 985 1445 218 0
1545 1
1546 -1 -1 2093 8 0 15 0 0 20 0 54 0 0 1
1547 -1 -1 2092 8 0 70 0 0 10 0 2 0 1 1046 2962 -7896 4807 4533 83 523 2429 -6313 -1539 7359 81 0
1548 1
1549 -1 -1 1045 8 0 11 0 0 7 7 1 8 0 0
1550 1
1551 -1 -1 2089 8 0 8 0 0 23 0 22 0 0 1
1552 -1 -1 2088 8 0 33 0 0 37 1 3 0 0 1044 1475 -7016 -872 5604 65 522 3684 -455 -1830 6917 294 261 3983 -4612 2460 3995 41 0
1553 0
1554 0
1555 1
1556 -1 -1 2087 8 0 15 0 0 3 0 0 0 0 1
1557 -1 -1 2086 8 0 8 0 0 1 0 0 47 1 1043 -3008 818 3966 7129 391 0
1558 1
1559 -1 -1 2085 8 0 1 2 4 17 0 0 0 7 1
1560 -1 -1 2084 8 0 18 1 2 13 0 10 8 2 1042 4405 -5576 4005 910 220 521 3032 -4105 4354 6851 338 0
1561 1
1562 -1 -1 1041 8 0 6 3 0 13 0 41 3 3 0
1563 1
1564 -1 -1 2081 8 0 24 1 0 46 0 2 0 0 1
1565 -1 -1 2080 8 0 24 1 0 9 0 15 0 14 1040 861 -5851 -3047 -3022 10 520 -4862 -2101 1826 1990 78 260 94 -1260 4875 -1172 3 130 -473 -2493 -1395 7249 29 65 -2135 6009 -2260 4893 0 0
1566 0
1567 0
1568 0
1569 0
1570 1
1571 -1 -1 2079 8 0 0 4 0 6 1 1 0 53 1
1572 -1 -1 2078 8 0 12 0 3 17 2 4 0 14 1039 2678 4494 1140 855 29 0
1573 1
1574 -1 -1 2077 8 0 6 44 50 27 7 8 15 22 1
1575 -1 -1 2076 8 0 5 0 4 29 7 14 0 0 1038 -702 -7333 957 -5709 0 519 3253 -7122 -1961 142 15 0
1576 0
1577 1
1578 -1 -1 2075 8 0 12 0 0 0 7 0 0 13 1
1579 -1 -1 2074 8 0 15 13 8 39 0 0 0 10 1037 3747 2482 -2957 3069 279 0
1580 1
1581 -1 -1 2073 8 0 45 0 9 52 11 28 62 0 1
1582 -1 -1 2072 8 0 82 4 16 33 20 32 2 7 1036 -2541 3979 4121 -7022 17 518 88 -2361 -492 -6623 26 259 1076 6565 -1990 -1532 20 0
1583 0
1584 0
1585 1
1586 -1 -1 2071 8 0 2 0 0 2 0 24 0 0 1
1587 -1 -1 2070 8 0 7 5 0 28 0 20 0 0 1035 1247 -6693 -1476 -6298 7 1
1588 -1 -1 1034 8 0 10 0 0 27 0 2 0 9 517 -4712 -4682 -2249 1278 22 0
1589 0
1590 1
1591 -1 -1 2067 8 0 17 0 0 1 0 0 0 0 1
1592 -1 -1 2066 8 0 18 0 1 46 0 11 1 0 1033 55 1993 995 -3250 334 0
1593 1
1594 -1 -1 2065 8 0 6 3 0 6 0 1 0 2 1
1595 -1 -1 2064 8 0 118 0 0 23 0 6 0 0 1032 -1850 4543 2227 282 25 516 91 7340 -3469 -2502 21 258 -4272 -4730 4741 5070 60 129 2488 3605 -840 2554 0 0
1596 0
1597 0
1598 0
1599 1
1600 -1 -1 2063 8 0 36 4 4 31 1 74 0 4 1
1601 -1 -1 2062 8 0 4 5 1 19 0 0 0 9 1031 -1801 -4135 836 7618 2 0
1602 1
1603 -1 -1 2061 8 0 14 0 4 7 0 8 0 0 1
1604 -1 -1 2060 8 0 10 3 37 0 0 0 1 1 1030 -4646 -6683 4918 7674 27 515 -4356 224 2525 -970 26 0
1605 1
1606 -1 -1 1029 8 0 13 1 11 2 0 1 15 0 0
1607 1
1608 -1 -1 2057 8 0 24 0 1 4 3 16 1 1 1
1609 -1 -1 2056 8 0 27 55 8 48 14 10 12 5 1028 705 -1185 -4648 5209 336 514 -204 5431 2444 4657 341 257 -4827 896 2612 7986 10 0
1610 0
1611 0
1612 1
1613 -1 -1 2055 8 0 500 0 4 112 4 86 0 1 1
1614 -1 -1 2054 8 0 194 13 10 256 9 45 12 16 1027 -279 4279 -4305 -7925 361 0
1615 1
1616 -1 -1 2053 8 0 47 0 2 53 0 161 0 0 1
1617 -1 -1 2052 8 0 47 0 10 94 19 54 0 7 1026 1804 2140 -4910 -5505 373 513 3719 -1918 4171 4887 0 0
1618 0
1619 1
1620 -1 -1 2051 8 0 564 9 1 102 1 282 1 0 1
1621 -1 -1 2050 8 0 53 6 42 25 28 25 0 0 1025 -3629 -5153 4269 4773 25 0
1622 1
1623 -1 -1 2049 8 0 106 9 8 52 14 25 9 4 1
1624 -1 -1 2048 8 0 2854 4 29 321 7 120 9 3 1024 -124 2984 3936 7875 60 512 -4738 -4340 -435 3190 28 256 1105 -1415 -4781 -7852 19 128 -89 182 1832 888 14 64 3397 4399 4566 -3820 13 32 4858 -4438 3474 6572 58 16 -395 4009 -498 -217 8 8 478 -504 331 6058 143 4 4404 5089 4020 1171 6 2 1193 -24 3124 3743 142 1 -962 830 1909 -7853 147 1 0
