22 serialization::archive 15 0 0 1 0 1 0
0 0 0 0
1 0
2 0
3 0
4 0
5 0
6 1 1 0
7 -1 -1 255 8 0 1 0 0 1 0 2 0 0 0
8 0
9 0
10 1
11 -1 -1 2039 8 0 0 0 2 0 0 0 0 0 1
12 -1 -1 2038 8 0 0 0 69 0 0 0 0 0 1019 0 0 -2706 780 -1252 439 202 1
13 -1 -1 1018 8 0 0 0 41 0 0 0 0 0 509 1773 -3397 -2207 1520 327 1
14 -1 -1 508 8 0 0 0 7 1 0 0 0 0 254 -862 5335 -4504 281 304 127 255 -42 279 -7353 400 1
15 -1 -1 126 8 0 8 0 5 5 1 0 0 3 63 4188 -7994 3504 7124 9 0
16 0
17 0
18 1
19 -1 -1 503 8 0 3 0 1 0 1 0 0 25 1
20 -1 -1 502 8 0 24 0 14 1 6 1 0 1 251 4665 -44 4240 939 4 1
21 -1 -1 250 8 0 11 0 0 2 37 2 4 0 125 3492 -2725 -1477 -3894 10 0
22 0
23 1
24 -1 -1 499 8 0 10 0 34 2 7 0 0 2 1
25 -1 -1 498 8 0 1 0 3 0 0 1 21 6 249 1357 -1640 1384 7321 3 0
26 0
27 1
28 -1 -1 995 8 0 0 7 9 10 0 0 0 4 0
29 1
30 -1 -1 1989 8 0 5 0 11 1 0 0 11 29 0
31 1
32 -1 -1 3977 8 0 0 0 0 4 0 0 0 184 1
33 -1 -1 3976 8 0 1 2 0 13 0 0 7 42 1988 105 2741 -4307 -4361 229 994 665 -131 539 7988 378 497 1636 3715 -3873 -7295 283 1
34 -1 -1 496 8 0 14 3 8 5 1 0 0 4 248 3482 -4830 -3269 2047 22 124 4476 4678 -3277 3170 313 62 4730 955 -339 3083 391 31 589 3826 1245 -7675 298 0
35 0
36 1
37 -1 -1 123 8 0 4 0 0 3 0 0 0 51 0
38 1
39 -1 -1 245 8 0 2 0 17 10 0 0 0 0 1
40 -1 -1 244 8 0 23 0 3 3 0 12 3 5 122 -292 6822 -3464 6723 8 61 -228 -5203 -2414 -525 189 0
41 0
42 0
43 0
44 1
45 -1 -1 975 8 0 0 6 0 0 0 0 0 0 0
46 1
47 -1 -1 1949 8 0 0 44 0 0 0 0 0 0 0
48 1
49 -1 -1 3897 8 0 0 9 0 0 0 0 0 0 1
50 -1 -1 3896 8 0 0 105 0 0 0 0 0 0 1948 -3711 -5142 -3035 -5833 94 974 2317 -3694 856 -2704 227 487 -2953 5925 -4771 -1284 293 1
51 -1 -1 486 8 0 1 6 2 0 0 0 0 1 243 3916 -3182 1653 2059 250 1
52 -1 -1 242 8 0 2 0 0 3 0 0 0 0 121 -1490 7387 -4630 -5325 14 0
53 1
54 -1 -1 241 8 0 1 11 0 5 6 5 0 0 1
55 -1 -1 240 8 0 16 7 1 9 0 0 2 20 120 -1976 6848 869 3892 2 60 -3001 7111 -1753 1371 34 30 1595 5621 -3793 -7137 291 15 3145 -4300 -3498 6581 307 0
56 0
57 0
58 0
59 0
60 1
61 -1 -1 479 8 0 1 0 14 0 0 2 0 0 0
62 1
63 -1 -1 957 8 0 0 0 0 1 0 45 0 9 1
64 -1 -1 956 8 0 5 0 0 17 0 12 1 0 478 4121 -4553 -3067 -4984 103 239 1951 -3708 4890 20 87 0
65 1
66 -1 -1 477 8 0 5 0 1 1 0 13 8 23 0
67 1
68 -1 -1 953 8 0 0 30 0 0 0 5 0 5 0
69 1
70 -1 -1 1905 8 0 1 7 15 15 0 6 0 6 0
71 1
72 -1 -1 3809 8 0 11 5 0 12 0 0 0 13 1
73 -1 -1 3808 8 0 0 0 0 3 0 0 0 34 1904 -4272 -242 2608 -3614 0 952 4839 6274 1444 12 8 476 2618 -414 -874 1082 89 238 -418 5073 -774 190 42 119 -1413 817 2986 -73 16 0
74 0
75 1
76 -1 -1 475 8 0 2 0 10 34 6 4 0 7 0
77 0
78 1
79 -1 -1 1899 8 0 7 3 0 0 0 0 0 2 0
80 1
81 -1 -1 3797 8 0 1 0 0 0 0 0 0 0 1
82 -1 -1 3796 8 0 1 0 0 0 0 73 0 0 1898 -4255 6358 -59 1207 168 949 -665 5736 679 2191 103 0
83 0
84 1
85 -1 -1 3795 8 0 7 0 0 116 0 226 1 0 1
86 -1 -1 3794 8 0 6 0 0 33 0 10 0 0 1897 -86 6437 1679 5515 1 0
87 1
88 -1 -1 3793 8 0 5 0 0 8 0 1 0 0 1
89 -1 -1 3792 8 0 12 0 0 25 0 151 0 0 1896 -4953 -4110 1101 -2364 0 948 -1083 6234 -3568 -3449 2 474 113 6748 4268 -158 74 237 2656 4151 1553 4640 1 0
90 0
91 1
92 -1 -1 947 8 0 0 0 3 0 0 0 0 8 0
93 1
94 -1 -1 1893 8 0 8 4 0 12 0 42 0 0 1
95 -1 -1 1892 8 0 2 0 0 22 2 7 0 7 946 4888 572 -3766 7891 25 473 -769 906 3665 -269 58 0
96 1
97 -1 -1 945 8 0 0 0 0 0 0 0 10 0 0
98 0
99 1
100 -1 -1 3779 8 0 19 0 0 28 0 2 0 0 1
101 -1 -1 3778 8 0 9 0 0 64 0 26 1 0 1889 2009 -4341 4841 7819 4 1
102 -1 -1 1888 8 0 40 0 0 22 0 3 0 3 944 175 1292 -4105 1039 398 472 660 7759 2353 729 158 236 1386 5500 4962 2972 30 118 3689 7684 651 3264 0 59 798 177 4031 -3369 59 0
103 0
104 1
105 -1 -1 235 8 0 33 0 1 1 0 0 0 0 0
106 1
107 -1 -1 469 8 0 1 0 0 2 0 3 16 7 0
108 1
109 -1 -1 937 8 0 1 0 0 6 54 0 0 0 1
110 -1 -1 936 8 0 4 0 7 4 5 9 0 0 468 2193 -5343 -1201 273 1 234 4437 -5734 152 1039 38 117 -4084 5142 1718 -5140 326 0
111 0
112 1
113 -1 -1 467 8 0 1 0 0 4 0 4 33 0 1
114 -1 -1 466 8 0 19 0 0 19 0 4 1 0 233 2337 1635 1101 -216 4 0
115 0
116 1
117 -1 -1 931 8 0 4 0 0 3 0 0 0 0 0
118 0
119 1
120 -1 -1 3723 8 0 0 0 0 0 0 0 0 46 1
121 -1 -1 3722 8 0 0 0 0 0 0 0 0 27 1861 1198 5543 1111 -6853 273 1
122 -1 -1 1860 8 0 0 0 0 2 0 0 2 4 930 -3181 7639 -876 -5653 0 465 -1962 1101 2570 4780 20 0
123 1
124 -1 -1 929 8 0 0 17 0 4 0 0 0 0 0
125 0
126 1
127 -1 -1 3715 8 0 4 3 0 25 0 4 3 45 1
128 -1 -1 3714 8 0 15 0 5 38 0 6 0 1 1857 1307 7557 -3178 2785 17 0
129 1
130 -1 -1 3713 8 0 6 0 3 50 0 25 0 0 1
131 -1 -1 3712 8 0 29 0 7 10 0 1 0 2 1856 3832 7632 3111 328 9 928 -1049 2592 1116 -7980 65 464 -3882 2171 4584 -117 394 232 -4220 900 -3642 7242 380 116 1437 -4998 1206 -62 10 58 4864 6959 2553 -321 44 29 813 778 4330 -3945 6 0
132 0
133 0
134 0
135 0
136 0
137 1
138 -1 -1 1855 8 0 1 0 0 2 0 0 0 0 0
139 1
140 -1 -1 3709 8 0 2 0 0 0 0 0 0 0 1
141 -1 -1 3708 8 0 0 0 0 0 0 98 0 0 1854 -580 1724 3588 5582 36 927 4621 4650 1530 1908 3 1
142 -1 -1 926 8 0 9 1 0 7 0 5 0 0 463 1948 7666 -4264 -5220 384 0
143 1
144 -1 -1 925 8 0 4 0 0 13 0 1 0 0 0
145 1
146 -1 -1 1849 8 0 25 0 0 1 0 0 0 0 1
147 -1 -1 1848 8 0 19 0 0 4 0 26 0 0 924 2147 -476 -2213 4324 35 462 3988 -7088 2193 -3959 30 231 4452 -7456 2347 7313 86 1
148 -1 -1 230 8 0 28 9 2 12 0 0 12 0 115 4915 -2658 -1600 2827 23 0
149 0
150 0
151 1
152 -1 -1 919 8 0 2 0 0 1 20 0 0 0 0
153 1
154 -1 -1 1837 8 0 25 0 0 9 1 13 0 0 1
155 -1 -1 1836 8 0 39 0 0 0 1 0 0 0 918 1483 -7016 102 3055 128 459 4868 5736 3131 -573 331 0
156 1
157 -1 -1 917 8 0 22 0 0 1 0 1 0 0 0
158 0
159 1
160 -1 -1 3667 8 0 13 0 0 4 0 0 0 0 1
161 -1 -1 3666 8 0 8 0 62 7 2 0 0 2 1833 3112 5824 -828 4247 3 1
162 -1 -1 1832 8 0 6 0 0 10 0 3 0 0 916 2474 -3587 -4207 -4826 395 458 -3666 7588 214 7220 2 229 907 -7566 -2030 -1411 7 0
163 1
164 -1 -1 457 8 0 22 3 3 9 8 9 3 0 0
165 0
166 1
167 -1 -1 1827 8 0 20 0 2 1 0 0 0 0 1
168 -1 -1 1826 8 0 20 1 0 13 17 0 0 0 913 1283 -4359 170 6096 15 0
169 1
170 -1 -1 1825 8 0 20 0 4 9 0 0 3 4 0
171 1
172 -1 -1 3649 8 0 213 0 0 31 0 1 0 0 1
173 -1 -1 3648 8 0 188 0 1 0 0 0 0 0 1824 4410 1155 -3072 -547 3 912 3282 -614 2632 -3472 4 456 3605 7380 1839 4854 7 228 4938 7165 349 7169 29 114 4171 -2847 1219 7192 73 57 2548 -6274 -279 233 29 0
174 0
175 0
176 0
177 1
178 -1 -1 911 8 0 1 22 0 1 3 0 0 29 0
179 1
180 -1 -1 1821 8 0 1 6 0 1 0 12 0 5 1
181 -1 -1 1820 8 0 9 1 0 42 0 5 0 2 910 618 -2167 3687 -3361 31 455 1145 7114 3809 5651 104 0
182 0
183 1
184 -1 -1 1819 8 0 13 0 0 9 0 24 2 0 1
185 -1 -1 1818 8 0 46 0 0 14 5 4 0 0 909 3341 4507 -3970 6006 19 0
186 1
187 -1 -1 1817 8 0 34 0 4 9 0 7 0 3 0
188 1
189 -1 -1 3633 8 0 19 14 18 6 0 0 0 0 1
190 -1 -1 3632 8 0 13 70 0 6 0 6 0 0 1816 2933 2149 -1537 1265 3 908 4581 -2342 3764 5475 16 454 4759 -5982 -3442 -7130 187 227 1947 6765 1885 2766 2 0
191 0
192 1
193 -1 -1 907 8 0 1 0 33 8 0 1 0 0 1
194 -1 -1 906 8 0 11 9 14 3 13 0 0 11 453 579 -3028 -4410 1165 14 0
195 0
196 1
197 -1 -1 1811 8 0 3 26 3 2 0 5 0 0 1
198 -1 -1 1810 8 0 13 0 39 3 1 0 0 0 905 3793 3375 -3963 2647 17 0
199 0
200 1
201 -1 -1 3619 8 0 10 5 27 1 0 0 0 1 1
202 -1 -1 3618 8 0 18 0 6 16 0 0 0 0 1809 4958 3314 2869 7851 38 0
203 1
204 -1 -1 3617 8 0 82 0 2 5 0 0 0 0 1
205 -1 -1 3616 8 0 52 14 4 39 4 4 0 0 1808 -1732 -1887 3819 7639 15 904 3468 2221 763 7808 34 452 2891 4428 1488 -2044 5 226 -288 4096 -600 2243 1 113 -1862 7318 -4590 -575 18 0
206 0
207 0
208 1
209 -1 -1 903 8 0 2 0 0 0 0 0 24 0 1
210 -1 -1 902 8 0 0 0 0 0 42 1 6 0 451 -578 107 4306 -84 93 0
211 0
212 1
213 -1 -1 1803 8 0 2 1 0 0 0 0 0 10 1
214 -1 -1 1802 8 0 0 18 17 17 3 0 5 4 901 4259 5435 -3174 7007 393 0
215 1
216 -1 -1 1801 8 0 0 0 13 1 0 4 0 6 0
217 1
218 -1 -1 3601 8 0 0 0 0 4 13 3 2 2 1
219 -1 -1 3600 8 0 4 0 2 5 3 2 30 0 1800 2128 5600 14 3609 10 900 508 3517 -128 6481 110 450 4789 2505 4625 -7553 381 225 692 -946 2826 2259 389 0
220 0
221 0
222 1
223 -1 -1 1799 8 0 13 0 16 3 0 1 0 3 0
224 1
225 -1 -1 3597 8 0 3 0 0 0 1 1 0 4 1
226 -1 -1 3596 8 0 7 0 0 3 0 0 78 0 1798 -1174 6453 268 -908 24 899 1818 2809 1677 6778 345 0
227 1
228 -1 -1 1797 8 0 2 1 6 2 0 0 8 2 0
229 1
230 -1 -1 3593 8 0 23 3 3 2 0 0 0 5 1
231 -1 -1 3592 8 0 89 0 0 8 0 0 8 0 1796 2248 2219 -1670 -3731 10 898 1974 4456 889 144 5 449 -1292 1880 -1229 -2387 11 0
232 0
233 1
234 -1 -1 1795 8 0 10 0 4 2 0 0 5 0 0
235 1
236 -1 -1 3589 8 0 2 1 0 6 1 1 0 43 1
237 -1 -1 3588 8 0 3 24 0 0 0 0 25 30 1794 190 -5487 -3395 -7302 382 897 -1662 3048 -1477 7569 6 0
238 1
239 -1 -1 1793 8 0 6 0 1 13 17 14 0 9 0
240 1
241 -1 -1 3585 8 0 4 31 0 3 0 1 2 15 1
242 -1 -1 3584 8 0 93 5 6 39 5 10 12 16 1792 3779 4778 -699 455 15 896 3526 5287 4507 3281 9 448 147 -579 4610 -1751 149 224 4298 -4051 2651 5508 1 112 510 -433 -395 575 2 56 -1322 5716 -146 -5483 344 28 2825 -6346 -249 4183 4 14 1315 5007 2550 1380 3 7 4658 -6324 1982 2840 191 0
243 0
244 0
245 0
246 0
247 1
248 -1 -1 223 8 0 2 7 1 3 0 24 0 11 0
249 1
250 -1 -1 445 8 0 0 0 16 0 0 0 0 1 0
251 1
252 -1 -1 889 8 0 2 0 0 7 0 2 0 0 0
253 0
254 1
255 -1 -1 3555 8 0 0 0 0 0 0 1 0 118 1
256 -1 -1 3554 8 0 2 0 3 3 0 0 0 42 1777 -1335 -1147 -3041 1519 2 1
257 -1 -1 1776 8 0 3 1 0 5 0 0 0 1 888 1658 1050 -604 -6397 384 444 -4795 -3510 -2356 5607 282 222 -3333 6732 -4910 6319 148 111 4624 3034 -3813 2109 400 0
258 1
259 -1 -1 221 8 0 3 7 9 3 0 0 0 8 0
260 1
261 -1 -1 441 8 0 57 0 0 0 0 0 0 0 1
262 -1 -1 440 8 0 14 4 0 3 3 0 0 0 220 4546 -7523 4645 1664 286 110 5000 7717 -265 -317 16 55 1869 1547 4135 -3414 5 0
263 0
264 0
265 1
266 -1 -1 439 8 0 6 0 0 2 11 19 1 0 1
267 -1 -1 438 8 0 0 23 0 2 0 0 0 9 219 540 152 -2018 7882 400 0
268 0
269 1
270 -1 -1 875 8 0 0 2 2 1 0 0 0 0 0
271 1
272 -1 -1 1749 8 0 0 0 0 0 0 0 24 0 1
273 -1 -1 1748 8 0 0 0 0 0 0 0 65 0 874 -4262 -2889 2547 4280 30 437 2976 -3503 557 2298 27 1
274 -1 -1 436 8 0 8 0 0 1 3 0 0 0 218 4646 -7045 -568 197 31 109 -365 1077 4718 -6657 1 0
275 0
276 1
277 -1 -1 435 8 0 8 3 24 2 0 0 8 0 1
278 -1 -1 434 8 0 23 5 0 0 0 0 0 7 217 -4743 -519 -3760 5356 25 0
279 1
280 -1 -1 433 8 0 27 0 0 0 3 3 15 8 0
281 1
282 -1 -1 865 8 0 6 0 0 0 2 12 0 0 0
283 1
284 -1 -1 1729 8 0 7 0 0 3 0 5 4 0 0
285 1
286 -1 -1 3457 8 0 21 0 0 3 4 0 2 0 1
287 -1 -1 3456 8 0 98 0 0 0 2 0 1 0 1728 4452 -304 -2933 -7720 11 864 -2171 -5286 2104 -4057 22 432 -3212 -952 59 -963 14 216 -1249 -1797 -1464 -4277 213 108 -4266 3265 4789 -6004 393 54 4659 3985 560 -696 8 27 3380 7313 4989 -182 13 0
288 0
289 0
290 0
291 1
292 -1 -1 431 8 0 5 0 0 3 0 0 0 15 0
293 0
294 1
295 -1 -1 1723 8 0 0 0 0 0 0 0 0 7 0
296 1
297 -1 -1 3445 8 0 5 6 0 0 0 0 0 0 1
298 -1 -1 3444 8 0 3 189 0 2 0 0 0 0 1722 -222 -5183 4116 -4038 392 861 4485 -7313 -1703 -7574 13 1
299 -1 -1 860 8 0 6 4 0 2 0 0 0 16 430 -1201 648 927 4354 16 215 2169 -7346 -740 2777 5 1
300 -1 -1 214 8 0 31 2 2 0 0 2 0 6 107 -2726 1640 4291 -2745 6 0
301 0
302 0
303 1
304 -1 -1 855 8 0 0 0 0 0 0 0 0 23 1
305 -1 -1 854 8 0 2 3 2 3 36 1 0 0 427 3657 -5797 -4874 -6113 385 0
306 0
307 1
308 -1 -1 1707 8 0 0 0 0 0 4 0 0 4 0
309 1
310 -1 -1 3413 8 0 0 6 0 6 0 0 3 0 1
311 -1 -1 3412 8 0 0 0 0 1 0 0 70 0 1706 -289 -4621 -1976 -402 42 853 -177 -242 4412 998 335 0
312 1
313 -1 -1 1705 8 0 5 4 8 1 0 0 22 3 0
314 1
315 -1 -1 3409 8 0 0 4 0 0 0 9 0 0 1
316 -1 -1 3408 8 0 9 116 1 8 6 0 20 1 1704 3575 -5424 4209 -3207 56 852 -2712 5053 -1520 6284 378 426 3408 -4825 796 5626 246 213 1225 -3842 4793 -3237 278 0
317 0
318 0
319 1
320 -1 -1 1703 8 0 5 10 0 3 6 1 0 4 0
321 1
322 -1 -1 3405 8 0 0 0 0 4 0 1 0 0 1
323 -1 -1 3404 8 0 1 1 0 2 0 2 0 65 1702 3759 -2543 -3493 -368 204 851 4563 6922 4438 -1017 389 0
324 0
325 1
326 -1 -1 3403 8 0 0 19 1 1 60 0 0 2 1
327 -1 -1 3402 8 0 0 22 2 5 0 4 0 1 1701 4599 7579 -2972 -2685 126 0
328 1
329 -1 -1 3401 8 0 2 10 53 1 1 1 3 13 1
330 -1 -1 3400 8 0 4 116 63 11 10 2 0 2 1700 4667 -3335 -4921 -4422 197 850 -4724 5562 1014 3814 8 425 -3551 7235 1724 5429 274 0
331 0
332 0
333 1
334 -1 -1 3399 8 0 0 0 0 3 0 0 7 1 1
335 -1 -1 3398 8 0 0 3 0 7 6 0 0 93 1699 -1833 1886 4360 -193 327 1
336 -1 -1 1698 8 0 2 27 0 13 0 0 0 2 849 -3463 3484 1033 269 1 0
337 0
338 1
339 -1 -1 3395 8 0 10 2 1 0 0 0 33 2 1
340 -1 -1 3394 8 0 5 1 104 5 0 0 6 28 1697 2383 7248 -843 378 255 0
341 1
342 -1 -1 3393 8 0 7 29 11 65 13 3 21 12 1
343 -1 -1 3392 8 0 8 78 86 33 1 16 5 46 1696 1285 1344 4925 -4220 19 848 -2047 7988 -3733 2606 280 424 4556 -5991 124 767 227 212 1178 3412 -3653 -2572 222 106 -4962 3055 2194 5096 335 53 -1378 -397 3497 7869 346 0
344 0
345 0
346 0
347 1
348 -1 -1 847 8 0 0 35 2 0 0 0 0 0 1
349 -1 -1 846 8 0 12 3 0 2 0 10 0 18 423 -4983 6689 -3997 -6887 61 1
350 -1 -1 422 8 0 11 0 1 0 42 0 0 1 211 -336 -454 4664 -5331 0 0
351 0
352 1
353 -1 -1 843 8 0 5 0 0 0 16 0 22 13 1
354 -1 -1 842 8 0 15 0 0 4 0 5 0 0 421 4920 1515 -3606 -4839 37 0
355 1
356 -1 -1 841 8 0 9 1 0 0 0 1 5 0 0
357 1
358 -1 -1 1681 8 0 8 0 0 1 0 0 0 4 0
359 1
360 -1 -1 3361 8 0 5 0 2 1 0 0 0 0 1
361 -1 -1 3360 8 0 86 0 0 0 0 1 0 0 1680 2050 3844 3949 3700 372 840 -3470 1213 1390 425 245 420 1885 2997 -3831 -560 9 210 2599 -212 -2125 -1049 10 105 3572 5532 -3809 313 278 0
362 0
363 0
364 0
365 1
366 -1 -1 1679 8 0 0 2 12 2 0 0 5 0 0
367 1
368 -1 -1 3357 8 0 1 1 0 0 2 1 0 0 1
369 -1 -1 3356 8 0 0 93 0 0 0 0 0 0 1678 4415 1971 -3927 -6656 399 839 3527 2968 -509 5953 389 0
370 0
371 1
372 -1 -1 3355 8 0 0 19 0 0 0 0 0 0 1
373 -1 -1 3354 8 0 0 41 0 3 0 0 2 104 1677 4661 -159 921 2267 18 0
374 1
375 -1 -1 3353 8 0 0 18 22 2 0 0 0 10 1
376 -1 -1 3352 8 0 2 0 0 5 0 0 8 5 1676 3803 3205 -3777 -2656 37 838 4833 6642 -1870 1293 31 419 1583 7937 -1219 -4023 355 0
377 0
378 1
379 -1 -1 1675 8 0 0 0 27 8 2 0 7 1 0
380 1
381 -1 -1 3349 8 0 0 0 7 3 0 0 0 9 1
382 -1 -1 3348 8 0 1 0 0 0 0 0 1 118 1674 -3319 -977 -3044 -7963 256 837 3502 -3805 -4848 -7702 351 0
383 0
384 1
385 -1 -1 3347 8 0 0 0 17 4 0 0 0 1 1
386 -1 -1 3346 8 0 2 10 10 0 85 0 0 0 1673 870 492 -4900 -5179 322 0
387 1
388 -1 -1 3345 8 0 2 20 15 13 2 0 25 24 1
389 -1 -1 3344 8 0 2 32 203 13 9 1 4 2 1672 1717 -1578 -4736 5652 309 836 941 4549 2849 7419 8 418 4871 -4369 1539 -4188 318 209 1941 932 4661 -3780 334 0
390 0
391 0
392 0
393 1
394 -1 -1 3343 8 0 0 0 0 0 2 0 0 8 1
395 -1 -1 3342 8 0 0 2 1 2 0 0 60 2 1671 4886 1893 2981 6830 20 1
396 -1 -1 1670 8 0 0 7 0 6 3 0 2 0 835 3721 7779 -2587 1560 38 0
397 0
398 1
399 -1 -1 3339 8 0 0 16 109 17 1 12 11 11 1
400 -1 -1 3338 8 0 0 20 111 14 100 3 3 8 1669 -46 -2837 -4648 2750 220 0
401 1
402 -1 -1 3337 8 0 0 23 18 23 281 0 11 61 1
403 -1 -1 3336 8 0 3 99 105 33 117 2 19 39 1668 -1180 -1088 -3344 5884 241 834 3601 7753 -3407 4744 339 417 -2650 687 -2456 -5857 353 0
404 0
405 0
406 1
407 -1 -1 3335 8 0 0 0 0 2 6 1 0 159 1
408 -1 -1 3334 8 0 1 7 2 13 1 0 1 10 1667 2239 -4300 4664 -602 255 0
409 1
410 -1 -1 3333 8 0 0 2 11 13 67 0 0 4 1
411 -1 -1 3332 8 0 9 25 16 72 29 1 5 1 1666 -4175 4093 153 -726 21 833 3230 -5240 2184 3159 262 0
412 0
413 1
414 -1 -1 3331 8 0 2 28 15 7 0 0 7 0 1
415 -1 -1 3330 8 0 1 23 13 6 4 1 161 131 1665 56 1109 -3755 2319 312 0
416 1
417 -1 -1 3329 8 0 5 355 414 246 550 16 720 132 1
418 -1 -1 3328 8 0 7 237 460 77 482 20 1613 162 1664 3034 2883 -3968 7845 1 832 3762 3977 3482 -3694 301 416 -4659 3827 -2157 7458 3 208 3778 6345 894 2492 25 104 3462 2947 3064 -7551 325 52 -171 124 3536 -2145 400 26 -4769 7156 1582 -1722 4 13 -900 759 -4668 7183 396 0
419 0
420 0
421 0
422 0
423 1
424 -1 -1 415 8 0 0 3 2 4 0 0 0 5 0
425 1
426 -1 -1 829 8 0 0 0 0 5 1 0 0 11 0
427 1
428 -1 -1 1657 8 0 0 0 0 0 0 0 0 37 1
429 -1 -1 1656 8 0 0 0 0 0 0 0 0 54 828 395 7774 3069 -3555 124 414 3911 4643 2257 -4735 6 207 -211 -787 -975 -2977 20 0
430 0
431 0
432 1
433 -1 -1 1655 8 0 2 2 0 0 51 0 2 2 1
434 -1 -1 1654 8 0 0 16 5 7 2 0 6 1 827 3101 4927 -3854 5131 12 0
435 0
436 1
437 -1 -1 3307 8 0 0 0 3 6 9 0 1 3 1
438 -1 -1 3306 8 0 1 2 42 0 27 0 0 0 1653 3316 5295 4847 -807 44 0
439 1
440 -1 -1 3305 8 0 0 0 12 1 8 0 0 1 1
441 -1 -1 3304 8 0 0 0 108 3 0 0 0 0 1652 1826 2557 -1928 2518 35 826 4867 -6471 -4989 -4517 24 413 -659 3755 4732 7017 310 0
442 0
443 1
444 -1 -1 1651 8 0 0 1 1 0 0 0 1 18 0
445 1
446 -1 -1 3301 8 0 0 0 0 6 0 0 0 8 1
447 -1 -1 3300 8 0 0 0 174 9 4 0 0 0 1650 -4859 1220 2010 5362 0 825 1327 3516 -3847 -6966 386 0
448 0
449 1
450 -1 -1 3299 8 0 0 1 0 2 3 0 0 69 1
451 -1 -1 3298 8 0 0 20 7 0 0 0 0 8 1649 -142 -1423 -4972 -6154 211 0
452 1
453 -1 -1 3297 8 0 1 0 49 0 7 0 0 5 1
454 -1 -1 3296 8 0 0 12 25 29 1 0 0 37 1648 3784 1897 -4727 1351 259 824 4986 -4898 173 1072 40 412 4436 -7795 4853 -547 338 206 4462 3149 2719 -6982 53 103 -1067 -7922 -3217 -5922 231 0
455 0
456 0
457 1
458 -1 -1 823 8 0 5 1 4 1 4 0 0 8 1
459 -1 -1 822 8 0 5 1 0 1 0 0 53 1 411 532 -1428 -968 -7228 231 0
460 0
461 0
462 1
463 -1 -1 3287 8 0 10 41 0 8 1 0 0 0 1
464 -1 -1 3286 8 0 11 0 5 2 9 0 0 0 1643 -2904 -878 -3922 3359 8 0
465 1
466 -1 -1 3285 8 0 10 0 0 3 0 1 0 2 1
467 -1 -1 3284 8 0 1 1 5 2 0 0 0 63 1642 578 762 -1099 -2042 6 821 896 2331 -3264 3071 3 0
468 1
469 -1 -1 1641 8 0 4 6 0 15 36 1 0 2 0
470 1
471 -1 -1 3281 8 0 1 0 15 1 0 0 2 16 1
472 -1 -1 3280 8 0 0 37 86 101 14 1 5 7 1640 -523 4567 -2063 386 324 820 -4580 4917 776 -6161 344 410 -203 877 1629 -5189 377 205 -920 5744 -2512 2990 356 0
473 0
474 0
475 1
476 -1 -1 1639 8 0 22 0 0 2 0 0 0 0 1
477 -1 -1 1638 8 0 13 0 0 4 0 41 0 0 819 2838 -567 -3639 -7740 397 0
478 0
479 1
480 -1 -1 3275 8 0 1 0 0 42 0 67 0 0 1
481 -1 -1 3274 8 0 0 1 0 31 0 2 0 3 1637 4322 434 -3445 -6998 292 0
482 1
483 -1 -1 3273 8 0 3 0 0 4 0 3 0 20 1
484 -1 -1 3272 8 0 3 5 0 69 0 1 0 0 1636 -4605 -217 -3797 4764 33 818 784 -2385 1492 3166 10 409 563 -577 -4877 -6452 364 0
485 0
486 1
487 -1 -1 1635 8 0 0 0 36 14 1 0 0 16 0
488 1
489 -1 -1 3269 8 0 6 0 0 5 0 4 0 0 1
490 -1 -1 3268 8 0 0 13 3 11 0 1 0 73 1634 3809 3196 -2770 -6874 339 817 4481 7424 3583 1123 8 0
491 1
492 -1 -1 1633 8 0 1 0 0 20 0 11 0 9 1
493 -1 -1 1632 8 0 3 0 3 51 0 0 0 0 816 4781 -2540 -2543 7566 21 408 4996 -6974 -4074 1093 210 204 -831 2386 -834 6998 1 102 3368 5038 3576 -6428 0 51 494 3537 393 -111 11 0
494 0
495 0
496 0
497 0
498 1
499 -1 -1 1631 8 0 14 14 1 0 1 0 0 9 0
500 1
501 -1 -1 3261 8 0 2 1 54 1 0 0 0 0 1
502 -1 -1 3260 8 0 1 0 1 1 12 1 0 5 1630 -3186 1497 -2964 -4250 324 815 -3021 6833 1882 7996 364 0
503 1
504 -1 -1 1629 8 0 0 4 0 2 13 1 2 2 0
505 1
506 -1 -1 3257 8 0 2 1 6 3 0 0 0 0 1
507 -1 -1 3256 8 0 2 2 0 3 0 0 0 76 1628 -2698 731 -3983 -3138 328 814 2041 -3285 2872 2537 275 407 74 1239 3003 -349 342 0
508 0
509 1
510 -1 -1 1627 8 0 0 1 2 0 2 7 0 12 0
511 1
512 -1 -1 3253 8 0 2 6 1 12 0 0 0 313 1
513 -1 -1 3252 8 0 3 11 4 3 0 0 2 54 1626 -890 7929 -4000 4864 5 813 -106 7147 -2390 5931 19 0
514 0
515 1
516 -1 -1 3251 8 0 2 0 30 0 0 0 0 0 1
517 -1 -1 3250 8 0 3 18 16 3 1 3 3 51 1625 -1170 7647 1447 7378 400 0
518 1
519 -1 -1 3249 8 0 5 0 1 0 0 0 0 23 1
520 -1 -1 3248 8 0 0 1 1 24 0 1 1 62 1624 1567 5986 -4114 4818 28 812 96 173 -1699 -78 10 406 -2024 73 4815 -5165 308 203 -1891 -345 -532 3913 0 0
521 0
522 0
523 0
524 1
525 -1 -1 3247 8 0 0 0 2 1 0 8 0 3 1
526 -1 -1 3246 8 0 2 0 0 2 0 0 0 64 1623 -3327 1718 -4623 6526 4 1
527 -1 -1 1622 8 0 12 4 15 2 0 0 0 11 811 1955 7188 -2455 3354 10 0
528 1
529 -1 -1 1621 8 0 2 3 24 2 0 0 19 2 1
530 -1 -1 1620 8 0 23 0 8 11 1 0 0 9 810 880 4055 798 -312 8 405 1397 1222 2413 -7182 360 0
531 0
532 0
533 1
534 -1 -1 3239 8 0 1 43 0 1 0 0 0 3 1
535 -1 -1 3238 8 0 1 17 1 0 0 1 0 45 1619 153 -2878 1741 1724 8 0
536 1
537 -1 -1 3237 8 0 12 7 0 14 0 2 0 2 1
538 -1 -1 3236 8 0 14 46 0 1 0 0 0 1 1618 -1316 0 -4986 -1269 6 809 -1157 5829 328 733 3 0
539 0
540 1
541 -1 -1 3235 8 0 11 7 0 3 0 1 0 4 1
542 -1 -1 3234 8 0 1 0 6 2 55 0 0 2 1617 739 -886 2045 7871 6 0
543 1
544 -1 -1 3233 8 0 21 1 0 0 0 0 0 0 1
545 -1 -1 3232 8 0 8 24 0 10 3 0 20 6 1616 -403 470 -3215 -3419 400 808 -4208 5941 -1927 7102 1 404 -2679 5727 -2462 -4516 335 202 1724 4781 -3708 -3475 323 101 -3200 7364 -3234 -1041 10 0
546 0
547 1
548 -1 -1 403 8 0 10 0 22 0 6 3 0 0 0
549 0
550 1
551 -1 -1 1611 8 0 0 3 17 1 0 0 4 0 0
552 1
553 -1 -1 3221 8 0 0 4 6 5 8 0 0 0 1
554 -1 -1 3220 8 0 5 207 1 8 0 0 1 2 1610 4543 -1317 -3690 -7718 39 805 2605 7200 -2610 -5488 331 1
555 -1 -1 804 8 0 2 18 1 3 0 0 24 17 402 -861 2652 -4432 771 2 201 -11 2078 -1776 -4953 308 0
556 0
557 0
558 1
559 -1 -1 1607 8 0 2 50 0 1 1 0 0 9 1
560 -1 -1 1606 8 0 0 4 40 2 3 0 0 1 803 87 305 -3521 -3917 214 0
561 0
562 1
563 -1 -1 3211 8 0 0 17 0 4 0 0 2 8 1
564 -1 -1 3210 8 0 1 10 1 6 2 0 0 206 1605 -1915 3791 -4307 609 6 0
565 1
566 -1 -1 3209 8 0 0 4 23 3 0 0 0 79 1
567 -1 -1 3208 8 0 1 61 13 15 0 0 0 24 1604 2119 971 -4845 -4955 189 802 -3689 -131 2968 2997 250 401 -1738 3756 169 3250 40 0
568 0
569 0
570 1
571 -1 -1 3207 8 0 0 0 25 5 10 0 0 0 1
572 -1 -1 3206 8 0 3 13 9 11 2 0 0 9 1603 1319 4282 -945 5114 9 0
573 1
574 -1 -1 3205 8 0 0 1 0 2 0 0 1 28 1
575 -1 -1 3204 8 0 2 6 6 17 0 0 0 13 1602 -1571 5970 -3808 -5209 270 801 1176 4672 1787 -5310 35 0
576 0
577 1
578 -1 -1 3203 8 0 1 0 1 8 0 0 0 26 1
579 -1 -1 3202 8 0 0 15 21 1 0 0 0 4 1601 -1232 1765 -2525 -5768 179 0
580 1
581 -1 -1 3201 8 0 14 7 0 3 2 1 6 7 1
582 -1 -1 3200 8 0 2 218 11 36 6 2 1 18 1600 412 112 2430 -6661 382 800 4488 -4907 709 4344 280 400 2308 699 -3324 -862 16 200 -3807 1454 591 -202 9 100 590 1484 -4307 -2619 260 50 -636 910 -3275 -5892 300 25 3641 2818 -4963 -7664 54 0
583 0
584 0
585 0
586 0
587 1
588 -1 -1 799 8 0 14 0 0 10 0 0 0 0 0
589 1
590 -1 -1 1597 8 0 0 0 1 1 0 0 0 66 1
591 -1 -1 1596 8 0 10 6 4 6 4 2 0 13 798 672 -1381 4192 2128 31 399 -1768 -30 -633 7096 15 0
592 1
593 -1 -1 797 8 0 1 10 0 2 0 0 0 0 0
594 1
595 -1 -1 1593 8 0 28 0 0 2 0 0 0 0 1
596 -1 -1 1592 8 0 23 1 2 25 0 0 0 0 796 -4690 -877 4470 3435 1 398 916 -1304 -3572 4792 48 199 1753 6746 4819 5559 3 0
597 0
598 0
599 1
600 -1 -1 1591 8 0 1 4 0 2 4 3 25 0 0
601 1
602 -1 -1 3181 8 0 0 0 0 4 0 45 0 0 1
603 -1 -1 3180 8 0 0 0 1 6 12 2 0 7 1590 1235 3741 -3366 5555 17 795 3179 2479 -3586 -946 41 0
604 0
605 1
606 -1 -1 3179 8 0 3 0 0 0 0 79 0 0 1
607 -1 -1 3178 8 0 2 0 5 1 0 0 0 0 1589 -4137 1857 1741 -578 161 0
608 1
609 -1 -1 3177 8 0 12 1 37 12 0 23 0 1 1
610 -1 -1 3176 8 0 59 2 15 23 36 12 0 0 1588 -2030 -656 -4985 -288 11 794 -3414 -7447 228 -3439 369 397 3647 4473 -3351 3569 28 0
611 0
612 1
613 -1 -1 1587 8 0 3 0 19 0 0 0 0 0 1
614 -1 -1 1586 8 0 8 54 4 2 1 0 0 0 793 -1486 -7802 -2809 4436 3 0
615 1
616 -1 -1 1585 8 0 1 1 4 8 0 16 0 7 0
617 1
618 -1 -1 3169 8 0 0 0 1 0 4 12 0 0 1
619 -1 -1 3168 8 0 12 9 132 16 6 2 0 0 1584 -2207 6958 2344 5799 128 792 -3109 -910 777 -2853 57 396 3261 6608 82 599 41 198 -4507 1313 -4470 -7828 399 99 1118 901 4738 7888 16 0
620 0
621 0
622 1
623 -1 -1 791 8 0 21 6 27 2 0 1 0 0 1
624 -1 -1 790 8 0 1 0 0 0 0 4 7 12 395 -1145 7647 -1562 -1964 282 0
625 1
626 -1 -1 789 8 0 0 0 1 6 0 1 28 0 0
627 0
628 1
629 -1 -1 3155 8 0 4 0 0 7 0 0 3 0 1
630 -1 -1 3154 8 0 3 0 0 22 0 100 0 0 1577 4612 -86 -1614 -1814 382 1
631 -1 -1 1576 8 0 3 1 0 46 0 9 0 0 788 3641 1737 -4492 -3152 354 394 4894 3960 1959 2212 20 197 1859 5203 3384 490 57 0
632 0
633 0
634 0
635 1
636 -1 -1 3151 8 0 12 1 0 1 45 0 5 10 1
637 -1 -1 3150 8 0 1 48 0 12 3 4 0 0 1575 3138 4989 -1544 -2130 397 0
638 1
639 -1 -1 3149 8 0 0 0 7 14 4 0 0 0 1
640 -1 -1 3148 8 0 0 13 3 1 0 0 59 0 1574 -2406 -1902 -1051 -5980 9 787 224 465 -3386 -6933 364 0
641 0
642 1
643 -1 -1 3147 8 0 1 15 0 25 0 23 0 0 1
644 -1 -1 3146 8 0 0 135 2 22 0 9 2 0 1573 -4584 -2225 -2078 -7931 69 1
645 -1 -1 1572 8 0 4 6 2 9 0 16 0 28 786 -666 5411 -2478 -1104 0 393 2286 3784 -1083 -645 24 0
646 0
647 0
648 1
649 -1 -1 3143 8 0 13 0 12 3 23 0 1 3 1
650 -1 -1 3142 8 0 0 42 0 6 10 1 5 0 1571 2296 6758 -810 -6821 399 0
651 1
652 -1 -1 3141 8 0 6 28 36 10 3 0 1 1 1
653 -1 -1 3140 8 0 4 363 21 3 5 0 0 5 1570 -4099 -1874 915 159 0 785 -31 35 -4630 -4354 336 0
654 1
655 -1 -1 1569 8 0 0 6 1 5 22 0 1 4 0
656 1
657 -1 -1 3137 8 0 4 8 0 3 0 0 0 0 1
658 -1 -1 3136 8 0 0 5 128 17 3 3 5 7 1568 -4040 2942 4272 7562 1 784 427 -6978 1948 370 3 392 -745 5602 -215 -5252 356 196 1564 515 -3634 -6586 352 98 4399 -6495 -4512 -6937 338 49 645 897 3356 -7694 396 0
659 0
660 0
661 0
662 0
663 0
664 1
665 -1 -1 3135 8 0 0 0 0 3 0 0 0 0 1
666 -1 -1 3134 8 0 0 0 0 0 75 0 1 3 1567 3231 -5356 3651 3255 203 0
667 1
668 -1 -1 3133 8 0 1 0 22 0 2 0 1 21 1
669 -1 -1 3132 8 0 5 42 4 1 3 0 0 2 1566 -2278 4124 -1816 7385 2 783 -873 3920 -4418 2895 290 0
670 0
671 1
672 -1 -1 3131 8 0 0 0 0 0 6 0 0 0 1
673 -1 -1 3130 8 0 0 0 95 1 1 0 0 1 1565 3188 -2336 1992 -1552 159 1
674 -1 -1 1564 8 0 5 0 0 1 1 0 2 4 782 -2094 5658 -598 651 1 391 4357 7392 -3338 -4897 392 0
675 1
676 -1 -1 781 8 0 8 0 12 2 12 9 3 9 0
677 0
678 1
679 -1 -1 3123 8 0 4 0 0 1 0 1 0 5 1
680 -1 -1 3122 8 0 0 0 0 1 0 0 0 70 1561 -4826 -2630 -1378 7777 4 1
681 -1 -1 1560 8 0 3 0 0 0 2 3 13 6 780 -1352 1254 -1999 -5886 219 390 2906 4244 542 -7745 288 195 4730 7060 -2971 -2931 318 0
682 0
683 0
684 0
685 1
686 -1 -1 3119 8 0 0 114 0 1 6 0 0 0 1
687 -1 -1 3118 8 0 0 23 12 2 2 0 0 0 1559 -3108 5611 4016 -3153 280 0
688 1
689 -1 -1 3117 8 0 2 35 0 1 0 8 0 0 1
690 -1 -1 3116 8 0 0 191 225 56 69 0 1 7 1558 3450 2406 1645 -5592 362 779 1520 7565 3 -15 62 0
691 0
692 1
693 -1 -1 3115 8 0 0 4 0 2 0 3 0 0 1
694 -1 -1 3114 8 0 0 0 0 8 77 0 0 0 1557 601 49 -3281 -7318 305 0
695 1
696 -1 -1 3113 8 0 0 19 2 28 7 0 0 4 1
697 -1 -1 3112 8 0 1 34 113 10 53 0 0 0 1556 -181 1671 182 -6455 334 778 -4180 7950 -467 2291 54 389 1500 5780 -2707 5131 1 0
698 0
699 1
700 -1 -1 1555 8 0 0 43 3 1 0 0 0 0 0
701 1
702 -1 -1 3109 8 0 0 0 0 5 2 0 135 2 1
703 -1 -1 3108 8 0 0 0 1 14 4 0 0 0 1554 -1712 -7170 4779 1483 0 777 -4237 -3648 -3260 -7013 343 0
704 0
705 1
706 -1 -1 3107 8 0 2 76 16 32 30 0 10 7 1
707 -1 -1 3106 8 0 2 8 114 23 44 2 5 0 1553 -4703 6500 -2627 -4527 245 0
708 1
709 -1 -1 3105 8 0 0 245 26 19 1 0 8 10 1
710 -1 -1 3104 8 0 4 84 18 46 49 0 2 92 1552 -3436 5747 4592 157 238 776 1380 5381 -4609 -6030 242 388 -4880 -1224 799 -5565 284 194 2004 6086 -3473 -7442 285 97 -2877 6141 3992 -1562 399 0
711 0
712 0
713 0
714 0
715 1
716 -1 -1 3103 8 0 3 0 1 8 2 4 3 0 1
717 -1 -1 3102 8 0 1 0 3 1 0 1 0 76 1551 872 1156 2444 -7360 327 1
718 -1 -1 1550 8 0 1 0 47 0 0 0 0 5 775 1039 24 -4195 -3505 293 0
719 1
720 -1 -1 1549 8 0 0 0 5 3 43 0 0 6 1
721 -1 -1 1548 8 0 0 1 0 12 1 0 0 0 774 3086 405 -4172 65 44 387 4930 5933 670 -5763 255 0
722 0
723 1
724 -1 -1 1547 8 0 0 0 0 1 0 1 12 16 0
725 1
726 -1 -1 3093 8 0 1 2 16 28 0 3 3 9 1
727 -1 -1 3092 8 0 3 5 0 120 0 9 0 4 1546 4833 6491 406 718 24 773 2714 -3315 1991 -7128 380 0
728 0
729 1
730 -1 -1 3091 8 0 0 76 18 7 0 0 0 0 1
731 -1 -1 3090 8 0 3 0 0 8 0 0 0 6 1545 -1829 7492 -1926 -7021 310 1
732 -1 -1 1544 8 0 4 0 9 37 2 8 0 2 772 3862 4191 -296 -7457 313 386 4816 4881 -3159 -6037 333 193 4908 1815 -1870 1720 32 0
733 0
734 0
735 0
736 1
737 -1 -1 3087 8 0 1 0 0 21 1 2 1 0 1
738 -1 -1 3086 8 0 0 35 59 15 0 0 0 0 1543 -2359 1946 -3726 -4561 342 0
739 1
740 -1 -1 3085 8 0 0 15 5 11 34 3 2 0 1
741 -1 -1 3084 8 0 0 19 6 20 0 1 4 6 1542 -2971 7166 639 -365 14 771 4033 -655 -3642 -4206 308 0
742 0
743 1
744 -1 -1 3083 8 0 1 1 85 6 90 0 0 1 1
745 -1 -1 3082 8 0 3 0 1 6 103 0 0 0 1541 3716 7347 -590 1907 3 0
746 1
747 -1 -1 3081 8 0 3 44 72 9 68 0 0 0 1
748 -1 -1 3080 8 0 9 15 304 51 58 0 1 1 1540 -1598 2053 -3143 3556 21 770 -4804 5454 -4903 -3815 288 385 -558 2569 -4588 -7799 305 0
749 0
750 0
751 1
752 -1 -1 3079 8 0 1 2 0 4 7 0 33 0 1
753 -1 -1 3078 8 0 4 4 9 5 0 3 3 6 1539 4069 4337 4052 1955 6 0
754 1
755 -1 -1 3077 8 0 4 4 0 0 0 0 0 11 1
756 -1 -1 3076 8 0 1 1 117 50 198 0 1 1 1538 -213 -901 1790 -3456 334 769 339 6273 683 -963 259 0
757 0
758 1
759 -1 -1 3075 8 0 2 0 0 3 0 1 45 0 1
760 -1 -1 3074 8 0 1 3 11 15 38 0 20 0 1537 296 4494 -3256 -5109 315 0
761 1
762 -1 -1 3073 8 0 2 3 4 111 41 7 0 7 1
763 -1 -1 3072 8 0 4 75 25 77 13 0 0 11 1536 4724 805 -3978 -7613 237 768 4021 6150 -4057 7657 294 384 898 6444 -502 -4900 229 192 712 4861 2274 -7017 268 96 4903 -3190 -3066 -6325 309 48 -2382 5375 4573 -1710 96 24 1946 5024 -3343 -5798 358 12 3899 -7818 4730 7093 0 6 -4787 -6220 -1696 5804 0 3 3542 -1850 -3716 -6613 399 0
764 0
765 0
766 0
767 0
768 0
769 0
770 0
771 1
772 -1 -1 767 8 0 0 0 0 2 0 13 0 0 0
773 0
774 1
775 -1 -1 3067 8 0 0 0 0 1 0 0 89 0 1
776 -1 -1 3066 8 0 1 0 0 0 0 0 0 1 1533 -1530 -7716 2656 1248 25 1
777 -1 -1 1532 8 0 0 0 0 6 0 0 0 0 766 811 3810 -4403 4502 1 383 -2573 -7812 472 3632 49 1
778 -1 -1 382 8 0 14 4 8 4 0 1 0 0 191 -1111 -3730 4778 7067 369 0
779 1
780 -1 -1 381 8 0 24 5 8 14 0 11 0 0 0
781 0
782 1
783 -1 -1 1523 8 0 12 0 0 8 0 1 28 0 1
784 -1 -1 1522 8 0 32 0 0 0 0 0 1 0 761 289 -2766 -3683 -4477 6 0
785 0
786 1
787 -1 -1 3043 8 0 34 0 0 7 0 0 0 0 1
788 -1 -1 3042 8 0 155 0 0 1 0 0 0 0 1521 853 5299 -1691 3754 6 1
789 -1 -1 1520 8 0 28 3 0 11 0 0 0 0 760 -820 -6329 -4833 2536 14 380 139 -4836 -233 6484 46 190 3837 3727 -340 4487 11 95 -1223 -6085 -1159 -266 27 0
790 0
791 1
792 -1 -1 379 8 0 9 0 6 0 0 30 0 3 1
793 -1 -1 378 8 0 0 0 50 4 3 0 0 5 189 -4107 7671 -4555 1737 25 0
794 0
795 1
796 -1 -1 755 8 0 5 0 0 2 14 0 28 1 0
797 1
798 -1 -1 1509 8 0 0 0 0 2 4 0 2 7 0
799 1
800 -1 -1 3017 8 0 1 56 0 17 0 0 0 4 1
801 -1 -1 3016 8 0 6 12 0 2 13 0 1 0 1508 -1929 7260 -2569 2637 8 754 -667 -6480 -4379 -3304 18 377 1597 -4399 878 223 4 0
802 1
803 -1 -1 753 8 0 57 1 0 8 0 0 0 0 0
804 1
805 -1 -1 1505 8 0 5 0 2 11 50 0 0 0 1
806 -1 -1 1504 8 0 4 2 0 0 6 8 0 0 752 -2637 -3361 4701 7494 1 376 -3296 -6542 -2385 6442 7 188 -2538 7469 -2920 -2032 14 94 1584 7414 -2306 2278 43 47 -1316 -5699 -2013 2958 2 0
807 0
808 0
809 1
810 -1 -1 375 8 0 18 42 0 0 0 0 0 0 1
811 -1 -1 374 8 0 22 2 0 7 0 5 1 5 187 -3950 -7957 2244 -1794 348 0
812 1
813 -1 -1 373 8 0 10 8 0 1 1 0 6 0 0
814 0
815 1
816 -1 -1 1491 8 0 0 0 0 0 0 11 0 0 0
817 1
818 -1 -1 2981 8 0 0 0 0 0 0 0 0 73 1
819 -1 -1 2980 8 0 0 0 0 1 0 0 2 1 1490 -4550 -4485 136 399 41 745 -4209 6827 -2414 2200 12 0
820 0
821 1
822 -1 -1 2979 8 0 6 1 0 0 0 0 0 0 1
823 -1 -1 2978 8 0 18 0 0 10 0 1 0 86 1489 3003 -5789 1445 -411 389 1
824 -1 -1 1488 8 0 9 8 0 0 0 1 0 2 744 -1975 -1750 4473 211 352 372 1799 -4755 8 1591 37 186 2748 3078 -2745 -4596 244 93 2688 -4964 -2385 3562 399 0
825 0
826 0
827 0
828 0
829 1
830 -1 -1 2975 8 0 0 0 0 3 0 0 0 0 1
831 -1 -1 2974 8 0 7 0 0 4 0 105 0 0 1487 3846 -3192 -2311 5381 285 1
832 -1 -1 1486 8 0 1 0 0 4 0 0 0 0 743 -4474 -5993 -2253 4608 18 1
833 -1 -1 742 8 0 10 0 0 5 0 1 0 1 371 -2666 -5000 -922 584 5 0
834 0
835 1
836 -1 -1 1483 8 0 2 0 0 13 0 1 0 0 1
837 -1 -1 1482 8 0 32 0 1 2 0 25 0 0 741 4718 4876 -2344 3490 16 0
838 1
839 -1 -1 1481 8 0 0 0 0 1 0 0 0 5 1
840 -1 -1 1480 8 0 63 0 1 4 0 1 0 0 740 824 -5177 -792 1828 46 370 -4080 -449 1331 6457 11 185 3773 -7640 -1207 -1064 56 0
841 1
842 -1 -1 369 8 0 8 1 7 13 0 22 0 9 0
843 1
844 -1 -1 737 8 0 3 0 0 0 2 0 0 29 0
845 1
846 -1 -1 1473 8 0 12 11 0 5 0 2 15 15 1
847 -1 -1 1472 8 0 36 1 0 5 3 2 0 0 736 2876 5038 2198 -7115 0 368 -3467 6079 -1049 -2419 27 184 311 7575 -456 -4274 11 92 4394 -7470 -3801 3937 7 46 -3966 -6951 -3034 3784 161 23 -3603 4709 4061 -7531 232 0
848 0
849 0
850 0
851 0
852 1
853 -1 -1 735 8 0 0 0 0 3 2 0 0 0 0
854 0
855 1
856 -1 -1 2939 8 0 2 0 0 2 0 5 0 0 1
857 -1 -1 2938 8 0 0 0 0 4 0 86 0 0 1469 1476 5379 2453 3830 12 1
858 -1 -1 1468 8 0 5 0 0 0 0 11 0 0 734 -1660 -5999 4292 -4627 85 367 -2038 3101 -3999 7475 335 0
859 1
860 -1 -1 733 8 0 2 0 0 0 0 0 0 12 1
861 -1 -1 732 8 0 3 4 16 22 0 22 0 1 366 -3625 -2153 -4766 4951 2 183 3278 7794 -1375 2492 26 0
862 1
863 -1 -1 365 8 0 1 0 0 0 0 0 25 0 0
864 0
865 1
866 -1 -1 1459 8 0 4 0 0 6 11 1 4 0 1
867 -1 -1 1458 8 0 3 8 0 11 3 29 0 4 729 1108 -545 -254 6298 7 1
868 -1 -1 728 8 0 0 9 0 1 0 1 17 0 364 -768 607 -1779 -4617 5 182 1781 7586 -1301 1843 203 91 -2455 3638 -4088 -5475 20 0
869 0
870 1
871 -1 -1 363 8 0 1 11 3 0 0 0 1 0 0
872 0
873 1
874 -1 -1 1451 8 0 0 0 0 1 0 6 11 0 0
875 1
876 -1 -1 2901 8 0 2 0 0 0 0 0 4 0 1
877 -1 -1 2900 8 0 0 0 0 2 0 0 102 0 1450 2350 7820 536 -7682 341 725 -2398 3629 -3798 2642 3 1
878 -1 -1 724 8 0 3 0 0 4 22 2 32 2 362 -842 6195 2712 -7683 35 181 -1097 -1510 -4061 -6747 259 0
879 0
880 0
881 1
882 -1 -1 1447 8 0 1 0 0 6 6 0 0 0 0
883 1
884 -1 -1 2893 8 0 1 0 0 0 0 0 0 0 1
885 -1 -1 2892 8 0 1 0 0 0 87 0 0 0 1446 -3989 3734 657 1711 399 723 -3394 7865 -3732 -6715 32 1
886 -1 -1 722 8 0 5 0 6 12 11 3 7 0 361 20 -34 421 -6214 49 0
887 1
888 -1 -1 721 8 0 0 0 10 1 0 2 0 0 0
889 1
890 -1 -1 1441 8 0 7 1 0 16 0 0 24 0 1
891 -1 -1 1440 8 0 7 4 0 0 14 1 2 0 720 -3381 -1227 754 4210 2 360 -592 5474 -2161 -3494 15 180 153 5108 3008 2471 22 90 4731 7673 771 6288 11 45 -292 2882 -3207 -1507 14 0
892 0
893 0
894 1
895 -1 -1 359 8 0 2 0 0 6 0 0 0 8 0
896 1
897 -1 -1 717 8 0 1 0 24 5 0 5 0 0 0
898 1
899 -1 -1 1433 8 0 1 0 1 21 1 4 5 1 0
900 1
901 -1 -1 2865 8 0 1 0 0 9 0 0 2 0 1
902 -1 -1 2864 8 0 8 0 6 106 0 219 0 0 1432 3216 -1278 -709 6381 5 716 4403 -3950 -396 -6943 31 358 2014 -5508 -1097 -3278 15 179 2251 -112 -298 -6078 171 0
903 1
904 -1 -1 357 8 0 0 0 0 2 1 0 0 30 1
905 -1 -1 356 8 0 6 0 18 19 2 12 2 7 178 -3215 2380 265 795 33 89 323 5518 -1708 4825 4 0
906 0
907 1
908 -1 -1 355 8 0 8 1 0 14 0 40 4 0 1
909 -1 -1 354 8 0 2 2 0 36 12 8 0 4 177 3857 7455 785 -2996 335 0
910 1
911 -1 -1 353 8 0 4 0 29 18 0 8 0 0 0
912 0
913 1
914 -1 -1 1411 8 0 13 2 0 9 8 7 14 0 1
915 -1 -1 1410 8 0 5 0 1 11 38 6 0 4 705 -3442 -633 1299 4061 400 0
916 1
917 -1 -1 1409 8 0 0 1 0 4 1 1 0 11 0
918 1
919 -1 -1 2817 8 0 2 0 12 0 0 0 0 0 1
920 -1 -1 2816 8 0 25 0 0 12 0 1 28 0 1408 -3776 -676 -108 1762 7 704 -4441 -3147 1156 -2176 24 352 911 1423 2196 -6978 15 176 1395 6531 -1862 -7199 22 88 4046 5985 1799 -2865 71 44 -194 5888 118 2867 5 22 -4310 -4980 3095 -5944 396 11 -3901 -6724 -4057 -1719 0 0
921 0
922 0
923 0
924 0
925 1
926 -1 -1 351 8 0 2 0 0 0 0 0 0 29 1
927 -1 -1 350 8 0 1 0 9 32 0 7 0 12 175 516 -5984 -4458 -2642 206 0
928 0
929 1
930 -1 -1 699 8 0 1 0 1 1 0 1 0 3 0
931 1
932 -1 -1 1397 8 0 2 0 0 3 0 0 0 0 0
933 1
934 -1 -1 2793 8 0 0 0 0 12 0 3 0 0 1
935 -1 -1 2792 8 0 0 0 0 13 0 58 0 0 1396 4539 6757 -2236 -2638 267 698 3422 2726 -4903 1354 267 349 -391 -7774 -4874 2162 28 0
936 1
937 -1 -1 697 8 0 4 3 10 3 0 0 0 0 0
938 1
939 -1 -1 1393 8 0 18 0 1 7 0 23 8 0 1
940 -1 -1 1392 8 0 13 0 0 18 0 6 0 10 696 466 -4101 -4374 -7913 9 348 -2255 1210 915 -4679 251 174 4999 6212 2182 -4798 117 87 4293 5090 -1731 -1943 273 0
941 0
942 0
943 1
944 -1 -1 695 8 0 14 0 1 8 2 2 1 0 1
945 -1 -1 694 8 0 9 0 2 6 0 3 43 4 347 3078 -6462 -3665 2246 9 1
946 -1 -1 346 8 0 6 10 8 0 0 2 6 0 173 -695 -5890 -3187 -6816 2 0
947 1
948 -1 -1 345 8 0 19 14 0 2 1 2 5 23 0
949 1
950 -1 -1 689 8 0 0 11 0 6 2 20 3 0 0
951 1
952 -1 -1 1377 8 0 29 0 0 9 0 25 0 0 0
953 1
954 -1 -1 2753 8 0 12 3 0 11 0 0 2 1 1
955 -1 -1 2752 8 0 74 0 2 8 0 5 7 0 1376 4476 7970 1840 -4989 111 688 2266 -7295 4577 -3882 42 344 4170 -364 1776 -1188 2 172 -4724 -6602 -3406 1138 199 86 -3355 -4205 -4878 -7508 6 43 -1478 1038 -1459 -4532 8 0
956 0
957 0
958 0
959 0
960 1
961 -1 -1 1375 8 0 0 25 0 0 0 0 0 0 0
962 1
963 -1 -1 2749 8 0 1 2 1 0 0 0 0 0 1
964 -1 -1 2748 8 0 0 0 0 0 0 0 1 155 1374 2260 5123 3385 -7172 0 687 965 8000 4134 6915 128 1
965 -1 -1 686 8 0 0 58 0 1 0 0 1 0 343 4434 -3659 -3854 -1026 0 0
966 0
967 1
968 -1 -1 1371 8 0 5 37 12 0 0 4 0 7 0
969 1
970 -1 -1 2741 8 0 0 13 7 2 0 0 0 0 1
971 -1 -1 2740 8 0 0 179 0 6 0 1 0 0 1370 2025 1102 -1992 628 9 685 1201 -2050 1811 4811 237 0
972 0
973 1
974 -1 -1 2739 8 0 0 14 0 0 0 0 0 2 1
975 -1 -1 2738 8 0 0 0 1 13 18 18 1 13 1369 -3954 -777 -3156 2042 307 0
976 1
977 -1 -1 2737 8 0 0 2 19 0 0 0 0 0 1
978 -1 -1 2736 8 0 3 37 6 22 0 0 0 46 1368 3954 -5803 -1671 -7306 22 684 -963 -1219 -1625 6328 12 342 -2297 1793 3015 2431 224 171 4117 5238 -4586 3323 242 0
979 0
980 1
981 -1 -1 683 8 0 2 1 0 1 0 0 0 0 0
982 1
983 -1 -1 1365 8 0 0 1 0 1 0 0 0 0 0
984 1
985 -1 -1 2729 8 0 0 0 1 4 0 0 0 19 1
986 -1 -1 2728 8 0 0 0 0 0 0 0 0 197 1364 3739 -6610 3608 3800 207 682 4459 -6720 1181 -6324 34 341 -1014 -428 4359 408 396 0
987 1
988 -1 -1 681 8 0 0 0 0 3 0 0 0 54 1
989 -1 -1 680 8 0 0 7 0 29 0 16 0 2 340 1505 6456 -4270 44 82 170 461 -6858 1006 6589 397 85 -683 -6351 -3081 -682 316 0
990 0
991 0
992 0
993 0
994 1
995 -1 -1 2719 8 0 0 2 0 1 0 0 0 3 1
996 -1 -1 2718 8 0 0 108 2 1 0 1 0 0 1359 3145 -848 394 -2986 1 1
997 -1 -1 1358 8 0 3 6 0 0 6 2 1 0 679 1006 4486 3513 3528 0 1
998 -1 -1 678 8 0 5 0 0 2 0 10 0 6 339 -2191 -3205 2771 5712 60 0
999 0
1000 1
1001 -1 -1 1355 8 0 5 0 0 5 2 0 25 5 1
1002 -1 -1 1354 8 0 6 9 0 3 4 7 1 0 677 1673 -3457 -2984 -2835 1 0
1003 1
1004 -1 -1 1353 8 0 1 3 1 1 7 45 0 0 1
1005 -1 -1 1352 8 0 4 0 1 3 0 0 0 4 676 1576 -4119 4795 7045 65 338 630 -383 4662 6749 392 169 -3095 5993 4388 42 231 0
1006 0
1007 0
1008 1
1009 -1 -1 1351 8 0 0 0 0 4 0 0 0 0 0
1010 1
1011 -1 -1 2701 8 0 0 0 0 2 0 1 0 0 1
1012 -1 -1 2700 8 0 0 0 0 0 0 0 0 69 1350 -4876 -4499 -2219 -4771 5 675 -4762 -1762 -1341 -7356 2 1
1013 -1 -1 674 8 0 6 0 0 3 0 11 0 2 337 -4444 -5859 -2744 5157 124 0
1014 1
1015 -1 -1 673 8 0 6 0 5 21 1 30 0 0 0
1016 1
1017 -1 -1 1345 8 0 21 1 5 0 5 16 8 0 1
1018 -1 -1 1344 8 0 2 0 12 7 0 0 0 0 672 -139 -772 3715 5096 1 336 -1864 4046 3648 -4084 4 168 -2788 -6796 -49 -720 48 84 -669 -4577 -493 2077 303 42 255 -6328 -1825 -1597 53 21 -1381 625 3454 -12 399 0
1019 0
1020 0
1021 0
1022 1
1023 -1 -1 335 8 0 7 6 1 1 2 0 48 1 0
1024 1
1025 -1 -1 669 8 0 2 0 4 0 1 0 12 2 1
1026 -1 -1 668 8 0 0 0 0 1 0 0 3 56 334 -4518 6472 3746 -4436 392 167 2600 3567 1907 -3081 21 0
1027 1
1028 -1 -1 333 8 0 5 23 3 0 8 0 0 0 0
1029 1
1030 -1 -1 665 8 0 2 0 1 10 7 0 0 0 0
1031 0
1032 1
1033 -1 -1 2659 8 0 2 0 0 0 0 0 0 2 1
1034 -1 -1 2658 8 0 0 0 0 0 0 0 0 71 1329 -58 -440 530 1257 319 0
1035 1
1036 -1 -1 2657 8 0 1 2 2 8 0 2 0 47 1
1037 -1 -1 2656 8 0 0 18 1 1 1 0 0 10 1328 -2676 5702 -583 -3484 43 664 -4535 -6518 -3409 -3923 4 332 1047 990 -2281 4624 8 166 -4534 -7025 1900 -5801 377 83 4088 5241 -453 -3126 280 0
1038 0
1039 0
1040 0
1041 0
1042 1
1043 -1 -1 2655 8 0 0 0 0 1 0 0 0 1 1
1044 -1 -1 2654 8 0 0 0 0 0 0 0 144 0 1327 -3448 -3287 2233 -3218 311 1
1045 -1 -1 1326 8 0 2 0 2 0 0 0 0 0 663 -4081 -3377 -2593 -137 11 1
1046 -1 -1 662 8 0 3 1 0 1 22 2 7 4 331 -4158 -7537 -192 -1676 23 0
1047 0
1048 1
1049 -1 -1 1323 8 0 3 0 0 0 62 2 0 0 0
1050 1
1051 -1 -1 2645 8 0 1 0 5 0 9 0 0 0 1
1052 -1 -1 2644 8 0 1 0 0 1 12 1 50 2 1322 -2490 -3170 -4353 398 1 661 -4845 -2720 4964 -2133 268 0
1053 1
1054 -1 -1 1321 8 0 0 2 46 0 0 0 0 3 1
1055 -1 -1 1320 8 0 1 3 5 14 9 0 7 3 660 -2478 -5824 -728 -2602 11 330 -4932 929 3407 -4119 30 165 4313 7054 -1551 985 391 0
1056 0
1057 1
1058 -1 -1 659 8 0 0 18 0 15 13 0 0 15 1
1059 -1 -1 658 8 0 0 2 49 2 1 0 0 1 329 3772 4211 -2000 -2662 104 0
1060 0
1061 1
1062 -1 -1 1315 8 0 0 0 0 4 0 0 0 0 0
1063 1
1064 -1 -1 2629 8 0 0 0 1 2 0 0 0 0 1
1065 -1 -1 2628 8 0 0 0 0 3 115 0 0 0 1314 -1963 -3247 -4070 -7734 11 657 -880 -2695 -4841 -3034 42 0
1066 1
1067 -1 -1 1313 8 0 0 0 0 3 34 0 0 1 0
1068 1
1069 -1 -1 2625 8 0 0 3 0 8 0 1 0 31 1
1070 -1 -1 2624 8 0 9 10 3 18 12 0 6 0 1312 -907 205 -3647 -5767 21 656 1500 -3516 -2928 2676 259 328 -1624 7284 -4646 -7839 168 164 -540 6805 -4873 -6081 203 82 4533 5553 849 -6080 259 41 -12 97 2186 -7949 211 0
1071 0
1072 0
1073 0
1074 0
1075 1
1076 -1 -1 1311 8 0 1 2 1 3 6 2 8 0 0
1077 1
1078 -1 -1 2621 8 0 0 0 0 3 8 4 0 4 1
1079 -1 -1 2620 8 0 0 0 0 0 0 0 0 53 1310 -1159 -5002 -879 1712 80 655 395 -6681 1983 4829 356 0
1080 1
1081 -1 -1 1309 8 0 0 0 0 10 1 7 0 18 0
1082 1
1083 -1 -1 2617 8 0 0 0 0 4 2 0 162 9 1
1084 -1 -1 2616 8 0 0 0 0 8 51 0 46 11 1308 -4539 -4361 -1835 2418 48 654 -3824 -1856 1895 -7778 14 327 523 -6920 952 5580 335 0
1085 1
1086 -1 -1 653 8 0 0 0 0 6 2 27 2 0 0
1087 0
1088 1
1089 -1 -1 2611 8 0 0 0 0 4 3 0 0 0 1
1090 -1 -1 2610 8 0 0 0 65 0 0 0 0 0 1305 -2443 6456 -4939 -7429 7 1
1091 -1 -1 1304 8 0 0 3 15 4 1 0 21 10 652 1859 -3625 -4974 2342 295 326 -29 -1095 1384 7740 359 163 1619 -3998 -558 707 3 0
1092 0
1093 0
1094 1
1095 -1 -1 1303 8 0 0 0 0 6 0 10 0 0 0
1096 1
1097 -1 -1 2605 8 0 1 0 0 2 0 0 0 0 1
1098 -1 -1 2604 8 0 0 0 0 5 0 0 0 113 1302 3776 2567 4952 -6267 162 651 -1801 5309 -2665 451 30 0
1099 0
1100 1
1101 -1 -1 2603 8 0 1 0 0 38 0 3 0 2 1
1102 -1 -1 2602 8 0 0 0 0 10 0 20 0 1 1301 -1782 -1930 -142 -7992 0 1
1103 -1 -1 1300 8 0 1 8 0 12 6 1 0 19 650 -440 -7984 4809 7741 317 325 -3665 -3923 1085 -2673 2 0
1104 0
1105 0
1106 1
1107 -1 -1 2599 8 0 1 45 0 0 3 7 0 0 1
1108 -1 -1 2598 8 0 0 11 28 4 0 0 4 0 1299 -1411 -1324 1840 -5686 5 0
1109 1
1110 -1 -1 2597 8 0 1 0 0 3 9 3 40 1 1
1111 -1 -1 2596 8 0 1 29 4 41 5 2 3 47 1298 -3964 -5302 2840 -5834 324 649 -887 -5945 4527 -7765 338 0
1112 0
1113 1
1114 -1 -1 2595 8 0 0 28 0 1 3 0 0 4 1
1115 -1 -1 2594 8 0 1 0 0 19 25 4 1 0 1297 4214 -3219 -2032 420 4 0
1116 1
1117 -1 -1 2593 8 0 3 6 52 134 12 219 18 18 1
1118 -1 -1 2592 8 0 5 5 30 70 34 17 32 11 1296 -33 10 -2374 -2472 2 648 2503 -4313 21 -7173 30 324 -1484 -1085 1632 -7810 246 162 -4720 2859 4299 7260 350 81 -83 -4134 -3800 84 42 0
1119 0
1120 0
1121 1
1122 -1 -1 647 8 0 1 0 10 6 0 31 2 3 1
1123 -1 -1 646 8 0 4 26 6 4 0 0 9 0 323 -952 891 -3963 -682 7 0
1124 1
1125 -1 -1 645 8 0 48 0 0 3 0 0 0 9 0
1126 1
1127 -1 -1 1289 8 0 7 1 1 6 2 11 0 9 1
1128 -1 -1 1288 8 0 18 4 1 0 0 3 10 0 644 -494 1158 -4727 5466 4 322 -3060 -7859 260 -5387 3 161 -4065 3381 -4354 -5943 11 0
1129 0
1130 0
1131 0
1132 1
1133 -1 -1 2575 8 0 0 1 0 1 0 0 55 8 1
1134 -1 -1 2574 8 0 0 11 11 107 9 23 12 110 1287 -3832 -4145 2647 5396 322 0
1135 1
1136 -1 -1 2573 8 0 0 119 2 16 6 3 4 0 1
1137 -1 -1 2572 8 0 2 41 14 65 4 10 52 7 1286 -265 -7286 -4351 5471 124 643 -4077 6376 789 -344 12 0
1138 1
1139 -1 -1 1285 8 0 4 3 0 3 0 0 2 28 0
1140 1
1141 -1 -1 2569 8 0 4 284 8 49 7 3 0 14 1
1142 -1 -1 2568 8 0 4 191 11 71 57 0 28 2 1284 -4780 -2562 156 6860 24 642 -3827 -5718 -1374 6309 385 321 -2711 3302 -4407 -3695 4 0
1143 0
1144 0
1145 1
1146 -1 -1 2567 8 0 1 79 0 6 2 0 1 6 1
1147 -1 -1 2566 8 0 2 15 25 37 30 2 0 32 1283 -4114 -6812 903 6898 312 0
1148 1
1149 -1 -1 2565 8 0 0 5 1 3 0 0 4 105 1
1150 -1 -1 2564 8 0 3 20 2 43 34 10 36 121 1282 -1262 -4319 -3411 -2073 36 641 -4846 -2978 -2659 4056 1 0
1151 0
1152 1
1153 -1 -1 2563 8 0 0 63 35 21 4 2 0 64 1
1154 -1 -1 2562 8 0 4 69 199 64 72 38 3 20 1281 -4166 -3598 4587 -4509 41 0
1155 1
1156 -1 -1 2561 8 0 3 70 64 33 58 2 204 30 1
1157 -1 -1 2560 8 0 11 69 122 57 48 24 27 33 1280 -976 -877 3755 3324 229 640 -4813 -1451 4478 5604 48 320 -4835 -7637 2193 -7380 18 160 -1919 -4422 4208 -6129 184 80 383 -517 3615 -1145 398 40 450 -5653 4002 1151 278 20 -3346 5409 -2688 -2928 166 10 -1228 -5844 4299 782 397 5 515 1844 4682 1480 389 0
1158 0
1159 0
1160 0
1161 0
1162 1
1163 -1 -1 159 8 0 12 0 0 5 1 1 0 7 0
1164 0
1165 1
1166 -1 -1 635 8 0 1 0 0 2 0 55 0 0 1
1167 -1 -1 634 8 0 7 0 0 20 0 27 0 0 317 -246 1637 -3576 -6557 42 1
1168 -1 -1 316 8 0 12 0 0 0 3 27 0 1 158 -2180 -1361 3274 -7904 51 79 -3935 -2118 -1554 -7988 65 0
1169 0
1170 0
1171 1
1172 -1 -1 631 8 0 6 0 0 0 2 16 0 2 0
1173 1
1174 -1 -1 1261 8 0 7 0 0 19 0 40 0 0 1
1175 -1 -1 1260 8 0 0 0 0 0 0 27 0 0 630 -706 17 -2440 5234 11 315 508 2030 -1482 -4940 39 0
1176 1
1177 -1 -1 629 8 0 10 0 0 7 18 0 0 0 1
1178 -1 -1 628 8 0 15 0 0 26 0 4 0 3 314 1150 3065 -4682 -436 43 157 -1152 -3115 -4483 3702 12 0
1179 0
1180 1
1181 -1 -1 627 8 0 0 0 27 4 4 4 1 0 0
1182 1
1183 -1 -1 1253 8 0 1 0 1 9 0 41 0 0 1
1184 -1 -1 1252 8 0 22 0 2 16 0 7 2 0 626 -1266 378 -3930 4628 356 313 -2933 7426 -4944 5128 15 0
1185 0
1186 1
1187 -1 -1 1251 8 0 6 0 0 14 0 5 6 0 0
1188 1
1189 -1 -1 2501 8 0 1 0 0 0 8 1 0 0 1
1190 -1 -1 2500 8 0 6 0 0 8 3 1 116 0 1250 666 5675 3669 -4025 72 625 -3596 -3892 4372 -4226 8 0
1191 0
1192 1
1193 -1 -1 2499 8 0 6 0 0 5 3 3 0 1 1
1194 -1 -1 2498 8 0 2 0 3 5 0 12 61 0 1249 918 -2052 -1037 4784 400 0
1195 1
1196 -1 -1 2497 8 0 3 0 11 11 21 11 4 0 1
1197 -1 -1 2496 8 0 43 0 0 73 14 39 23 0 1248 3419 -3540 148 -5739 14 624 -1881 -331 -2738 -1598 9 312 1068 99 3721 -4052 19 156 759 383 4960 -5205 39 78 254 -7666 -4386 -7555 10 39 -1733 -1713 2123 -6167 41 0
1198 0
1199 0
1200 1
1201 -1 -1 311 8 0 7 0 5 30 8 7 0 0 1
1202 -1 -1 310 8 0 5 0 30 5 0 0 0 1 155 -3039 -7518 4383 7702 179 0
1203 1
1204 -1 -1 309 8 0 40 9 0 2 0 7 6 0 0
1205 1
1206 -1 -1 617 8 0 2 0 7 5 21 0 24 0 1
1207 -1 -1 616 8 0 10 1 0 10 1 5 0 0 308 -2146 -1524 -626 5564 319 154 -4833 -6676 2208 -6588 13 77 3121 3145 -3139 1386 2 0
1208 0
1209 1
1210 -1 -1 307 8 0 8 19 0 0 4 0 7 0 1
1211 -1 -1 306 8 0 16 0 2 15 1 18 0 0 153 851 -256 1723 2512 20 0
1212 0
1213 1
1214 -1 -1 611 8 0 15 0 0 0 0 2 18 0 0
1215 1
1216 -1 -1 1221 8 0 2 0 0 1 0 0 5 0 0
1217 1
1218 -1 -1 2441 8 0 11 0 0 0 0 0 0 4 1
1219 -1 -1 2440 8 0 203 0 0 28 0 0 0 0 1220 1609 -1770 4573 559 279 610 1317 -3768 468 -1419 322 305 513 480 -805 -3146 66 0
1220 1
1221 -1 -1 609 8 0 7 0 0 36 1 14 2 0 0
1222 1
1223 -1 -1 1217 8 0 5 0 0 3 0 20 0 1 0
1224 1
1225 -1 -1 2433 8 0 78 0 0 21 0 5 0 0 1
1226 -1 -1 2432 8 0 37 0 0 0 0 0 0 1 1216 3013 -3338 -2818 4356 10 608 4377 -6672 812 -1461 47 304 -103 3091 125 -37 3 152 2596 337 -1006 6434 397 76 -4167 574 2997 -5791 36 38 -101 -920 -1617 -6801 7 19 783 329 -258 -2368 4 0
1227 0
1228 0
1229 0
1230 1
1231 -1 -1 303 8 0 0 0 4 6 2 0 10 0 1
1232 -1 -1 302 8 0 2 1 1 1 1 0 3 45 151 3657 585 -4456 7267 374 0
1233 0
1234 1
1235 -1 -1 603 8 0 0 0 0 1 12 5 47 0 1
1236 -1 -1 602 8 0 2 0 8 8 0 4 1 0 301 1785 3362 1012 -2656 33 0
1237 1
1238 -1 -1 601 8 0 3 0 0 2 0 52 1 0 0
1239 1
1240 -1 -1 1201 8 0 1 0 0 4 0 2 10 11 1
1241 -1 -1 1200 8 0 6 2 0 15 1 17 5 0 600 695 -2657 -3439 -4198 215 300 4880 1318 751 -6217 48 150 -4440 1079 -2613 -1266 2 75 1475 -137 -1833 -5316 179 0
1242 0
1243 1
1244 -1 -1 299 8 0 1 0 0 0 39 0 0 0 1
1245 -1 -1 298 8 0 3 4 0 2 10 17 0 6 149 1666 1539 -3499 -5555 18 0
1246 0
1247 1
1248 -1 -1 595 8 0 0 0 0 0 0 5 0 51 1
1249 -1 -1 594 8 0 3 2 0 5 1 3 0 4 297 1659 1747 4124 2300 0 0
1250 0
1251 1
1252 -1 -1 1187 8 0 6 19 0 1 4 6 3 0 1
1253 -1 -1 1186 8 0 4 0 0 6 7 1 2 16 593 -413 -6473 -4914 401 358 0
1254 1
1255 -1 -1 1185 8 0 3 4 2 3 0 30 0 2 0
1256 1
1257 -1 -1 2369 8 0 16 0 0 23 3 1 2 0 1
1258 -1 -1 2368 8 0 10 0 2 7 0 24 0 2 1184 3940 -550 -2491 7485 163 592 -195 233 4184 -848 32 296 2074 -7511 4874 760 399 148 -4875 -7708 -99 -4179 46 74 -467 4968 -4018 2455 37 37 1497 -2590 -1645 -6795 11 0
1259 0
1260 0
1261 1
1262 -1 -1 295 8 0 1 3 0 1 1 1 10 0 0
1263 0
1264 1
1265 -1 -1 1179 8 0 1 0 0 0 0 0 0 0 0
1266 1
1267 -1 -1 2357 8 0 0 0 0 1 0 0 0 0 1
1268 -1 -1 2356 8 0 0 0 0 0 0 0 0 69 1178 -498 -7184 -3906 7330 275 589 -2210 -2454 3246 4715 395 1
1269 -1 -1 588 8 0 0 4 0 13 5 1 0 15 294 -3404 -1364 79 -693 21 147 -3067 -6556 488 5569 320 0
1270 0
1271 1
1272 -1 -1 587 8 0 1 0 0 3 15 1 2 11 0
1273 1
1274 -1 -1 1173 8 0 0 2 0 2 3 0 0 20 0
1275 1
1276 -1 -1 2345 8 0 0 12 1 3 1 0 0 14 1
1277 -1 -1 2344 8 0 1 75 23 13 1 6 3 0 1172 -252 -4923 -4299 -3324 10 586 3554 1404 -453 -4250 238 293 1142 -1024 271 4288 304 0
1278 0
1279 1
1280 -1 -1 1171 8 0 0 0 3 9 0 0 0 31 0
1281 1
1282 -1 -1 2341 8 0 0 2 0 10 34 3 0 3 1
1283 -1 -1 2340 8 0 2 7 0 51 3 9 0 14 1170 3146 4000 -2546 -3099 30 585 2868 -1446 3818 -5514 274 0
1284 0
1285 1
1286 -1 -1 2339 8 0 0 1 45 0 0 0 0 0 1
1287 -1 -1 2338 8 0 0 5 13 18 3 3 1 3 1169 197 -5319 3190 2002 18 0
1288 1
1289 -1 -1 2337 8 0 3 9 2 1 5 8 5 15 1
1290 -1 -1 2336 8 0 8 8 13 72 8 12 5 0 1168 -1810 -4706 -2202 697 50 584 -2765 1983 -1335 -1592 13 292 -3353 3568 -3214 -4700 25 146 1169 1361 -1829 -564 26 73 -3134 -345 -739 -5630 287 0
1291 0
1292 0
1293 1
1294 -1 -1 583 8 0 1 25 0 2 0 19 10 0 0
1295 1
1296 -1 -1 1165 8 0 1 0 0 0 0 0 62 0 1
1297 -1 -1 1164 8 0 2 0 8 0 0 0 0 0 582 -4457 409 -4669 -3732 0 291 4334 -2546 651 -916 6 0
1298 0
1299 0
1300 1
1301 -1 -1 2327 8 0 1 0 0 0 18 4 0 0 1
1302 -1 -1 2326 8 0 0 19 0 3 0 24 0 2 1163 772 1861 -4617 3094 65 1
1303 -1 -1 1162 8 0 8 6 7 11 3 4 0 26 581 -1079 -4028 2380 6996 269 0
1304 1
1305 -1 -1 1161 8 0 4 30 0 4 7 1 7 0 0
1306 1
1307 -1 -1 2321 8 0 5 0 0 7 0 0 5 0 1
1308 -1 -1 2320 8 0 36 0 0 11 0 17 0 0 1160 1614 -5874 -3009 -1102 200 580 2943 1430 -1416 -1445 25 290 4480 -6074 -3091 49 214 145 -4625 6887 3142 7423 350 0
1309 0
1310 0
1311 0
1312 1
1313 -1 -1 2319 8 0 0 1 0 9 0 0 7 0 1
1314 -1 -1 2318 8 0 1 4 2 0 82 1 10 0 1159 2847 686 872 6472 354 0
1315 1
1316 -1 -1 2317 8 0 2 0 51 7 2 1 8 5 1
1317 -1 -1 2316 8 0 2 18 9 37 38 9 130 0 1158 3704 -5376 -2889 7741 353 579 -1345 -2732 -3491 4727 338 0
1318 0
1319 1
1320 -1 -1 2315 8 0 6 12 5 130 6 22 7 8 1
1321 -1 -1 2314 8 0 0 44 39 32 5 12 7 1 1157 -1829 -95 -1910 5761 2 0
1322 1
1323 -1 -1 2313 8 0 0 37 0 13 9 3 3 6 1
1324 -1 -1 2312 8 0 1 5 15 42 47 0 51 8 1156 -4655 7191 2835 204 15 578 -2093 -4242 -3471 5057 3 289 2955 -5396 2165 6733 340 0
1325 0
1326 0
1327 1
1328 -1 -1 2311 8 0 1 3 8 2 3 0 23 0 1
1329 -1 -1 2310 8 0 1 139 23 16 1 0 6 30 1155 -2237 -3813 1513 2332 256 0
1330 1
1331 -1 -1 2309 8 0 3 20 8 14 0 7 29 5 1
1332 -1 -1 2308 8 0 1 12 19 7 19 1 3 5 1154 -2721 -3552 3051 2249 0 577 -2503 -4536 2281 7638 175 0
1333 0
1334 1
1335 -1 -1 2307 8 0 3 24 128 44 184 11 37 80 1
1336 -1 -1 2306 8 0 9 20 86 47 293 13 319 59 1153 -4015 -1367 -119 -6226 1 0
1337 1
1338 -1 -1 2305 8 0 29 92 104 88 56 13 64 53 1
1339 -1 -1 2304 8 0 6 37 64 17 109 4 134 32 1152 176 -6773 4016 4939 6 576 -1260 -2845 -1569 3983 183 288 4968 -6249 1383 -3479 41 144 -1167 -874 3392 6400 274 72 -3297 -7714 4047 4161 389 36 -1314 3354 4495 281 11 18 340 -1305 3899 7078 366 9 243 637 4013 5677 397 0
1340 0
1341 0
1342 0
1343 0
1344 1
1345 -1 -1 287 8 0 2 0 13 18 0 15 4 0 0
1346 0
1347 0
1348 1
1349 -1 -1 2295 8 0 0 0 0 0 0 86 0 0 1
1350 -1 -1 2294 8 0 9 0 0 1 0 88 0 0 1147 -704 412 -3649 -4077 38 1
1351 -1 -1 1146 8 0 2 0 0 3 0 6 0 0 573 -2100 3992 -382 -5949 28 0
1352 1
1353 -1 -1 1145 8 0 1 0 0 14 0 2 0 0 0
1354 1
1355 -1 -1 2289 8 0 1 0 0 0 0 67 0 0 1
1356 -1 -1 2288 8 0 22 0 0 25 0 134 0 0 1144 2681 4035 239 -4114 84 572 3708 5396 231 360 73 286 -4837 -2604 2779 -7506 35 143 -562 4776 -874 -132 66 0
1357 0
1358 1
1359 -1 -1 571 8 0 2 0 0 16 0 47 0 0 0
1360 0
1361 1
1362 -1 -1 2283 8 0 9 0 0 23 0 1 0 0 1
1363 -1 -1 2282 8 0 0 0 0 44 0 3 0 0 1141 4593 -4462 -2806 -512 1 1
1364 -1 -1 1140 8 0 9 0 0 37 0 22 0 0 570 -2821 2846 2507 -4861 4 285 707 -6756 -3965 1685 399 0
1365 0
1366 1
1367 -1 -1 1139 8 0 2 0 0 0 0 0 0 1 0
1368 1
1369 -1 -1 2277 8 0 0 0 0 0 0 52 0 0 1
1370 -1 -1 2276 8 0 2 0 0 3 0 15 0 0 1138 3288 7306 -2072 798 13 569 -3597 -1734 -4945 -7052 284 0
1371 1
1372 -1 -1 1137 8 0 5 0 0 9 0 29 0 2 1
1373 -1 -1 1136 8 0 17 0 0 16 0 6 0 0 568 -4493 -2241 -4136 -5264 3 284 1665 1148 4795 -7849 23 142 3783 5526 3004 -4389 26 71 -1211 3858 -412 -975 23 0
1374 0
1375 0
1376 0
1377 0
1378 1
1379 -1 -1 2271 8 0 5 4 4 19 0 16 0 16 1
1380 -1 -1 2270 8 0 0 0 9 17 41 5 3 2 1135 4240 5623 2301 -4864 312 0
1381 1
1382 -1 -1 2269 8 0 0 2 0 20 11 16 39 0 1
1383 -1 -1 2268 8 0 16 5 12 110 12 181 29 4 1134 -973 1880 -1322 -324 24 567 3272 5545 1223 -5655 268 0
1384 0
1385 1
1386 -1 -1 2267 8 0 2 18 4 3 0 0 7 6 1
1387 -1 -1 2266 8 0 4 1 1 6 0 32 3 7 1133 -1418 -4915 -16 153 4 0
1388 1
1389 -1 -1 2265 8 0 0 4 0 6 33 2 0 0 1
1390 -1 -1 2264 8 0 8 1 30 9 30 13 5 33 1132 -4680 4824 -3851 732 32 566 772 7144 -2187 -3952 97 283 -1208 -203 662 -6843 10 0
1391 0
1392 1
1393 -1 -1 1131 8 0 2 0 0 4 0 0 1 5 0
1394 1
1395 -1 -1 2261 8 0 13 0 0 37 0 50 1 0 1
1396 -1 -1 2260 8 0 6 1 0 7 0 124 0 0 1130 -851 5181 -4112 7207 0 565 2387 -2170 2409 4543 16 0
1397 0
1398 1
1399 -1 -1 2259 8 0 11 0 8 187 1 109 17 5 1
1400 -1 -1 2258 8 0 12 5 75 205 46 63 16 5 1129 -4075 -2284 150 -5771 7 0
1401 1
1402 -1 -1 2257 8 0 33 1 22 36 3 77 1 2 1
1403 -1 -1 2256 8 0 81 2 5 89 9 22 3 4 1128 -3124 3361 1859 -5180 7 564 1286 2102 4435 -7516 15 282 -115 422 4966 -6779 394 141 4313 3832 2971 -528 32 0
1404 0
1405 0
1406 1
1407 -1 -1 1127 8 0 3 10 0 0 0 1 0 0 0
1408 1
1409 -1 -1 2253 8 0 29 0 0 0 1 0 2 0 1
1410 -1 -1 2252 8 0 29 0 0 1 0 34 2 0 1126 -3747 -6250 -4873 -108 14 563 770 -1585 -2673 -3665 214 0
1411 1
1412 -1 -1 1125 8 0 0 33 2 3 15 2 1 5 1
1413 -1 -1 1124 8 0 5 3 3 15 1 14 4 6 562 2890 2478 4243 -4094 249 281 800 7800 1054 -1161 377 0
1414 0
1415 0
1416 1
1417 -1 -1 2247 8 0 0 0 1 38 7 12 9 3 1
1418 -1 -1 2246 8 0 2 12 28 6 1 3 0 4 1123 4683 3687 4623 -3076 7 0
1419 1
1420 -1 -1 2245 8 0 0 0 3 20 4 1 112 4 1
1421 -1 -1 2244 8 0 0 0 7 13 1 0 3 26 1122 1886 2149 -2679 -2228 9 561 -2351 -4698 -1121 7686 248 0
1422 0
1423 1
1424 -1 -1 2243 8 0 18 3 4 35 0 181 40 3 1
1425 -1 -1 2242 8 0 5 5 16 31 33 35 23 4 1121 -256 -3218 777 -5978 4 0
1426 1
1427 -1 -1 2241 8 0 7 28 124 28 162 22 76 18 1
1428 -1 -1 2240 8 0 18 13 125 82 53 93 31 4 1120 1789 3459 808 -1181 22 560 -4466 3332 698 3315 2 280 -3418 -6102 -1277 7786 232 140 -4772 6290 -759 -6844 325 70 -2156 -5004 -4067 -6713 1 35 -492 -171 -3982 7799 394 0
1429 0
1430 0
1431 0
1432 1
1433 -1 -1 559 8 0 17 9 0 4 0 4 0 3 1
1434 -1 -1 558 8 0 21 1 3 2 2 0 38 0 279 2657 425 -3198 3631 297 0
1435 1
1436 -1 -1 557 8 0 0 7 0 4 2 0 0 20 1
1437 -1 -1 556 8 0 8 6 25 21 1 0 2 5 278 276 5933 -2283 -4166 235 139 4273 7427 -875 -1952 331 0
1438 0
1439 0
1440 1
1441 -1 -1 1111 8 0 1 1 2 1 0 1 0 3 0
1442 1
1443 -1 -1 2221 8 0 0 0 1 0 0 0 0 0 1
1444 -1 -1 2220 8 0 113 0 0 0 0 0 0 0 1110 -4207 977 -2516 808 188 555 -4232 -4170 31 1082 218 0
1445 1
1446 -1 -1 1109 8 0 34 0 0 0 0 0 0 0 0
1447 1
1448 -1 -1 2217 8 0 16 0 0 0 0 0 0 0 1
1449 -1 -1 2216 8 0 29 0 0 0 0 74 0 1 1108 -2956 -1248 -4540 2358 5 554 289 -6936 -1897 1284 16 277 4182 -7681 -1446 1559 24 0
1450 0
1451 1
1452 -1 -1 1107 8 0 3 3 1 2 0 0 9 0 0
1453 1
1454 -1 -1 2213 8 0 31 1 0 14 0 0 0 0 1
1455 -1 -1 2212 8 0 59 0 0 1 0 2 0 0 1106 -2718 -3374 3927 -350 4 553 -393 -5056 -1229 -422 62 1
1456 -1 -1 552 8 0 11 24 4 3 4 3 0 1 276 2137 -6262 -4278 836 3 138 -4559 -6318 -820 -5683 1 69 -169 -3159 -1302 2123 40 0
1457 0
1458 0
1459 0
1460 0
1461 1
1462 -1 -1 2207 8 0 1 0 1 1 0 0 0 0 1
1463 -1 -1 2206 8 0 0 77 0 2 0 0 0 0 1103 1158 -3075 4522 -3982 277 1
1464 -1 -1 1102 8 0 0 0 0 0 14 0 0 0 551 874 6753 -3258 2094 7 1
1465 -1 -1 550 8 0 3 5 3 8 9 3 26 0 275 -3957 -6893 2708 1489 13 0
1466 0
1467 1
1468 -1 -1 1099 8 0 1 10 0 0 5 0 3 2 1
1469 -1 -1 1098 8 0 0 1 0 1 0 2 0 61 549 3380 4880 -1138 -4287 281 0
1470 0
1471 1
1472 -1 -1 2195 8 0 1 7 0 1 0 11 0 39 1
1473 -1 -1 2194 8 0 4 0 0 4 1 1 11 0 1097 -2859 -7488 4946 -1629 375 0
1474 1
1475 -1 -1 2193 8 0 9 7 101 21 205 3 158 16 1
1476 -1 -1 2192 8 0 6 51 80 68 136 40 11 29 1096 -4542 -5605 4916 1188 11 548 -1762 -7866 -1626 7235 400 274 871 -399 -317 -6118 301 137 4091 6886 -2993 -3451 361 0
1477 0
1478 0
1479 0
1480 1
1481 -1 -1 2191 8 0 0 7 16 21 17 4 1 35 1
1482 -1 -1 2190 8 0 3 17 2 19 26 15 0 1 1095 1633 -2255 -4234 1252 217 0
1483 1
1484 -1 -1 2189 8 0 0 22 0 3 0 1 0 7 1
1485 -1 -1 2188 8 0 10 8 96 13 30 4 11 16 1094 -780 1763 951 -2667 35 547 91 -2238 321 3880 193 0
1486 0
1487 1
1488 -1 -1 2187 8 0 18 1 0 22 0 27 3 0 1
1489 -1 -1 2186 8 0 39 20 20 48 197 32 10 46 1093 2004 2120 -4388 3640 332 0
1490 1
1491 -1 -1 2185 8 0 16 13 34 29 17 52 3 9 1
1492 -1 -1 2184 8 0 142 7 14 64 8 15 5 9 1092 -4350 -4223 4229 7646 77 546 3400 -6683 -4214 6584 239 273 4691 5492 2808 -4177 172 0
1493 0
1494 1
1495 -1 -1 1091 8 0 0 0 0 2 0 0 4 38 1
1496 -1 -1 1090 8 0 0 0 1 3 13 0 33 0 545 -3531 -4965 1341 -2059 28 0
1497 0
1498 1
1499 -1 -1 2179 8 0 0 7 1 16 3 12 67 0 1
1500 -1 -1 2178 8 0 9 5 8 38 19 43 18 1 1089 4578 -2153 4669 -322 6 0
1501 1
1502 -1 -1 2177 8 0 1 11 2 46 0 23 11 0 1
1503 -1 -1 2176 8 0 4 10 85 33 5 4 6 3 1088 -3070 -2588 446 -6816 3 544 2730 1850 -4985 4082 17 272 4327 3462 722 1569 266 136 4081 -6733 -68 1646 0 68 297 7856 513 -963 41 34 4478 7563 170 441 400 17 -685 1559 -2331 -6059 2 0
1504 0
1505 0
1506 0
1507 1
1508 -1 -1 271 8 0 10 0 0 24 0 19 0 0 0
1509 1
1510 -1 -1 541 8 0 0 0 0 5 0 55 0 0 1
1511 -1 -1 540 8 0 15 1 0 5 0 30 0 0 270 983 34 -3028 -6737 9 135 2133 1986 1696 -5724 20 0
1512 0
1513 0
1514 1
1515 -1 -1 1079 8 0 4 0 0 25 0 4 0 0 1
1516 -1 -1 1078 8 0 4 0 0 7 0 28 0 0 539 -4916 -6386 2561 -7946 7 0
1517 1
1518 -1 -1 1077 8 0 0 0 0 1 0 1 33 0 0
1519 1
1520 -1 -1 2153 8 0 0 0 0 0 0 6 9 0 1
1521 -1 -1 2152 8 0 4 0 0 45 0 6 5 0 1076 -912 2896 103 1337 19 538 1405 -5101 -4983 1800 399 269 452 6801 -853 2579 8 1
1522 -1 -1 268 8 0 14 2 0 22 2 8 0 14 134 -703 2468 -2880 -7619 8 67 1251 -7767 -2686 6029 390 0
1523 0
1524 0
1525 1
1526 -1 -1 535 8 0 5 7 0 3 0 43 0 1 0
1527 1
1528 -1 -1 1069 8 0 9 0 10 1 0 0 0 4 0
1529 1
1530 -1 -1 2137 8 0 2 5 0 0 0 1 7 0 1
1531 -1 -1 2136 8 0 65 0 0 8 14 8 1 0 1068 1046 -6944 -564 406 159 534 -2509 -4467 -4239 -7889 122 267 -2660 -6936 743 -62 307 0
1532 0
1533 0
1534 1
1535 -1 -1 2135 8 0 1 27 0 11 9 21 0 0 1
1536 -1 -1 2134 8 0 0 2 0 19 7 1 6 17 1067 1003 7079 2263 466 47 0
1537 1
1538 -1 -1 2133 8 0 0 23 0 6 4 3 4 1 1
1539 -1 -1 2132 8 0 0 5 30 10 59 2 19 0 1066 -3770 -108 -1901 -5863 41 533 -1510 81 -1327 -7610 18 0
1540 1
1541 -1 -1 1065 8 0 9 6 20 20 9 2 0 1 0
1542 1
1543 -1 -1 2129 8 0 1 15 13 6 0 0 1 4 1
1544 -1 -1 2128 8 0 1 3 0 10 1 2 0 35 1064 2325 6105 1473 3096 3 532 -4262 -7351 -4184 2629 16 266 -1907 6624 3228 -6872 20 133 -3337 5751 631 -2000 398 0
1545 0
1546 0
1547 0
1548 1
1549 -1 -1 2127 8 0 6 2 0 36 60 12 0 0 1
1550 -1 -1 2126 8 0 4 9 0 36 0 0 0 1 1063 4843 -640 344 -7024 23 0
1551 1
1552 -1 -1 2125 8 0 18 1 0 37 0 6 30 2 1
1553 -1 -1 2124 8 0 0 3 4 10 5 2 0 5 1062 -2980 -879 1526 -3885 4 531 611 7369 -4462 -1585 19 0
1554 1
1555 -1 -1 1061 8 0 1 0 0 0 4 0 0 19 0
1556 1
1557 -1 -1 2121 8 0 4 4 21 32 2 15 10 8 1
1558 -1 -1 2120 8 0 10 26 24 26 4 0 0 0 1060 -2787 -7978 4832 6638 207 530 3571 -4627 -2464 5657 353 265 4169 7334 2459 -4518 19 0
1559 0
1560 1
1561 -1 -1 1059 8 0 1 8 3 34 13 0 0 4 0
1562 1
1563 -1 -1 2117 8 0 42 0 0 147 3 21 9 1 1
1564 -1 -1 2116 8 0 13 1 12 21 9 7 0 1 1058 2409 1363 1332 -7472 2 529 -1973 1736 -3602 -7492 33 0
1565 1
1566 -1 -1 1057 8 0 17 1 2 8 3 16 7 15 0
1567 1
1568 -1 -1 2113 8 0 5 0 13 7 0 8 0 0 1
1569 -1 -1 2112 8 0 53 3 4 120 0 128 0 3 1056 4908 2901 -1168 2974 11 528 3665 -2400 0 5044 3 264 -864 -2540 -3466 -4604 1 132 3350 3363 -758 -4186 22 66 2406 5418 124 -1778 40 33 2127 1134 -4933 6334 372 0
1570 0
1571 0
1572 0
1573 0
1574 1
1575 -1 -1 1055 8 0 2 1 0 1 10 7 0 1 0
1576 1
1577 -1 -1 2109 8 0 9 0 0 6 0 1 0 0 1
1578 -1 -1 2108 8 0 43 0 0 3 0 95 0 0 1054 1534 1633 -4642 -322 394 527 1732 6880 153 2472 11 0
1579 0
1580 1
1581 -1 -1 2107 8 0 10 3 0 1 4 1 0 0 1
1582 -1 -1 2106 8 0 141 0 0 0 0 2 0 0 1053 1090 1304 -956 705 5 1
1583 -1 -1 1052 8 0 2 0 1 9 0 1 0 0 526 2213 -7118 -4117 -6176 0 263 1466 -1301 1050 7621 26 0
1584 0
1585 0
1586 1
1587 -1 -1 2103 8 0 0 0 0 2 20 0 0 9 1
1588 -1 -1 2102 8 0 6 3 14 10 5 42 7 0 1051 1697 1114 -1967 -4153 243 0
1589 1
1590 -1 -1 2101 8 0 0 0 0 71 1 3 3 0 1
1591 -1 -1 2100 8 0 21 2 3 40 4 33 3 0 1050 4702 -6339 2471 3970 247 525 594 -1575 -3647 4108 103 0
1592 0
1593 1
1594 -1 -1 2099 8 0 47 0 0 0 0 0 0 3 1
1595 -1 -1 2098 8 0 2 0 0 1 0 19 0 0 1049 -679 -819 3665 5545 14 0
1596 1
1597 -1 -1 2097 8 0 94 0 0 120 1 427 0 3 1
1598 -1 -1 2096 8 0 1 0 12 19 0 16 0 2 1048 117 -2024 2484 2525 2 524 4491 5282 -4361 5713 379 262 1029 -7791 3091 7650 190 131 -3298 -7840 3089 2007 400 0
1599 0
1600 0
1601 1
1602 -1 -1 1047 8 0 0 0 0 0 0 9 0 0 0
1603 1
1604 -1 -1 2093 8 0 19 0 0 0 0 14 0 0 1
1605 -1 -1 2092 8 0 58 0 0 3 0 3 0 1 1046 -2732 -67 -815 -1426 8 523 1715 7839 3812 5056 23 0
1606 0
1607 1
1608 -1 -1 2091 8 0 8 0 0 1 0 25 6 0 1
1609 -1 -1 2090 8 0 26 0 0 37 0 9 1 0 1045 -4135 -1415 -4879 -7318 4 0
1610 1
1611 -1 -1 2089 8 0 5 0 0 9 12 0 0 0 1
1612 -1 -1 2088 8 0 165 0 0 94 3 3 1 0 1044 -931 6028 -1970 3676 311 522 3430 5992 990 -2774 5 261 -1862 -5406 1868 -2333 11 0
1613 0
1614 0
1615 1
1616 -1 -1 2087 8 0 14 0 0 15 3 0 0 0 1
1617 -1 -1 2086 8 0 3 0 0 9 71 0 23 0 1043 2276 -2738 -3539 4139 246 1
1618 -1 -1 1042 8 0 14 14 8 23 1 0 1 3 521 573 -6354 3917 452 0 0
1619 1
1620 -1 -1 1041 8 0 37 0 0 7 0 3 0 0 0
1621 1
1622 -1 -1 2081 8 0 20 6 1 47 4 25 5 0 1
1623 -1 -1 2080 8 0 6 12 47 95 4 0 0 0 1040 -4642 2290 -1269 5729 3 520 -1086 1991 -2967 6927 396 260 3533 -178 -1877 3402 168 130 1036 569 -4538 7791 383 65 -2819 -7173 1219 385 26 0
1624 0
1625 0
1626 1
1627 -1 -1 519 8 0 0 10 0 2 1 8 0 3 0
1628 1
1629 -1 -1 1037 8 0 1 4 1 15 0 0 1 0 0
1630 1
1631 -1 -1 2073 8 0 32 0 0 1 0 1 0 1 1
1632 -1 -1 2072 8 0 27 1 0 30 2 0 0 0 1036 -3258 -7385 1431 -1308 7 518 4194 -2246 -1144 3369 36 259 -4644 -4639 3896 4962 129 0
1633 1
1634 -1 -1 517 8 0 16 9 6 30 3 3 0 0 0
1635 0
1636 1
1637 -1 -1 2067 8 0 3 0 2 22 6 1 0 0 1
1638 -1 -1 2066 8 0 2 0 0 14 19 0 25 3 1033 -2848 4435 2383 4543 1 0
1639 1
1640 -1 -1 2065 8 0 2 0 1 4 10 0 17 0 1
1641 -1 -1 2064 8 0 45 1 2 20 1 0 39 1 1032 515 5796 -4327 -7607 145 516 -280 7318 -3661 -6608 24 258 -299 3897 -4967 -2537 38 129 -3767 5542 -77 7281 2 0
1642 0
1643 0
1644 0
1645 1
1646 -1 -1 2063 8 0 0 0 0 15 0 43 0 0 1
1647 -1 -1 2062 8 0 19 0 0 6 0 8 0 0 1031 4217 -7698 341 -5138 27 1
1648 -1 -1 1030 8 0 8 1 0 4 23 5 4 0 515 -4013 -4628 -1784 -3626 1 0
1649 1
1650 -1 -1 1029 8 0 1 2 0 9 0 0 0 18 1
1651 -1 -1 1028 8 0 6 0 36 9 0 0 4 5 514 -4325 7719 -301 595 16 257 -3981 -5752 -2554 2755 32 0
1652 0
1653 0
1654 1
1655 -1 -1 2055 8 0 12 1 6 80 12 21 0 0 1
1656 -1 -1 2054 8 0 55 0 0 71 2 44 16 0 1027 1963 3955 3025 -6144 45 0
1657 1
1658 -1 -1 2053 8 0 206 0 0 72 3 43 3 0 1
1659 -1 -1 2052 8 0 107 0 3 144 0 26 0 0 1026 -1970 7808 4358 -7418 375 513 3295 7595 803 2789 5 0
1660 0
1661 1
1662 -1 -1 2051 8 0 341 0 4 105 3 242 0 2 1
1663 -1 -1 2050 8 0 696 1 0 120 4 84 4 5 1025 4969 -7833 4099 1364 14 0
1664 1
1665 -1 -1 2049 8 0 72 0 50 17 0 21 1 6 1
1666 -1 -1 2048 8 0 2529 1 9 367 18 121 29 1 1024 -2074 242 2448 -715 16 512 -4649 7402 -323 4471 6 256 3013 5145 4259 -7136 17 128 -658 -2438 -133 511 20 64 1766 -811 -1067 -3859 12 32 -2856 -7117 -3271 7290 79 16 3507 5060 1727 -1933 13 8 4122 5360 -215 1012 16 4 131 -318 3740 5063 156 2 -1052 325 4244 462 153 1 -294 480 -3479 -6372 140 1 1
