22 serialization::archive 15 0 0 4 0 1 0
0 0 0 0
1 0
2 0
3 0
4 0
5 1 1 0
6 -1 -1 127 8 0 0 38 0 2 0 1 0 24 0
7 1
8 -1 -1 253 8 0 1 19 0 2 0 0 0 25 0
9 1
10 -1 -1 505 8 0 0 5 0 0 5 1 0 1 0
11 1
12 -1 -1 1009 8 0 0 7 0 0 0 0 0 5 0
13 0
14 1
15 -1 -1 4035 8 0 0 2 0 2 0 5 0 95 1
16 -1 -1 4034 8 0 1 0 0 1 1 2 0 363 2017 0 0 -4536 -7906 -1627 1422 386 1
17 -1 -1 2016 8 0 1 4 0 0 2 0 0 33 1008 -1421 1022 2680 7702 140 504 1048 2753 1731 6762 397 252 -4853 4981 -4322 -5428 397 126 3050 1468 4015 -511 289 63 3468 4110 2191 -3187 230 0
18 0
19 0
20 1
21 -1 -1 503 8 0 3 42 0 0 0 17 0 3 1
22 -1 -1 502 8 0 1 3 0 0 0 22 0 15 251 -1635 3150 3047 2811 205 0
23 0
24 1
25 -1 -1 1003 8 0 0 0 0 0 0 0 0 1 0
26 1
27 -1 -1 2005 8 0 0 66 0 0 0 0 0 0 1
28 -1 -1 2004 8 0 0 4 0 0 0 0 0 0 1002 1788 -4826 -240 153 28 501 -3750 6247 -3670 -1036 281 1
29 -1 -1 500 8 0 1 3 0 3 0 0 0 1 250 1433 -5372 -964 -840 395 125 -84 -2629 2880 3688 269 0
30 0
31 1
32 -1 -1 499 8 0 0 0 6 3 2 0 0 1 0
33 1
34 -1 -1 997 8 0 0 2 0 0 0 2 4 0 0
35 1
36 -1 -1 1993 8 0 0 2 0 0 0 1 0 0 0
37 1
38 -1 -1 3985 8 0 0 0 0 0 0 0 0 132 1
39 -1 -1 3984 8 0 0 0 0 3 0 0 0 8 1992 -2559 -7235 -1157 5951 292 996 -1305 1184 -3463 2049 385 498 4617 7022 1076 -7512 69 249 -3167 -5098 -737 659 332 0
40 1
41 -1 -1 497 8 0 1 1 48 2 4 1 3 9 0
42 1
43 -1 -1 993 8 0 0 13 0 3 24 12 0 1 0
44 1
45 -1 -1 1985 8 0 1 26 0 0 0 0 1 10 0
46 1
47 -1 -1 3969 8 0 0 2 0 14 0 1 6 1 1
48 -1 -1 3968 8 0 0 5 0 13 1 1 0 43 1984 4503 7582 785 1121 6 992 2294 4751 -204 1997 10 496 2719 -3356 -2751 -703 11 248 390 7105 -3780 -1244 34 124 -2601 -6009 -4631 4398 268 62 -727 -6740 -2696 183 399 31 -4750 3690 -2140 2997 3 0
49 0
50 0
51 0
52 0
53 0
54 1
55 -1 -1 1983 8 0 0 0 0 0 0 0 0 69 1
56 -1 -1 1982 8 0 0 0 0 0 0 1 0 1 991 -264 -6144 -3807 5449 254 1
57 -1 -1 990 8 0 0 0 2 5 0 0 0 15 495 323 -8 -1293 6519 46 1
58 -1 -1 494 8 0 0 21 0 0 0 3 0 35 247 -1070 -7903 -4403 6642 331 1
59 -1 -1 246 8 0 1 23 0 5 0 13 0 8 123 1 -6535 -1231 -4556 4 0
60 1
61 -1 -1 245 8 0 1 0 0 5 16 3 0 12 0
62 1
63 -1 -1 489 8 0 0 2 13 1 0 9 11 1 1
64 -1 -1 488 8 0 0 29 1 5 3 1 12 7 244 -755 7314 4032 3584 21 122 1825 -7707 -1468 -4093 245 61 4946 -6606 -1730 398 277 0
65 0
66 1
67 -1 -1 243 8 0 1 2 1 23 0 14 0 16 1
68 -1 -1 242 8 0 3 38 2 2 1 4 1 14 121 4765 -3582 -3563 7944 60 0
69 0
70 1
71 -1 -1 483 8 0 0 0 0 0 0 3 0 14 0
72 1
73 -1 -1 965 8 0 0 4 0 0 0 0 0 1 0
74 1
75 -1 -1 1929 8 0 4 0 0 0 0 1 0 0 0
76 1
77 -1 -1 3857 8 0 0 0 0 0 0 80 0 0 1
78 -1 -1 3856 8 0 0 0 0 1 0 7 0 0 1928 -524 -1743 -3479 4570 37 964 2859 5935 4673 867 392 482 4168 -7285 -4384 -7106 294 241 -4563 2129 2659 6324 104 0
79 0
80 1
81 -1 -1 963 8 0 4 1 0 2 0 7 0 0 1
82 -1 -1 962 8 0 0 0 1 44 0 10 0 1 481 854 -6726 -4945 2304 398 0
83 1
84 -1 -1 961 8 0 2 1 0 1 0 62 0 0 1
85 -1 -1 960 8 0 0 0 4 26 0 36 0 1 480 2152 6938 3734 -143 290 240 409 -7118 -2067 2238 231 120 -3401 -5167 1922 3734 399 60 3382 4575 -3910 -3214 0 30 -2081 73 2243 5811 185 15 609 -268 2286 7950 143 0
86 0
87 0
88 0
89 1
90 -1 -1 239 8 0 0 2 1 0 0 0 0 0 0
91 1
92 -1 -1 477 8 0 0 3 0 0 0 0 0 9 0
93 0
94 0
95 1
96 -1 -1 3815 8 0 0 0 0 0 0 0 0 17 1
97 -1 -1 3814 8 0 0 0 0 0 0 0 0 58 1907 -1392 -763 -3171 2196 327 0
98 1
99 -1 -1 3813 8 0 0 0 0 0 0 0 0 20 1
100 -1 -1 3812 8 0 0 0 0 0 0 0 0 62 1906 -4238 5751 -2635 -5114 94 953 -728 1494 574 4852 144 1
101 -1 -1 952 8 0 0 0 0 1 0 1 0 35 476 -1228 -5602 -4375 -2904 12 238 893 5086 -1937 7909 30 119 660 4163 2231 5334 148 1
102 -1 -1 118 8 0 2 3 14 2 8 0 0 28 59 4282 -4481 4656 7253 0 0
103 0
104 0
105 0
106 1
107 -1 -1 943 8 0 0 1 0 2 0 0 0 41 1
108 -1 -1 942 8 0 0 25 0 0 0 0 0 10 471 1967 7906 996 5829 342 0
109 1
110 -1 -1 941 8 0 0 0 0 1 0 0 0 1 0
111 1
112 -1 -1 1881 8 0 0 2 0 0 0 0 0 2 0
113 1
114 -1 -1 3761 8 0 0 14 0 0 0 0 0 0 1
115 -1 -1 3760 8 0 0 71 0 0 0 0 0 0 1880 -1077 2803 -807 -5620 22 940 -4424 3350 4429 -6216 8 470 -2271 -3324 -2809 -4187 400 235 3428 -7655 -2530 2100 324 0
116 1
117 -1 -1 469 8 0 6 28 0 6 0 0 0 0 0
118 0
119 1
120 -1 -1 1875 8 0 3 1 0 0 29 29 0 0 1
121 -1 -1 1874 8 0 0 1 2 0 5 0 1 8 937 4704 -7644 197 136 320 0
122 1
123 -1 -1 1873 8 0 1 0 0 1 0 14 0 3 0
124 1
125 -1 -1 3745 8 0 7 0 0 0 0 0 0 0 1
126 -1 -1 3744 8 0 1 3 1 2 0 3 0 149 1872 -3077 6788 4561 -1161 350 936 -3569 -1645 -589 1585 396 468 210 17 -3274 2187 196 234 -1867 6023 4799 7257 197 117 235 -5536 -4350 -7501 10 0
127 1
128 -1 -1 233 8 0 2 12 3 4 0 1 0 37 0
129 0
130 1
131 -1 -1 931 8 0 0 31 0 1 0 0 0 0 0
132 1
133 -1 -1 1861 8 0 0 24 5 0 0 0 0 1 1
134 -1 -1 1860 8 0 0 10 44 1 0 0 2 1 930 -921 4018 2279 2926 247 465 -2534 -5662 -163 -4393 15 0
135 1
136 -1 -1 929 8 0 0 4 0 2 0 0 0 11 0
137 1
138 -1 -1 1857 8 0 0 7 11 0 0 0 0 0 0
139 1
140 -1 -1 3713 8 0 1 0 0 0 0 0 0 3 1
141 -1 -1 3712 8 0 0 241 0 9 0 0 0 5 1856 -1694 390 -1513 -7853 250 928 2087 1960 3932 3723 278 464 -2704 4270 -3353 70 218 232 3097 -3916 4753 4636 329 116 1733 428 3789 7668 324 58 758 -5886 -954 6662 397 29 468 7530 -451 117 221 0
142 0
143 0
144 0
145 1
146 -1 -1 463 8 0 0 6 0 0 0 1 0 15 0
147 0
148 1
149 -1 -1 1851 8 0 0 0 0 0 1 0 0 0 0
150 1
151 -1 -1 3701 8 0 0 0 0 0 0 0 71 0 1
152 -1 -1 3700 8 0 0 0 0 0 2 0 7 0 1850 3537 7796 -3639 2850 275 925 666 -5765 -4579 7959 248 1
153 -1 -1 924 8 0 0 1 2 11 17 0 16 17 462 -3726 7538 -3840 3080 246 231 3113 4061 -4729 -2496 225 0
154 1
155 -1 -1 461 8 0 0 13 0 2 0 15 0 18 0
156 1
157 -1 -1 921 8 0 1 10 0 6 14 23 13 0 1
158 -1 -1 920 8 0 0 8 3 11 21 1 0 2 460 3029 -7199 400 1719 302 230 -3775 2626 1772 1379 3 115 42 7812 537 100 37 0
159 0
160 1
161 -1 -1 459 8 0 0 0 0 0 40 0 0 0 1
162 -1 -1 458 8 0 0 0 0 0 55 0 0 0 229 849 -3137 4060 -6693 8 1
163 -1 -1 228 8 0 0 24 24 8 6 0 3 3 114 272 6140 2356 3162 396 57 817 -7429 271 4753 75 0
164 0
165 0
166 1
167 -1 -1 455 8 0 0 2 0 1 3 0 0 0 0
168 1
169 -1 -1 909 8 0 0 1 0 0 0 0 0 0 0
170 1
171 -1 -1 1817 8 0 0 0 0 1 0 0 0 0 0
172 1
173 -1 -1 3633 8 0 0 0 0 0 0 0 0 25 1
174 -1 -1 3632 8 0 0 0 0 0 0 0 0 55 1816 -3364 378 -4951 665 139 908 1678 6255 4660 -4431 388 454 -2961 3350 -1630 2551 383 227 -131 290 31 -6806 313 0
175 0
176 1
177 -1 -1 907 8 0 0 1 0 8 0 0 0 22 1
178 -1 -1 906 8 0 0 15 1 3 2 0 11 9 453 -108 6885 2111 -1867 234 0
179 1
180 -1 -1 905 8 0 1 54 0 12 0 0 0 2 1
181 -1 -1 904 8 0 1 2 1 0 6 1 0 2 452 3044 -7377 4290 5109 5 226 2133 -5706 -4755 -432 197 113 -4527 7099 -3865 -5804 263 0
182 1
183 -1 -1 225 8 0 1 0 2 4 13 0 0 45 0
184 1
185 -1 -1 449 8 0 0 1 1 11 11 1 25 8 0
186 0
187 0
188 1
189 -1 -1 3591 8 0 0 26 1 1 0 0 0 1 1
190 -1 -1 3590 8 0 0 3 86 2 3 0 2 0 1795 4449 2462 1338 -4106 184 1
191 -1 -1 1794 8 0 0 48 1 2 2 0 0 2 897 -2641 6973 799 -2810 1 0
192 0
193 1
194 -1 -1 3587 8 0 0 0 10 0 27 0 0 0 1
195 -1 -1 3586 8 0 0 5 27 1 0 7 0 0 1793 -2984 7822 3258 3142 272 0
196 1
197 -1 -1 3585 8 0 1 21 14 3 11 1 0 3 1
198 -1 -1 3584 8 0 0 9 22 0 2 0 5 37 1792 -2397 -6039 -4356 5714 12 896 4201 6824 78 -7595 15 448 -3262 7198 -4249 3490 8 224 -2832 5962 4083 -5460 229 112 -2909 5123 515 4692 314 56 4215 -6936 -2473 5314 314 28 -4772 -3611 1805 1781 38 14 -1606 -6027 4440 -783 396 7 -2609 1100 1661 7397 2 0
199 0
200 0
201 0
202 0
203 0
204 1
205 -1 -1 447 8 0 12 3 9 12 0 11 12 8 1
206 -1 -1 446 8 0 0 0 0 1 0 1 30 0 223 20 7490 -1522 377 19 0
207 0
208 1
209 -1 -1 891 8 0 1 5 3 6 1 24 7 0 0
210 0
211 1
212 -1 -1 3563 8 0 2 0 0 5 0 134 0 0 1
213 -1 -1 3562 8 0 7 0 0 12 0 42 0 0 1781 -739 -4962 3769 -6158 353 0
214 1
215 -1 -1 3561 8 0 0 2 0 0 0 0 0 0 1
216 -1 -1 3560 8 0 8 0 0 62 0 130 0 0 1780 -3742 -6718 -3276 -4772 389 890 2754 4100 -4693 -7427 64 445 648 -4076 246 -1487 0 0
217 1
218 -1 -1 889 8 0 1 0 1 13 0 17 2 0 1
219 -1 -1 888 8 0 6 1 14 8 1 1 3 6 444 -4005 1866 2874 -7532 6 222 -1206 7222 -2377 4151 10 111 -161 5271 -359 -7995 205 0
220 0
221 1
222 -1 -1 443 8 0 0 0 1 4 1 0 0 20 0
223 1
224 -1 -1 885 8 0 2 0 23 3 0 2 0 0 0
225 0
226 1
227 -1 -1 3539 8 0 0 0 5 57 0 36 0 0 1
228 -1 -1 3538 8 0 6 0 3 3 1 3 0 0 1769 -2324 -5558 4048 5 21 1
229 -1 -1 1768 8 0 1 0 0 7 1 1 0 9 884 -2876 6931 688 -6011 24 442 -4968 -3530 702 -3997 389 221 2573 -343 -2543 7767 157 0
230 0
231 0
232 1
233 -1 -1 1767 8 0 1 8 0 1 0 8 23 3 0
234 1
235 -1 -1 3533 8 0 0 0 0 15 0 14 0 0 1
236 -1 -1 3532 8 0 13 6 3 24 0 2 2 8 1766 4626 5836 -1910 -236 31 883 -15 5497 2394 -6550 391 1
237 -1 -1 882 8 0 0 0 0 1 15 3 1 0 441 4541 6360 3574 1858 0 0
238 1
239 -1 -1 881 8 0 6 0 34 4 10 0 0 0 1
240 -1 -1 880 8 0 9 12 0 6 1 0 0 5 440 4087 7029 1418 -4761 15 220 -1199 -1146 -4574 -2086 3 110 -3165 1734 -1473 -5772 15 55 1041 3436 -2721 -799 15 0
241 0
242 1
243 -1 -1 219 8 0 8 0 5 1 44 1 0 6 0
244 0
245 0
246 1
247 -1 -1 1751 8 0 2 0 28 20 0 4 0 0 1
248 -1 -1 1750 8 0 4 0 1 19 6 0 0 0 875 406 7854 -193 -313 7 0
249 1
250 -1 -1 1749 8 0 15 0 0 19 2 2 0 10 0
251 1
252 -1 -1 3497 8 0 2 0 7 0 15 0 0 0 1
253 -1 -1 3496 8 0 37 0 33 32 24 6 178 0 1748 4423 -3145 4385 -5457 264 874 -2569 3507 -4804 -5723 22 437 -1154 3752 -1477 -5350 22 0
254 1
255 -1 -1 873 8 0 7 0 2 11 9 16 0 0 0
256 1
257 -1 -1 1745 8 0 41 0 0 8 0 1 17 2 1
258 -1 -1 1744 8 0 2 16 0 1 0 2 0 4 872 -1348 -1588 -4723 6763 2 436 2459 -1223 -230 -5861 9 218 -4153 -273 -3482 -6017 4 109 -4320 3121 -404 -1598 63 0
259 0
260 1
261 -1 -1 435 8 0 7 0 0 2 0 48 0 0 1
262 -1 -1 434 8 0 4 4 6 3 0 0 0 0 217 3935 7804 1192 -6150 247 0
263 0
264 1
265 -1 -1 867 8 0 6 0 0 3 1 5 15 0 1
266 -1 -1 866 8 0 4 0 3 16 0 2 5 39 433 -3893 -2366 2663 7072 3 0
267 0
268 1
269 -1 -1 1731 8 0 8 0 5 29 0 2 0 13 1
270 -1 -1 1730 8 0 5 1 4 12 0 26 1 0 865 -1729 2011 1633 -3633 5 0
271 0
272 1
273 -1 -1 3459 8 0 1 1 0 2 0 0 0 10 1
274 -1 -1 3458 8 0 2 0 2 19 29 5 0 0 1729 -3936 4211 -3848 -6727 104 1
275 -1 -1 1728 8 0 27 3 11 7 9 2 1 0 864 -4298 2333 -2434 -4148 3 432 -2454 6482 -2611 -6904 4 216 4257 4537 -3033 -4498 293 108 2716 5927 634 -5963 365 54 -497 -5586 4936 2391 399 27 -3578 6662 -3811 2701 8 0
276 0
277 0
278 1
279 -1 -1 215 8 0 44 0 4 13 1 1 0 0 0
280 1
281 -1 -1 429 8 0 7 0 0 0 0 0 0 4 0
282 1
283 -1 -1 857 8 0 32 3 0 0 0 1 0 0 0
284 1
285 -1 -1 1713 8 0 3 0 0 0 0 0 0 0 0
286 1
287 -1 -1 3425 8 0 5 0 0 0 0 0 0 0 1
288 -1 -1 3424 8 0 293 0 0 0 0 0 0 0 1712 -3901 -5734 -806 -5630 250 856 2923 -3355 -2648 -3561 68 428 825 -2871 -3310 -7124 13 214 3447 -5695 -1694 3577 257 107 4424 -6645 -916 7381 44 0
289 0
290 1
291 -1 -1 427 8 0 29 0 0 13 0 14 0 0 0
292 1
293 -1 -1 853 8 0 1 0 0 7 0 0 0 0 1
294 -1 -1 852 8 0 60 0 0 3 0 0 0 0 426 4432 6204 -958 -7222 134 213 45 -3720 997 2730 16 0
295 1
296 -1 -1 425 8 0 2 0 6 8 7 0 3 17 0
297 1
298 -1 -1 849 8 0 1 1 0 2 0 27 2 0 1
299 -1 -1 848 8 0 24 15 7 6 0 1 6 0 424 1060 -2957 -2819 223 18 212 -2509 -2005 -1493 5775 352 106 -810 546 4843 -1389 395 53 -201 -211 4391 4921 398 0
300 0
301 0
302 0
303 1
304 -1 -1 847 8 0 2 0 3 0 0 0 0 0 0
305 1
306 -1 -1 1693 8 0 3 0 0 0 0 1 0 0 0
307 1
308 -1 -1 3385 8 0 27 0 0 0 0 0 0 0 1
309 -1 -1 3384 8 0 63 0 0 0 0 0 0 0 1692 1467 5445 -1321 -4769 317 846 -4211 5633 2973 7323 357 423 -3780 -6071 -703 -7769 3 1
310 -1 -1 422 8 0 4 0 0 5 0 0 0 0 211 -438 -6618 -3092 -2659 1 0
311 0
312 1
313 -1 -1 843 8 0 14 2 3 0 3 0 1 13 0
314 1
315 -1 -1 1685 8 0 1 11 0 2 0 1 0 0 0
316 1
317 -1 -1 3369 8 0 8 0 0 1 0 0 0 1 1
318 -1 -1 3368 8 0 5 1 0 8 0 0 55 0 1684 -578 675 -3551 -1231 399 842 4753 285 478 7988 2 421 -2373 -7861 -2764 4562 58 0
319 0
320 1
321 -1 -1 1683 8 0 3 0 44 1 4 2 0 0 1
322 -1 -1 1682 8 0 3 4 0 2 9 0 0 0 841 -999 -141 3059 1493 369 0
323 1
324 -1 -1 1681 8 0 40 1 0 0 0 0 0 2 0
325 1
326 -1 -1 3361 8 0 9 1 1 1 51 0 17 2 1
327 -1 -1 3360 8 0 22 7 7 6 9 0 0 5 1680 585 -1841 -1734 6762 12 840 -1685 -7135 3581 3121 396 420 -695 -4262 -4649 5862 374 210 -566 -3224 523 5640 390 105 -975 3248 -4456 725 396 0
328 1
329 -1 -1 209 8 0 24 0 0 8 2 12 0 21 0
330 0
331 0
332 1
333 -1 -1 1671 8 0 3 0 2 4 0 1 0 0 0
334 1
335 -1 -1 3341 8 0 0 8 1 1 0 8 0 0 1
336 -1 -1 3340 8 0 1 47 0 3 0 0 1 0 1670 2164 3619 -2795 3251 15 835 4000 -1901 2082 7530 234 1
337 -1 -1 834 8 0 4 2 16 21 0 6 5 0 417 -666 1625 3173 5758 390 0
338 1
339 -1 -1 833 8 0 19 0 0 4 3 0 11 0 0
340 1
341 -1 -1 1665 8 0 15 3 4 0 0 0 0 0 0
342 1
343 -1 -1 3329 8 0 2 3 0 3 0 1 6 0 1
344 -1 -1 3328 8 0 3 19 82 8 4 0 0 0 1664 1524 -1039 -2677 6929 1 832 -2030 -2204 3226 -1917 388 416 801 2791 2469 2445 396 208 62 61 -1700 -7346 4 104 339 1813 -3110 -493 397 52 -474 -466 795 2159 0 26 -2708 -1037 -2254 6450 3 13 -2732 331 -2685 -7868 2 0
345 0
346 0
347 0
348 0
349 0
350 0
351 1
352 -1 -1 1663 8 0 4 14 6 0 0 2 0 7 0
353 1
354 -1 -1 3325 8 0 0 0 13 0 1 0 0 33 1
355 -1 -1 3324 8 0 0 0 35 0 0 0 0 2 1662 1296 151 4857 6134 23 831 4258 3654 2387 -6802 166 0
356 0
357 1
358 -1 -1 3323 8 0 0 0 0 5 0 0 0 124 1
359 -1 -1 3322 8 0 8 2 2 3 2 3 0 52 1661 -4566 2490 1351 3040 2 1
360 -1 -1 1660 8 0 5 4 22 1 6 0 0 22 830 2174 3311 1074 -3806 12 415 2931 6948 -3423 4720 13 0
361 0
362 1
363 -1 -1 1659 8 0 4 1 0 7 2 0 12 11 0
364 1
365 -1 -1 3317 8 0 6 8 47 3 16 0 0 21 1
366 -1 -1 3316 8 0 3 1 3 5 37 0 0 8 1658 -3344 7434 4883 7508 22 829 3878 -2396 2061 -5679 3 0
367 0
368 1
369 -1 -1 3315 8 0 1 7 10 0 0 1 0 6 1
370 -1 -1 3314 8 0 10 1 0 0 3 0 3 98 1657 -2325 6173 -581 5239 8 1
371 -1 -1 1656 8 0 6 1 0 4 2 8 18 5 828 -1396 1901 4006 -3795 398 414 -2455 4214 -2169 -1072 13 207 1853 4146 3349 -2406 399 0
372 0
373 1
374 -1 -1 827 8 0 5 4 7 0 27 0 2 4 0
375 1
376 -1 -1 1653 8 0 3 3 1 4 9 0 6 11 0
377 1
378 -1 -1 3305 8 0 11 0 0 3 0 0 0 17 1
379 -1 -1 3304 8 0 52 0 0 17 0 0 1 2 1652 -4470 1795 -748 3409 9 826 622 6408 -4284 6394 17 413 -4227 6284 -3247 -1057 28 0
380 0
381 0
382 1
383 -1 -1 3303 8 0 0 41 0 6 0 0 0 20 1
384 -1 -1 3302 8 0 9 1 12 0 9 0 3 0 1651 -4942 3363 -877 -671 2 0
385 1
386 -1 -1 3301 8 0 2 11 0 1 0 0 6 7 1
387 -1 -1 3300 8 0 11 0 1 2 1 0 1 142 1650 -3208 -4552 1820 -4067 155 825 -3787 7798 -4025 995 18 0
388 1
389 -1 -1 1649 8 0 5 2 0 17 0 0 0 32 0
390 1
391 -1 -1 3297 8 0 14 1 2 0 0 0 0 0 1
392 -1 -1 3296 8 0 18 157 35 14 0 3 1 26 1648 -743 -7984 -3723 -157 0 824 -3038 6574 -834 265 48 412 4391 612 1983 5488 0 206 -3796 3298 -3167 7706 1 103 444 2659 -4990 -1554 258 0
393 0
394 0
395 0
396 1
397 -1 -1 1647 8 0 8 0 0 0 48 3 0 0 1
398 -1 -1 1646 8 0 0 0 0 3 1 0 4 8 823 -627 2603 -2623 4820 0 1
399 -1 -1 822 8 0 9 0 27 0 0 0 0 0 411 4374 6641 -4984 -3604 397 0
400 1
401 -1 -1 821 8 0 11 0 0 2 3 0 1 35 0
402 1
403 -1 -1 1641 8 0 44 0 0 0 1 0 0 0 0
404 1
405 -1 -1 3281 8 0 14 0 0 4 0 0 2 6 1
406 -1 -1 3280 8 0 19 0 0 0 1 0 73 0 1640 -2159 2916 3675 3853 3 820 3579 7187 -2155 -4529 394 410 4112 -6528 2184 3253 382 205 3117 6638 -2408 -2104 2 0
407 0
408 0
409 1
410 -1 -1 1639 8 0 4 1 0 0 0 0 3 11 0
411 1
412 -1 -1 3277 8 0 1 9 27 6 0 2 0 0 1
413 -1 -1 3276 8 0 4 97 19 6 0 0 0 6 1638 -3934 4740 2212 -1494 255 819 2478 -2653 3864 825 3 0
414 0
415 1
416 -1 -1 3275 8 0 17 1 1 0 0 0 13 4 1
417 -1 -1 3274 8 0 8 1 14 19 0 20 0 5 1637 -828 7048 1460 922 48 0
418 1
419 -1 -1 3273 8 0 5 3 96 5 0 0 0 0 1
420 -1 -1 3272 8 0 14 0 14 8 0 0 1 8 1636 4463 6586 -948 5027 15 818 1431 5704 1405 -2026 23 409 4335 6827 -2527 4192 397 0
421 0
422 0
423 1
424 -1 -1 3271 8 0 27 4 1 3 0 0 46 15 1
425 -1 -1 3270 8 0 11 20 3 2 0 1 2 0 1635 883 -5183 -4909 6523 0 0
426 1
427 -1 -1 3269 8 0 34 3 1 1 0 0 0 37 1
428 -1 -1 3268 8 0 56 0 0 14 0 4 3 0 1634 -3405 -291 3054 5564 202 817 -375 5833 -2056 -779 0 0
429 1
430 -1 -1 1633 8 0 10 4 0 2 0 0 13 21 0
431 1
432 -1 -1 3265 8 0 7 151 7 1 2 0 0 9 1
433 -1 -1 3264 8 0 23 6 0 0 6 3 0 0 1632 -4039 1727 3801 6042 367 816 2822 3552 4169 -1680 17 408 -998 1154 -3874 2322 2 204 3957 5898 -4130 -1552 12 102 4751 -5088 -1747 6632 399 51 -1958 7331 3945 2862 3 0
434 0
435 0
436 0
437 1
438 -1 -1 815 8 0 1 0 0 1 0 0 0 3 0
439 1
440 -1 -1 1629 8 0 0 0 0 0 0 0 68 0 1
441 -1 -1 1628 8 0 0 0 0 2 0 0 1 0 814 2999 -4365 2723 -2919 0 407 599 -384 -3081 -6577 57 0
442 1
443 -1 -1 813 8 0 13 0 10 2 1 0 10 0 1
444 -1 -1 812 8 0 18 0 0 8 0 0 0 15 406 -2007 6723 -4415 2497 235 203 -3812 -3882 1053 6783 396 0
445 0
446 0
447 0
448 1
449 -1 -1 3247 8 0 1 0 0 6 0 0 0 4 1
450 -1 -1 3246 8 0 6 0 0 11 0 55 0 0 1623 3365 4582 4237 7295 2 1
451 -1 -1 1622 8 0 6 3 9 20 5 1 0 2 811 -4512 7791 -3967 -1668 26 0
452 1
453 -1 -1 1621 8 0 0 2 0 3 0 2 0 22 1
454 -1 -1 1620 8 0 3 36 5 4 9 6 1 0 810 -1155 7171 -4369 -5443 34 405 -1405 4581 -3683 -6626 34 0
455 0
456 0
457 1
458 -1 -1 3239 8 0 2 1 0 2 93 0 31 0 1
459 -1 -1 3238 8 0 1 10 0 0 0 1 0 0 1619 -3316 3973 -4279 -5431 2 1
460 -1 -1 1618 8 0 12 0 1 10 1 1 8 1 809 -958 7530 -2219 -5807 7 0
461 1
462 -1 -1 1617 8 0 10 5 0 0 2 0 2 4 1
463 -1 -1 1616 8 0 20 0 0 18 0 19 0 0 808 -106 4975 3827 7949 368 404 -3765 1712 3345 7559 17 202 -2328 6377 -3377 -4375 21 101 4099 7066 -3237 -5824 244 0
464 0
465 0
466 1
467 -1 -1 807 8 0 4 0 5 9 5 5 1 0 1
468 -1 -1 806 8 0 5 0 44 1 2 0 1 0 403 -2367 1555 -4782 -6502 29 0
469 1
470 -1 -1 805 8 0 11 39 10 2 1 0 0 2 1
471 -1 -1 804 8 0 21 1 0 2 1 1 11 0 402 -4568 -2712 4009 4431 261 201 -1660 1321 -4112 -3089 6 0
472 0
473 1
474 -1 -1 803 8 0 2 0 0 6 0 30 0 0 0
475 1
476 -1 -1 1605 8 0 22 0 0 3 0 0 0 38 0
477 1
478 -1 -1 3209 8 0 56 0 3 21 0 6 0 7 1
479 -1 -1 3208 8 0 131 0 0 2 5 9 9 20 1604 -660 4505 4679 -192 400 802 -1238 -4153 -4203 427 367 401 3826 -5364 53 327 115 0
480 1
481 -1 -1 801 8 0 10 23 18 2 0 1 0 0 0
482 1
483 -1 -1 1601 8 0 19 18 0 2 1 0 0 0 1
484 -1 -1 1600 8 0 31 0 0 0 0 0 0 0 800 -4476 7757 -4914 824 11 400 4191 5305 -1248 -1088 10 200 -1820 2379 -4929 5685 0 100 -5000 -322 -3599 -7938 1 50 -1115 4768 -2924 -7395 2 25 -1175 914 -3650 -7104 384 0
485 0
486 0
487 0
488 0
489 1
490 -1 -1 799 8 0 3 18 0 3 6 0 0 19 0
491 0
492 1
493 -1 -1 3195 8 0 0 0 0 0 0 70 0 0 1
494 -1 -1 3194 8 0 0 0 0 0 3 3 6 0 1597 1360 -4863 -4902 1170 12 0
495 1
496 -1 -1 3193 8 0 1 1 8 0 0 0 0 2 1
497 -1 -1 3192 8 0 12 0 0 26 16 25 19 1 1596 -3477 1521 1772 -3435 189 798 388 689 -3047 -3790 45 399 -4351 -6685 4297 -5060 296 0
498 1
499 -1 -1 797 8 0 1 20 5 4 0 4 0 1 0
500 1
501 -1 -1 1593 8 0 4 5 12 1 3 1 11 13 0
502 1
503 -1 -1 3185 8 0 0 0 0 0 59 0 13 0 1
504 -1 -1 3184 8 0 3 7 1 2 61 11 218 1 1592 -3017 -783 2069 3606 346 796 -2300 -132 650 4813 375 398 910 1341 -3155 -4131 377 199 -4275 -4193 -4586 5677 49 0
505 0
506 1
507 -1 -1 795 8 0 0 0 3 1 15 0 3 8 0
508 1
509 -1 -1 1589 8 0 0 3 0 0 7 1 0 0 0
510 1
511 -1 -1 3177 8 0 1 0 0 2 0 0 241 0 1
512 -1 -1 3176 8 0 0 0 0 0 0 0 9 9 1588 -54 -91 -2750 4102 187 794 -3038 -5941 1566 4407 330 397 -4876 6036 2857 -7689 40 0
513 0
514 0
515 1
516 -1 -1 3175 8 0 1 0 0 0 73 2 3 3 1
517 -1 -1 3174 8 0 3 24 33 21 35 1 8 18 1587 -4236 -547 -356 -2089 223 0
518 1
519 -1 -1 3173 8 0 0 35 16 8 129 0 192 51 1
520 -1 -1 3172 8 0 6 191 183 28 88 5 442 43 1586 2355 3607 -1067 4980 259 793 -235 -7691 4800 -3001 26 0
521 0
522 1
523 -1 -1 3171 8 0 1 0 2 1 1 0 2 66 1
524 -1 -1 3170 8 0 0 123 26 13 32 6 79 44 1585 -3723 -5488 -684 6241 319 0
525 1
526 -1 -1 3169 8 0 5 94 71 39 86 5 148 46 1
527 -1 -1 3168 8 0 10 209 489 53 188 4 94 39 1584 4370 -4287 -2358 2152 248 792 4571 -7329 1233 -5011 25 396 -4961 4172 1000 -3851 0 198 -101 -4553 57 4451 311 99 134 -311 26 3901 316 0
528 0
529 0
530 1
531 -1 -1 791 8 0 0 0 0 1 38 0 0 0 1
532 -1 -1 790 8 0 0 3 17 18 7 12 5 0 395 -3418 5463 -2682 1017 358 0
533 0
534 1
535 -1 -1 1579 8 0 1 1 6 0 0 3 1 48 0
536 1
537 -1 -1 3157 8 0 0 52 1 2 0 3 0 18 1
538 -1 -1 3156 8 0 0 98 0 0 0 0 0 0 1578 -2746 5037 -2057 287 5 789 1269 6350 1598 -4121 369 0
539 1
540 -1 -1 1577 8 0 0 2 1 1 41 0 1 0 0
541 1
542 -1 -1 3153 8 0 0 37 15 0 2 0 0 6 1
543 -1 -1 3152 8 0 0 4 9 11 3 4 4 90 1576 670 2653 -3997 588 326 788 4089 -5138 581 3158 250 394 -4129 7433 3013 -4927 295 197 2021 -6776 3861 3082 209 0
544 0
545 1
546 -1 -1 787 8 0 2 14 5 6 3 1 34 0 0
547 0
548 1
549 -1 -1 3147 8 0 0 100 0 0 0 0 1 0 1
550 -1 -1 3146 8 0 0 2 8 0 0 0 4 5 1573 4999 5385 1836 2126 4 0
551 1
552 -1 -1 3145 8 0 0 27 205 13 43 0 0 1 1
553 -1 -1 3144 8 0 0 157 142 18 11 0 4 30 1572 4888 3357 1796 -6980 239 786 1930 6687 -4554 -3143 372 393 3860 -7849 -2915 -4009 13 0
554 0
555 0
556 1
557 -1 -1 3143 8 0 4 1 97 0 8 0 2 0 1
558 -1 -1 3142 8 0 6 0 17 1 59 0 0 0 1571 4515 -6742 4493 -4530 3 1
559 -1 -1 1570 8 0 1 4 2 0 10 1 0 26 785 551 7590 -4761 166 185 0
560 0
561 1
562 -1 -1 3139 8 0 1 0 0 5 0 0 30 1 1
563 -1 -1 3138 8 0 0 0 22 20 3 13 9 1 1569 1402 2790 3615 -1897 284 0
564 1
565 -1 -1 3137 8 0 5 0 16 0 0 2 0 11 1
566 -1 -1 3136 8 0 0 44 65 17 50 4 25 4 1568 -1410 4207 2607 2277 360 784 3008 -1499 4236 628 259 392 2274 7132 933 2970 290 196 895 -243 -141 -7657 207 98 -237 -572 4045 6943 228 49 3578 -4605 -1588 7900 0 0
567 0
568 0
569 0
570 0
571 1
572 -1 -1 1567 8 0 0 0 0 0 0 0 0 37 1
573 -1 -1 1566 8 0 0 1 21 1 23 0 0 5 783 2499 -7983 -275 302 26 0
574 1
575 -1 -1 1565 8 0 0 0 2 0 0 0 5 0 0
576 1
577 -1 -1 3129 8 0 0 0 2 2 0 0 1 0 1
578 -1 -1 3128 8 0 0 15 0 5 0 0 1 253 1564 -1557 -4948 125 -2295 85 782 4840 4933 52 4626 3 391 -4923 -6843 532 2773 10 0
579 0
580 0
581 1
582 -1 -1 3127 8 0 0 0 27 5 0 1 0 9 1
583 -1 -1 3126 8 0 3 18 4 47 1 0 0 1 1563 -1837 4183 -4477 -6863 307 0
584 1
585 -1 -1 3125 8 0 0 19 0 0 2 0 0 0 1
586 -1 -1 3124 8 0 0 6 22 5 2 0 0 109 1562 -1608 1661 2289 -7268 372 781 56 1531 3987 -1777 251 0
587 0
588 1
589 -1 -1 3123 8 0 0 24 1 25 0 5 7 217 1
590 -1 -1 3122 8 0 0 102 2 5 56 0 23 37 1561 -876 5448 -1967 -1367 13 0
591 1
592 -1 -1 3121 8 0 0 258 2 25 7 0 8 25 1
593 -1 -1 3120 8 0 0 3 12 12 21 0 4 7 1560 -3675 7958 2671 -5762 222 780 -1343 719 4229 3108 312 390 -756 154 -3173 7257 2 195 -3667 1231 -598 -337 21 0
594 0
595 0
596 1
597 -1 -1 1559 8 0 0 4 29 5 0 0 0 0 0
598 1
599 -1 -1 3117 8 0 2 0 6 1 0 2 11 16 1
600 -1 -1 3116 8 0 1 0 0 1 0 0 114 0 1558 1170 7793 3388 -1617 0 779 4697 1595 4272 -195 289 0
601 1
602 -1 -1 1557 8 0 1 0 20 0 0 0 2 8 0
603 1
604 -1 -1 3113 8 0 0 19 0 17 8 0 25 18 1
605 -1 -1 3112 8 0 0 0 0 15 4 0 0 73 1556 4277 -5079 2565 -2816 400 778 -2230 1607 -3879 -7464 337 389 -2316 1925 -3918 -2036 276 0
606 0
607 0
608 1
609 -1 -1 3111 8 0 2 5 0 2 5 0 6 43 1
610 -1 -1 3110 8 0 0 345 20 26 7 0 16 53 1555 896 6081 -1564 -6900 390 0
611 1
612 -1 -1 3109 8 0 0 137 42 116 29 11 4 72 1
613 -1 -1 3108 8 0 3 27 40 30 24 4 101 5 1554 3977 6580 1306 -6021 307 777 -4213 -1124 2943 4296 240 0
614 0
615 1
616 -1 -1 3107 8 0 3 17 53 4 0 0 0 0 1
617 -1 -1 3106 8 0 2 29 60 23 71 0 33 137 1553 -2330 3366 2467 4906 340 0
618 1
619 -1 -1 3105 8 0 0 39 136 10 69 0 2 4 1
620 -1 -1 3104 8 0 1 300 192 27 35 1 35 61 1552 -3728 2237 4449 1569 304 776 -3059 1954 2077 7989 10 388 -4631 -1571 62 -5867 15 194 4370 -4948 -1632 6560 279 97 -4446 4507 4215 7316 215 0
621 0
622 0
623 0
624 1
625 -1 -1 1551 8 0 0 0 11 0 0 1 0 14 0
626 1
627 -1 -1 3101 8 0 0 0 2 1 13 0 13 0 1
628 -1 -1 3100 8 0 2 0 0 6 0 0 136 3 1550 2124 -6198 2077 -2656 7 775 -3853 6030 4709 4673 167 0
629 1
630 -1 -1 1549 8 0 10 0 14 2 4 0 3 0 0
631 1
632 -1 -1 3097 8 0 2 4 2 12 6 37 0 16 1
633 -1 -1 3096 8 0 0 0 0 14 39 1 6 4 1548 -2552 51 -3182 -5285 17 774 -1247 -6520 -3383 2018 3 387 -1558 7531 61 -324 155 0
634 0
635 0
636 1
637 -1 -1 3095 8 0 0 4 1 36 3 20 0 76 1
638 -1 -1 3094 8 0 8 7 1 169 22 30 70 41 1547 110 -779 -1344 -5463 45 0
639 1
640 -1 -1 3093 8 0 3 46 16 7 3 1 0 7 1
641 -1 -1 3092 8 0 1 0 2 2 5 7 6 20 1546 -839 -2317 3590 -4738 120 773 -763 1085 -2437 -7057 4 0
642 0
643 1
644 -1 -1 3091 8 0 2 4 0 23 2 0 0 10 1
645 -1 -1 3090 8 0 2 0 4 20 33 4 103 0 1545 -691 -2621 4479 -2207 330 0
646 1
647 -1 -1 3089 8 0 3 308 44 153 35 4 16 17 1
648 -1 -1 3088 8 0 6 25 27 32 61 7 56 8 1544 -2980 -81 4936 -2864 220 772 -1037 -7524 4754 4348 309 386 -575 -132 -1657 -5938 15 193 -3745 6767 4904 -7202 396 0
649 0
650 0
651 0
652 1
653 -1 -1 3087 8 0 0 0 0 0 52 0 0 0 1
654 -1 -1 3086 8 0 1 0 0 1 4 0 0 16 1543 -4731 -4540 3912 2077 218 1
655 -1 -1 1542 8 0 13 1 0 0 0 4 0 0 771 -260 -872 3608 6938 117 0
656 0
657 1
658 -1 -1 3083 8 0 1 8 2 15 0 1 5 5 1
659 -1 -1 3082 8 0 0 2 3 12 0 5 0 52 1541 4902 4433 3276 -5204 192 0
660 1
661 -1 -1 3081 8 0 8 0 5 19 0 40 2 22 1
662 -1 -1 3080 8 0 11 0 13 15 16 6 15 2 1540 4204 -7338 567 -4888 6 770 -3586 4762 -2003 -5904 21 385 -3458 3242 -3543 -4190 364 0
663 0
664 0
665 1
666 -1 -1 3079 8 0 4 0 29 0 2 1 0 14 1
667 -1 -1 3078 8 0 0 1 5 4 24 5 1 0 1539 -1378 6391 1719 -4494 395 0
668 1
669 -1 -1 3077 8 0 8 3 6 5 0 2 0 1 1
670 -1 -1 3076 8 0 0 4 5 7 25 1 77 3 1538 -1270 -7334 4878 -364 341 769 -4225 4007 -2670 1045 26 0
671 0
672 1
673 -1 -1 3075 8 0 19 3 0 15 0 24 5 0 1
674 -1 -1 3074 8 0 5 41 0 6 17 4 1 4 1537 4392 -7337 4090 4299 29 0
675 1
676 -1 -1 3073 8 0 6 29 21 4 40 8 1 53 1
677 -1 -1 3072 8 0 16 100 309 164 91 29 26 33 1536 2948 -1685 -4960 -1849 218 768 -4875 -7373 4063 439 378 384 -3567 7415 4948 -4934 326 192 -3825 2698 1812 4162 278 96 290 -2280 3242 -6369 6 48 -701 1116 -1399 -6984 199 24 4267 -80 -2693 2212 0 12 -356 500 377 -7066 396 6 413 -6878 4520 -825 352 3 896 -7227 -441 434 65 0
678 0
679 0
680 0
681 0
682 0
683 1
684 -1 -1 191 8 0 11 0 5 21 0 10 13 0 0
685 1
686 -1 -1 381 8 0 1 0 0 0 3 0 2 0 0
687 1
688 -1 -1 761 8 0 18 0 0 10 0 0 0 2 0
689 1
690 -1 -1 1521 8 0 36 0 0 5 0 0 0 0 1
691 -1 -1 1520 8 0 64 0 0 0 0 0 0 0 760 2920 -7391 -4915 -5551 20 380 -1969 802 -2539 -4085 1 190 -929 -2384 3160 -1129 230 95 -4825 -5379 -4350 -7287 1 0
692 0
693 1
694 -1 -1 379 8 0 0 0 0 3 0 28 0 0 1
695 -1 -1 378 8 0 6 11 0 0 26 5 0 4 189 -2627 4188 2573 1070 15 0
696 1
697 -1 -1 377 8 0 0 0 0 0 24 0 0 0 0
698 1
699 -1 -1 753 8 0 27 1 0 0 15 8 0 0 1
700 -1 -1 752 8 0 58 0 0 3 0 0 0 0 376 -1501 -4029 2738 -57 97 188 -3669 465 -1953 -7269 14 94 -165 3704 -526 1599 4 47 3749 713 -4883 -2470 0 0
701 0
702 0
703 1
704 -1 -1 375 8 0 8 0 0 0 28 0 0 0 1
705 -1 -1 374 8 0 43 0 0 5 2 0 0 0 187 2922 -1060 -133 2408 223 0
706 1
707 -1 -1 373 8 0 15 0 0 10 0 1 0 0 1
708 -1 -1 372 8 0 5 2 2 4 0 0 0 42 186 -4478 -4902 1325 6826 313 93 3906 2376 -2218 4685 2 0
709 1
710 -1 -1 185 8 0 16 9 0 3 18 0 1 10 0
711 0
712 1
713 -1 -1 739 8 0 28 0 0 0 0 0 22 0 1
714 -1 -1 738 8 0 2 11 19 0 0 0 32 0 369 606 416 3162 6302 400 0
715 1
716 -1 -1 737 8 0 0 0 20 7 1 2 1 1 1
717 -1 -1 736 8 0 23 10 7 5 0 0 1 1 368 3516 7278 -2629 -1692 137 184 1214 552 -1158 4346 226 92 4658 7963 -2328 3608 399 46 -3748 7525 3385 7000 301 23 -1714 -6409 -1398 6460 397 0
718 0
719 0
720 0
721 0
722 0
723 1
724 -1 -1 1471 8 0 1 0 0 0 0 58 0 0 1
725 -1 -1 1470 8 0 8 0 0 9 0 45 0 0 735 -418 -195 2181 -6983 64 1
726 -1 -1 734 8 0 5 0 0 2 0 0 0 0 367 -1878 -6407 327 5789 366 1
727 -1 -1 366 8 0 14 0 0 8 0 10 0 0 183 2064 35 -4084 -2968 57 0
728 1
729 -1 -1 365 8 0 1 0 14 0 0 0 0 0 1
730 -1 -1 364 8 0 28 3 0 22 0 9 1 5 182 -2901 3902 -4222 6330 90 91 -2020 -3582 -3825 6772 397 0
731 0
732 1
733 -1 -1 363 8 0 0 0 4 14 0 1 0 0 0
734 0
735 1
736 -1 -1 1451 8 0 0 0 0 0 0 21 0 0 0
737 1
738 -1 -1 2901 8 0 8 0 0 2 0 27 0 0 1
739 -1 -1 2900 8 0 8 0 0 20 0 21 0 0 1450 3022 -7956 -4933 -4504 4 725 -4927 -1302 856 -593 30 1
740 -1 -1 724 8 0 6 0 0 13 0 1 0 0 362 -2662 1417 -3502 -1642 0 181 -4202 2907 -105 -4257 78 0
741 0
742 0
743 0
744 1
745 -1 -1 2895 8 0 9 0 0 10 0 2 43 0 1
746 -1 -1 2894 8 0 2 0 0 10 11 0 1 0 1447 914 227 3700 -6969 26 1
747 -1 -1 1446 8 0 5 0 0 38 0 12 1 0 723 2087 -7728 -3083 6329 396 0
748 1
749 -1 -1 1445 8 0 1 0 0 2 0 0 60 1 1
750 -1 -1 1444 8 0 10 0 0 6 5 9 36 0 722 4514 5266 4781 -5843 26 361 -646 -3633 3764 -5954 5 0
751 1
752 -1 -1 721 8 0 8 0 0 12 0 29 3 0 0
753 1
754 -1 -1 1441 8 0 6 0 0 5 14 0 0 3 0
755 1
756 -1 -1 2881 8 0 20 0 0 49 1 2 0 0 1
757 -1 -1 2880 8 0 2 0 0 3 1 7 2 2 1440 2080 445 3218 6961 379 720 -1913 935 4792 1545 321 360 4004 3380 -3245 -7956 22 180 1603 -669 3302 -7887 19 90 524 312 4217 -2826 21 45 3685 272 -4487 -7363 84 0
758 0
759 1
760 -1 -1 179 8 0 5 0 0 6 19 3 4 0 1
761 -1 -1 178 8 0 9 8 5 15 0 0 0 10 89 -4538 -332 -2860 -3725 6 0
762 1
763 -1 -1 177 8 0 5 0 1 1 0 36 0 0 0
764 1
765 -1 -1 353 8 0 19 0 14 9 3 9 1 0 0
766 1
767 -1 -1 705 8 0 5 2 0 1 0 2 0 7 0
768 1
769 -1 -1 1409 8 0 35 0 0 15 0 5 2 0 0
770 1
771 -1 -1 2817 8 0 6 0 0 2 0 0 0 0 1
772 -1 -1 2816 8 0 75 0 0 0 0 0 0 0 1408 1663 -1268 -2584 -1630 238 704 3774 2086 -4312 -1227 193 352 4505 -5572 2189 -225 194 176 -288 -3183 -38 -6546 4 88 -3697 -790 1844 -2871 25 44 -4514 5142 4803 -6319 23 22 -559 -1986 274 -4179 2 11 2390 -2119 919 -40 2 0
773 0
774 0
775 0
776 1
777 -1 -1 175 8 0 8 0 0 10 0 10 27 0 1
778 -1 -1 174 8 0 14 0 0 12 0 26 0 3 87 3640 2406 -1675 -4864 36 0
779 1
780 -1 -1 173 8 0 1 0 1 3 0 3 0 0 0
781 1
782 -1 -1 345 8 0 53 0 0 10 0 5 1 0 1
783 -1 -1 344 8 0 68 0 0 0 0 0 1 0 172 1791 -7465 -4873 4026 41 86 -4402 164 1537 -2420 33 43 2809 1855 2152 -3362 5 0
784 0
785 1
786 -1 -1 171 8 0 1 0 2 2 5 0 18 0 0
787 1
788 -1 -1 341 8 0 1 0 2 4 5 1 0 33 0
789 1
790 -1 -1 681 8 0 5 0 0 6 0 0 0 4 1
791 -1 -1 680 8 0 6 0 0 12 27 17 0 0 340 -4848 2663 596 1696 71 170 1008 -37 4829 -7979 391 85 -3746 6966 -1772 -2609 256 0
792 0
793 1
794 -1 -1 339 8 0 5 19 0 3 9 0 0 12 1
795 -1 -1 338 8 0 18 0 0 6 0 4 1 3 169 2878 6675 3542 -4736 259 0
796 1
797 -1 -1 337 8 0 16 4 20 4 2 0 10 1 1
798 -1 -1 336 8 0 52 1 2 5 1 2 1 3 168 2443 -1308 -2199 -250 15 84 2973 7610 -1433 -368 15 42 4709 5210 3342 -1732 7 21 -2492 -7397 -4639 2864 3 0
799 0
800 0
801 0
802 1
803 -1 -1 335 8 0 5 0 13 5 5 4 0 0 1
804 -1 -1 334 8 0 2 0 1 0 51 0 9 0 167 721 2002 -4502 -6117 386 0
805 0
806 1
807 -1 -1 667 8 0 0 0 1 1 13 1 2 0 1
808 -1 -1 666 8 0 7 0 0 12 1 30 1 2 333 -4708 -4209 -1145 3188 391 1
809 -1 -1 332 8 0 36 0 0 3 5 5 1 8 166 -812 -6872 -3828 6762 126 83 241 -1456 -2986 -5474 292 0
810 0
811 0
812 0
813 1
814 -1 -1 1327 8 0 1 0 2 0 0 0 0 0 0
815 1
816 -1 -1 2653 8 0 0 1 0 0 0 2 0 0 1
817 -1 -1 2652 8 0 0 1 0 2 0 0 0 152 1326 2985 797 1426 6598 395 663 -2279 769 3157 -5313 329 1
818 -1 -1 662 8 0 1 15 0 2 0 0 0 5 331 4558 -6186 4461 120 20 0
819 0
820 1
821 -1 -1 1323 8 0 0 1 0 0 23 0 0 0 1
822 -1 -1 1322 8 0 0 10 3 8 8 19 0 12 661 2425 6021 3923 2467 117 0
823 1
824 -1 -1 1321 8 0 3 30 3 6 2 2 0 3 0
825 1
826 -1 -1 2641 8 0 0 8 0 13 1 5 0 5 1
827 -1 -1 2640 8 0 4 3 1 12 0 3 2 47 1320 -4385 -4434 1639 2465 43 660 3536 3937 -3733 -3741 43 330 -3554 -2827 3162 1402 59 165 3714 1085 -3048 128 238 0
828 0
829 1
830 -1 -1 659 8 0 2 0 2 11 0 19 2 3 1
831 -1 -1 658 8 0 9 3 0 0 2 3 1 37 329 1046 -4853 -3908 5440 355 0
832 0
833 0
834 1
835 -1 -1 2631 8 0 2 0 0 7 6 7 0 0 1
836 -1 -1 2630 8 0 9 0 3 1 1 2 44 0 1315 4671 -465 3954 -6284 10 0
837 1
838 -1 -1 2629 8 0 31 1 0 2 10 1 0 0 1
839 -1 -1 2628 8 0 10 0 0 4 0 10 0 2 1314 1357 -1789 63 5841 16 657 2860 1878 -601 -3678 8 0
840 1
841 -1 -1 1313 8 0 0 21 1 5 3 2 1 7 0
842 1
843 -1 -1 2625 8 0 0 0 12 10 0 1 0 4 1
844 -1 -1 2624 8 0 4 3 2 5 3 0 38 0 1312 4648 -4539 3856 4226 18 656 -857 -1302 1561 -6754 237 328 50 -1513 1322 5402 396 164 4371 -1126 -3391 3774 132 82 3673 -5970 -35 -1403 34 41 4789 -810 -4548 2980 385 0
845 0
846 0
847 0
848 1
849 -1 -1 655 8 0 0 0 1 8 9 0 0 5 0
850 0
851 1
852 -1 -1 2619 8 0 0 0 0 6 2 0 0 0 1
853 -1 -1 2618 8 0 0 0 0 3 0 0 87 0 1309 -4380 263 4276 -6864 45 1
854 -1 -1 1308 8 0 0 0 0 14 1 4 5 0 654 -1240 1955 2574 -3504 30 327 706 122 3789 -7850 53 0
855 0
856 1
857 -1 -1 1307 8 0 1 0 0 7 0 24 0 0 1
858 -1 -1 1306 8 0 1 1 0 18 15 0 18 4 653 -3559 -5330 -678 6709 324 0
859 1
860 -1 -1 1305 8 0 4 0 0 0 0 5 0 4 0
861 1
862 -1 -1 2609 8 0 0 0 1 69 0 0 0 1 1
863 -1 -1 2608 8 0 0 0 0 25 0 7 0 0 1304 -4730 -2195 -2112 3034 0 652 1976 1628 1835 -6515 108 326 914 -320 3231 3437 33 163 -3081 -4995 2731 5953 356 0
864 0
865 0
866 1
867 -1 -1 1303 8 0 0 0 13 4 0 5 24 1 1
868 -1 -1 1302 8 0 0 1 1 1 0 2 1 40 651 -117 -1237 3571 -1338 7 1
869 -1 -1 650 8 0 1 40 2 5 5 0 0 6 325 3476 -7259 3125 4032 28 0
870 1
871 -1 -1 649 8 0 9 1 0 5 0 24 0 22 0
872 1
873 -1 -1 1297 8 0 1 0 6 0 0 1 0 0 0
874 1
875 -1 -1 2593 8 0 0 12 0 2 0 0 0 1 1
876 -1 -1 2592 8 0 7 3 0 37 6 27 0 0 1296 4679 -3022 1687 -3980 12 648 -4590 2379 2198 -4382 334 324 2619 1070 4892 7610 335 162 1352 -447 4561 1816 223 81 3332 591 -4345 -5921 1 0
877 0
878 0
879 0
880 0
881 1
882 -1 -1 2591 8 0 0 0 52 7 4 0 11 0 1
883 -1 -1 2590 8 0 1 3 22 87 48 0 5 16 1295 -3891 -7141 178 -762 14 0
884 1
885 -1 -1 2589 8 0 0 3 0 9 22 0 57 2 1
886 -1 -1 2588 8 0 0 9 5 53 17 0 20 55 1294 3186 -3056 -3571 7986 253 647 -2753 -5994 -4491 7481 245 0
887 1
888 -1 -1 1293 8 0 3 0 35 4 6 2 2 3 0
889 1
890 -1 -1 2585 8 0 1 12 1 11 171 0 0 3 1
891 -1 -1 2584 8 0 0 30 23 25 41 1 11 10 1292 1548 -1493 -1818 -7249 214 646 319 -956 999 5768 328 323 676 -6900 -9 6318 199 0
892 0
893 0
894 1
895 -1 -1 2583 8 0 0 5 55 5 82 2 0 0 1
896 -1 -1 2582 8 0 1 0 21 9 14 0 2 22 1291 4592 2617 610 -7705 15 0
897 1
898 -1 -1 2581 8 0 3 61 27 19 18 1 0 8 1
899 -1 -1 2580 8 0 2 0 28 4 1 6 0 0 1290 -2627 5442 -4049 -4874 0 645 4564 5890 -3447 -7691 282 0
900 0
901 1
902 -1 -1 2579 8 0 2 51 58 8 37 0 12 6 1
903 -1 -1 2578 8 0 1 22 11 30 0 8 15 10 1289 4511 4097 -2066 -3685 43 0
904 1
905 -1 -1 2577 8 0 14 1 2 17 2 2 1 79 1
906 -1 -1 2576 8 0 11 42 9 41 21 9 17 38 1288 2569 2383 -3486 -7698 297 644 4754 7138 1622 -854 15 322 2041 -3028 -383 -5501 9 161 3063 -5069 -4763 7134 178 0
907 0
908 0
909 0
910 1
911 -1 -1 2575 8 0 0 4 0 3 14 2 0 0 1
912 -1 -1 2574 8 0 2 4 45 57 0 0 0 2 1287 -3551 -4569 1558 6195 309 0
913 1
914 -1 -1 2573 8 0 4 20 3 1 23 0 69 61 1
915 -1 -1 2572 8 0 12 14 29 50 40 5 452 3 1286 610 -2390 2073 -7305 291 643 -4557 -6590 -4720 3724 15 0
916 0
917 1
918 -1 -1 2571 8 0 7 52 160 2 3 2 0 20 1
919 -1 -1 2570 8 0 2 25 70 20 199 0 12 2 1285 755 -895 -4662 5286 340 0
920 1
921 -1 -1 2569 8 0 6 46 247 46 102 9 112 10 1
922 -1 -1 2568 8 0 15 404 264 117 531 6 790 214 1284 -2958 -5048 -254 7318 248 642 3094 7719 -4275 -5273 263 321 2867 242 4572 7604 275 0
923 0
924 1
925 -1 -1 1283 8 0 0 0 1 6 0 0 42 0 0
926 1
927 -1 -1 2565 8 0 0 100 21 10 16 0 13 52 1
928 -1 -1 2564 8 0 3 80 50 54 24 21 45 3 1282 916 335 -1811 -5001 43 641 4353 1682 -400 4386 314 0
929 0
930 1
931 -1 -1 2563 8 0 3 48 74 34 9 4 37 7 1
932 -1 -1 2562 8 0 1 6 23 24 60 11 0 17 1281 -3082 -6743 1487 -5887 0 0
933 1
934 -1 -1 2561 8 0 2 0 0 53 0 1 1 0 1
935 -1 -1 2560 8 0 19 20 34 59 20 6 3 13 1280 4644 3615 1950 6898 210 640 4110 4711 2465 -3757 0 320 3110 -3710 -3517 6651 148 160 1140 -495 -1723 3984 180 80 1272 3503 1826 -4766 5 40 -3122 -6911 -4938 5167 312 20 4531 -7732 1111 5445 387 10 1933 -2109 -493 4779 398 5 2432 -2207 2673 6954 400 0
936 0
937 0
938 0
939 0
940 0
941 0
942 1
943 -1 -1 639 8 0 55 0 2 1 4 0 0 0 1
944 -1 -1 638 8 0 0 0 0 13 0 2 0 2 319 -1720 5918 2448 419 355 0
945 1
946 -1 -1 637 8 0 0 0 0 8 9 1 12 20 0
947 1
948 -1 -1 1273 8 0 5 14 9 24 0 2 0 0 1
949 -1 -1 1272 8 0 7 3 5 5 0 14 0 21 636 -503 6382 -1937 3562 10 318 2693 5778 1003 306 87 159 -1564 5915 874 -1440 396 0
950 0
951 0
952 1
953 -1 -1 1271 8 0 2 0 5 2 0 0 14 12 0
954 1
955 -1 -1 2541 8 0 0 0 180 1 0 0 0 0 1
956 -1 -1 2540 8 0 0 2 1 3 0 0 0 0 1270 2034 -373 2784 -5255 205 635 4046 -1034 -2379 5580 383 0
957 1
958 -1 -1 1269 8 0 0 3 30 4 1 0 0 1 0
959 1
960 -1 -1 2537 8 0 0 0 2 0 0 1 0 5 1
961 -1 -1 2536 8 0 0 72 1 1 2 0 0 0 1268 -2636 6810 2485 -7272 379 634 1588 5478 -4898 1709 329 317 1104 5896 -3406 -6751 391 0
962 0
963 1
964 -1 -1 1267 8 0 5 3 0 3 0 4 0 19 0
965 1
966 -1 -1 2533 8 0 1 1 17 12 0 1 0 0 1
967 -1 -1 2532 8 0 0 0 0 4 0 0 35 0 1266 -2945 -822 -3879 -7107 30 633 2293 382 -2866 6145 388 0
968 1
969 -1 -1 1265 8 0 1 9 2 0 7 4 20 16 0
970 1
971 -1 -1 2529 8 0 0 1 12 0 7 2 0 0 1
972 -1 -1 2528 8 0 1 277 21 28 2 4 0 7 1264 2830 -672 2079 7570 5 632 862 2711 4233 1125 283 316 4969 -2639 -2828 -3464 15 158 3766 7900 1176 -676 79 79 -4239 7007 1500 -7624 399 0
973 0
974 0
975 1
976 -1 -1 631 8 0 0 17 0 2 0 0 0 0 0
977 1
978 -1 -1 1261 8 0 0 0 0 0 11 0 1 0 1
979 -1 -1 1260 8 0 0 3 0 13 2 0 2 38 630 4602 4469 -4828 -4159 376 315 -3127 4226 3485 592 42 0
980 1
981 -1 -1 629 8 0 2 0 1 11 0 5 44 0 0
982 1
983 -1 -1 1257 8 0 0 9 0 0 0 0 4 0 0
984 1
985 -1 -1 2513 8 0 3 1 0 18 2 6 4 5 1
986 -1 -1 2512 8 0 1 0 27 10 2 6 3 4 1256 -3254 5017 -2890 -7853 1 628 -1972 3778 988 2005 400 314 4911 -4704 2630 -6998 365 157 -4757 7842 4657 7517 18 0
987 0
988 0
989 1
990 -1 -1 1255 8 0 0 2 0 1 0 4 0 16 1
991 -1 -1 1254 8 0 0 35 3 11 0 3 0 1 627 3612 1049 4444 762 2 0
992 0
993 1
994 -1 -1 2507 8 0 0 0 0 18 0 0 0 3 1
995 -1 -1 2506 8 0 0 2 0 8 1 0 0 45 1253 1735 -1780 3832 -141 1 1
996 -1 -1 1252 8 0 4 4 1 0 0 1 0 0 626 -668 7545 -4819 -6029 12 313 4563 4956 -4430 1269 9 0
997 0
998 0
999 1
1000 -1 -1 2503 8 0 1 0 0 7 0 32 0 1 1
1001 -1 -1 2502 8 0 9 0 0 34 0 6 0 0 1251 2447 4294 3213 -6979 69 1
1002 -1 -1 1250 8 0 9 0 2 14 0 3 0 41 625 2266 900 -4719 -4862 400 0
1003 0
1004 1
1005 -1 -1 2499 8 0 0 0 0 10 0 0 2 0 1
1006 -1 -1 2498 8 0 5 0 0 31 0 73 0 0 1249 3005 5728 1403 -2990 51 0
1007 1
1008 -1 -1 2497 8 0 11 1 24 76 0 3 0 1 1
1009 -1 -1 2496 8 0 7 4 8 41 2 46 2 0 1248 -3700 1367 -3498 -7330 29 624 -2475 1030 3948 780 10 312 3127 -2234 -2738 6475 379 156 2079 3228 4979 7293 24 78 2432 3647 -357 -516 21 39 4176 7343 3097 -3988 145 0
1010 0
1011 0
1012 1
1013 -1 -1 311 8 0 0 2 1 4 10 19 4 23 0
1014 1
1015 -1 -1 621 8 0 3 9 0 7 17 2 13 1 0
1016 0
1017 1
1018 -1 -1 2483 8 0 1 0 48 1 0 0 1 0 1
1019 -1 -1 2482 8 0 0 7 12 5 0 0 2 0 1241 882 -5871 489 1594 4 1
1020 -1 -1 1240 8 0 2 6 5 8 7 0 0 0 620 2459 6232 3316 -7973 302 310 2120 4226 -3219 -3887 68 155 -1844 -6833 1674 -5855 333 0
1021 0
1022 1
1023 -1 -1 619 8 0 0 2 1 26 0 9 0 6 1
1024 -1 -1 618 8 0 0 1 2 7 0 0 33 0 309 1241 1032 -4531 5190 274 0
1025 1
1026 -1 -1 617 8 0 1 16 18 13 3 0 0 2 0
1027 0
1028 1
1029 -1 -1 2467 8 0 0 0 0 0 10 1 0 0 1
1030 -1 -1 2466 8 0 0 2 27 50 1 2 1 2 1233 -1623 6922 -3889 1745 299 0
1031 1
1032 -1 -1 2465 8 0 1 0 0 40 2 25 4 9 1
1033 -1 -1 2464 8 0 11 3 8 101 4 20 0 0 1232 -3719 -4152 -1460 -5049 3 616 3416 -963 -3104 -7529 243 308 -3614 2566 4614 -819 239 154 -4680 -2147 -4451 5012 242 77 2697 4206 -573 936 31 0
1034 0
1035 1
1036 -1 -1 307 8 0 1 0 0 6 1 6 1 47 0
1037 0
1038 0
1039 1
1040 -1 -1 2455 8 0 0 6 0 12 0 0 0 0 1
1041 -1 -1 2454 8 0 1 3 69 2 0 0 0 2 1227 473 595 615 -3918 303 0
1042 1
1043 -1 -1 2453 8 0 0 0 6 0 1 0 0 9 1
1044 -1 -1 2452 8 0 1 97 7 5 8 4 0 0 1226 -1301 2886 3470 -6728 375 613 4799 -3019 -1384 -7600 167 0
1045 1
1046 -1 -1 1225 8 0 2 14 0 4 9 0 1 0 0
1047 1
1048 -1 -1 2449 8 0 0 7 258 2 5 1 1 5 1
1049 -1 -1 2448 8 0 2 0 65 3 33 3 0 0 1224 1171 6496 -3069 -3096 322 612 1115 828 2113 -4448 347 306 -4699 2370 2402 -6084 21 153 -1044 27 -3826 3898 352 0
1050 0
1051 0
1052 1
1053 -1 -1 1223 8 0 0 0 0 2 0 2 0 45 1
1054 -1 -1 1222 8 0 1 0 7 8 10 0 0 3 611 2208 4511 -2393 -3281 256 0
1055 1
1056 -1 -1 1221 8 0 1 0 1 2 1 4 45 0 1
1057 -1 -1 1220 8 0 1 0 0 1 18 1 3 3 610 2540 7981 -4405 6434 328 305 2912 -5419 -1646 -5903 329 0
1058 0
1059 1
1060 -1 -1 1219 8 0 0 1 0 2 38 0 0 20 0
1061 1
1062 -1 -1 2437 8 0 0 36 27 3 5 0 0 6 1
1063 -1 -1 2436 8 0 0 9 177 25 19 0 7 2 1218 -785 7560 -1661 -1905 309 609 -4887 1116 -2898 -3446 303 0
1064 0
1065 1
1066 -1 -1 2435 8 0 2 5 24 25 295 1 10 6 1
1067 -1 -1 2434 8 0 2 26 93 68 187 2 4 9 1217 686 6180 -4067 3076 245 0
1068 1
1069 -1 -1 2433 8 0 1 27 5 27 0 1 5 5 1
1070 -1 -1 2432 8 0 1 26 72 12 42 1 0 15 1216 -2169 -1516 4188 1216 6 608 4845 2108 -2062 -190 3 304 -2534 3984 792 -4845 242 152 2706 -5450 -4282 6755 294 76 3445 5362 923 -6030 335 38 -2916 -5499 1109 -7889 4 19 1283 6050 -770 -7500 362 0
1071 0
1072 0
1073 1
1074 -1 -1 151 8 0 5 22 0 10 0 30 0 0 0
1075 1
1076 -1 -1 301 8 0 0 9 2 3 0 9 2 23 0
1077 1
1078 -1 -1 601 8 0 0 2 0 7 0 0 15 0 1
1079 -1 -1 600 8 0 2 1 0 2 42 4 1 2 300 -2779 -7509 -3966 5090 236 150 -591 60 3737 -2801 14 75 -1695 -5375 -4629 7255 278 0
1080 0
1081 0
1082 0
1083 1
1084 -1 -1 1199 8 0 0 0 0 8 3 14 0 0 0
1085 1
1086 -1 -1 2397 8 0 6 0 0 7 0 231 0 0 1
1087 -1 -1 2396 8 0 7 0 0 19 0 98 0 0 1198 300 5684 2320 -6004 54 599 -3478 4120 -2463 -5877 380 0
1088 0
1089 1
1090 -1 -1 2395 8 0 1 0 0 4 0 0 2 0 1
1091 -1 -1 2394 8 0 20 0 0 62 0 256 0 0 1197 -4383 7305 -2894 4548 169 1
1092 -1 -1 1196 8 0 4 0 0 23 0 27 13 0 598 4675 5372 3718 1165 21 299 -306 -7729 -4786 -1993 398 0
1093 1
1094 -1 -1 597 8 0 9 0 0 3 2 5 0 15 0
1095 1
1096 -1 -1 1193 8 0 3 0 0 13 0 1 0 0 0
1097 1
1098 -1 -1 2385 8 0 4 0 0 5 0 0 0 0 1
1099 -1 -1 2384 8 0 7 0 0 8 0 72 0 0 1192 -2987 6723 -1847 -98 5 596 -3264 6387 2711 -7195 42 298 46 316 822 5286 3 149 4506 5530 2985 -4996 21 0
1100 0
1101 0
1102 0
1103 1
1104 -1 -1 2383 8 0 2 2 0 4 0 48 0 0 1
1105 -1 -1 2382 8 0 0 0 0 12 0 4 0 0 1191 2886 3156 -1328 2323 7 1
1106 -1 -1 1190 8 0 2 0 0 14 3 7 14 0 595 1813 3583 -3227 -4290 77 0
1107 1
1108 -1 -1 1189 8 0 2 0 0 14 0 6 1 0 0
1109 1
1110 -1 -1 2377 8 0 0 0 0 2 0 0 7 0 1
1111 -1 -1 2376 8 0 5 0 0 4 75 11 2 0 1188 674 4758 -2028 1073 40 594 4750 7450 4655 -6189 63 297 2867 5532 -2536 -5512 68 0
1112 0
1113 0
1114 1
1115 -1 -1 2375 8 0 0 0 0 6 0 20 0 0 1
1116 -1 -1 2374 8 0 5 2 0 53 0 14 2 0 1187 2066 4143 3402 3107 7 0
1117 1
1118 -1 -1 2373 8 0 0 0 0 6 0 10 0 0 1
1119 -1 -1 2372 8 0 37 0 0 49 0 9 0 0 1186 -909 6591 2951 -7782 51 593 4906 3397 -1305 -6409 13 0
1120 1
1121 -1 -1 1185 8 0 4 1 0 13 3 8 0 0 0
1122 1
1123 -1 -1 2369 8 0 6 0 0 8 0 69 0 0 1
1124 -1 -1 2368 8 0 14 0 0 1 0 7 0 0 1184 4136 -7920 1929 -7092 3 592 -359 7119 1974 -4497 34 296 1337 -5688 3024 -6721 0 148 4630 6731 -790 -3439 55 74 739 3342 2487 561 15 37 1888 4237 1338 -3272 158 0
1125 0
1126 0
1127 0
1128 0
1129 1
1130 -1 -1 1183 8 0 4 0 1 3 0 51 0 0 0
1131 1
1132 -1 -1 2365 8 0 2 2 4 51 66 42 17 0 1
1133 -1 -1 2364 8 0 12 2 6 200 24 34 188 0 1182 -1477 4793 -2353 -156 35 591 -4486 -5926 4279 -3588 400 0
1134 1
1135 -1 -1 1181 8 0 0 29 0 5 5 8 1 4 0
1136 1
1137 -1 -1 2361 8 0 1 3 2 5 5 2 23 0 1
1138 -1 -1 2360 8 0 0 1 24 34 40 3 4 0 1180 3888 3581 3355 -1275 59 590 -4596 -5617 1382 -6241 24 295 1223 547 -329 -5349 7 0
1139 0
1140 1
1141 -1 -1 1179 8 0 0 3 0 10 26 2 2 0 0
1142 1
1143 -1 -1 2357 8 0 2 0 1 27 0 16 0 2 1
1144 -1 -1 2356 8 0 0 12 5 10 4 3 0 13 1178 -3811 -3491 2926 -3169 290 589 -4455 4529 -2685 -2497 46 0
1145 0
1146 1
1147 -1 -1 2355 8 0 0 0 0 5 5 0 24 0 1
1148 -1 -1 2354 8 0 0 0 65 29 6 2 7 2 1177 -2978 -10 -4579 4698 312 0
1149 1
1150 -1 -1 2353 8 0 12 10 0 7 0 6 0 0 1
1151 -1 -1 2352 8 0 9 15 76 55 30 13 3 1 1176 2538 7772 -533 -3634 354 588 510 4513 -1482 6068 9 294 4326 2124 -3444 -371 57 147 2828 -1470 4565 -5823 4 0
1152 0
1153 0
1154 0
1155 1
1156 -1 -1 2351 8 0 2 23 10 7 4 6 0 0 1
1157 -1 -1 2350 8 0 4 2 1 32 3 57 91 0 1175 1831 7164 902 -7651 257 0
1158 1
1159 -1 -1 2349 8 0 22 4 33 59 51 87 17 14 1
1160 -1 -1 2348 8 0 1 23 3 29 0 9 1 15 1174 3234 7772 -1658 -6974 14 587 2629 7219 -1621 3592 21 0
1161 0
1162 1
1163 -1 -1 2347 8 0 20 0 0 121 0 390 48 0 1
1164 -1 -1 2346 8 0 8 0 22 139 10 141 22 0 1173 -4997 -105 -2745 -7765 25 0
1165 1
1166 -1 -1 2345 8 0 19 4 0 158 1 62 12 3 1
1167 -1 -1 2344 8 0 8 0 6 41 49 12 1 0 1172 -3458 -1498 3593 -3619 0 586 3058 5338 -392 3593 7 293 926 -7110 1277 -6391 0 0
1168 0
1169 1
1170 -1 -1 1171 8 0 37 1 0 0 0 18 0 0 0
1171 1
1172 -1 -1 2341 8 0 1 0 1 17 1 0 0 20 1
1173 -1 -1 2340 8 0 0 2 4 1 32 6 20 0 1170 4996 1701 3870 -6195 151 585 3820 6697 -4927 -7470 362 0
1174 0
1175 1
1176 -1 -1 2339 8 0 9 0 0 81 2 71 1 0 1
1177 -1 -1 2338 8 0 149 2 0 108 4 64 1 0 1169 -515 7645 -2698 -7903 60 0
1178 1
1179 -1 -1 2337 8 0 3 0 1 7 28 1 0 2 1
1180 -1 -1 2336 8 0 46 2 30 74 3 34 1 0 1168 1989 437 3410 7073 400 584 621 -1538 4388 -4557 3 292 -529 5887 2461 -4762 245 146 3913 935 -395 -5630 12 73 2091 4748 -4407 4666 15 0
1181 0
1182 0
1183 0
1184 1
1185 -1 -1 1167 8 0 11 0 23 0 2 0 0 0 0
1186 1
1187 -1 -1 2333 8 0 128 0 0 0 0 0 0 0 1
1188 -1 -1 2332 8 0 0 0 5 3 0 0 0 0 1166 -4911 5555 2006 7564 0 583 1791 -1219 -988 -10 31 0
1189 0
1190 1
1191 -1 -1 2331 8 0 30 0 0 0 1 1 0 0 1
1192 -1 -1 2330 8 0 74 0 1 0 0 76 0 0 1165 -2548 -4097 -851 -3306 8 1
1193 -1 -1 1164 8 0 0 2 0 1 5 0 0 0 582 -1428 5799 -4762 -2958 349 291 1457 -7288 -3520 -363 15 0
1194 1
1195 -1 -1 581 8 0 8 0 3 0 0 0 0 39 0
1196 0
1197 1
1198 -1 -1 2323 8 0 1 0 26 12 5 0 0 2 1
1199 -1 -1 2322 8 0 27 7 10 2 3 11 9 3 1161 -3713 -3075 4652 -2837 64 0
1200 1
1201 -1 -1 2321 8 0 1 0 0 9 19 6 0 0 1
1202 -1 -1 2320 8 0 14 0 1 6 0 37 0 0 1160 -2106 7876 -4125 -2109 26 580 -21 7839 -849 -1768 43 290 3974 -5765 -1777 2396 369 145 1314 4996 -1130 -6329 329 0
1203 0
1204 0
1205 0
1206 1
1207 -1 -1 2319 8 0 0 35 74 27 180 8 34 1 1
1208 -1 -1 2318 8 0 0 18 18 23 140 9 149 11 1159 -4970 6762 639 -6371 0 0
1209 1
1210 -1 -1 2317 8 0 2 11 85 14 42 4 7 6 1
1211 -1 -1 2316 8 0 3 17 15 15 81 12 6 56 1158 -2757 7289 -4991 -3964 2 579 953 3956 4030 -3252 27 0
1212 0
1213 1
1214 -1 -1 2315 8 0 3 9 11 13 10 12 7 58 1
1215 -1 -1 2314 8 0 1 42 15 12 6 4 4 4 1157 -1749 4694 1007 -1032 4 0
1216 1
1217 -1 -1 2313 8 0 2 2 7 16 3 1 31 0 1
1218 -1 -1 2312 8 0 10 18 149 31 79 4 23 30 1156 1708 -5914 -2430 5219 299 578 3801 -7777 3377 5976 2 289 -171 4197 -1929 1238 15 0
1219 0
1220 0
1221 1
1222 -1 -1 2311 8 0 11 4 0 5 21 64 0 2 1
1223 -1 -1 2310 8 0 2 4 8 38 4 9 57 1 1155 1901 -2275 -2830 7455 397 0
1224 1
1225 -1 -1 2309 8 0 9 8 3 10 15 16 0 0 1
1226 -1 -1 2308 8 0 1 1 26 124 227 6 22 17 1154 665 -5667 -4920 1479 399 577 2554 -2409 -2455 7756 294 0
1227 0
1228 1
1229 -1 -1 2307 8 0 28 4 27 12 0 16 1 7 1
1230 -1 -1 2306 8 0 1 83 7 36 0 11 17 127 1153 -1878 -7775 -1575 1880 372 0
1231 1
1232 -1 -1 2305 8 0 21 57 58 165 163 62 28 26 1
1233 -1 -1 2304 8 0 185 61 357 364 72 231 7 51 1152 4617 6894 -4364 -4760 193 576 2943 -7193 -171 1714 227 288 -885 -1773 -3620 2804 196 144 3562 3680 1037 -76 28 72 -3739 6036 2331 -786 397 36 -4027 178 462 -7802 6 18 567 1991 -4253 5609 399 9 1619 -493 842 -7512 160 0
1234 0
1235 0
1236 0
1237 0
1238 0
1239 1
1240 -1 -1 575 8 0 1 0 0 3 12 6 0 0 0
1241 1
1242 -1 -1 1149 8 0 0 0 8 0 0 0 0 0 1
1243 -1 -1 1148 8 0 1 0 0 1 0 0 64 0 574 -3700 -780 -2951 -3537 5 287 -4941 -4075 1889 -6882 14 1
1244 -1 -1 286 8 0 4 4 9 14 25 3 4 0 143 -5 -10 -3892 3209 255 0
1245 1
1246 -1 -1 285 8 0 2 0 0 3 1 35 0 5 0
1247 1
1248 -1 -1 569 8 0 8 0 2 3 1 13 4 0 0
1249 1
1250 -1 -1 1137 8 0 3 1 0 10 0 1 3 0 0
1251 1
1252 -1 -1 2273 8 0 1 0 50 2 4 3 0 0 1
1253 -1 -1 2272 8 0 0 8 14 8 9 0 1 1 1136 -4795 -7423 -4837 1920 84 568 -1758 -4123 2296 902 295 284 -4612 -6191 1482 1388 335 142 2393 -6605 -4706 5006 312 71 3440 -2489 2215 7770 248 0
1254 0
1255 0
1256 1
1257 -1 -1 567 8 0 5 12 0 3 0 10 0 16 0
1258 1
1259 -1 -1 1133 8 0 3 0 0 12 0 0 0 1 0
1260 1
1261 -1 -1 2265 8 0 28 0 0 2 1 128 0 0 1
1262 -1 -1 2264 8 0 25 1 0 5 0 10 0 1 1132 4177 3563 4412 7211 11 566 -2407 -7547 -3325 -7969 2 283 108 -314 3929 7781 169 0
1263 0
1264 1
1265 -1 -1 1131 8 0 7 0 0 0 3 17 0 0 0
1266 1
1267 -1 -1 2261 8 0 20 0 0 3 2 5 0 4 1
1268 -1 -1 2260 8 0 148 0 0 1 0 2 0 0 1130 3467 6030 -3668 1804 137 565 -1321 -619 2560 4966 35 1
1269 -1 -1 564 8 0 8 1 1 4 0 22 0 18 282 882 -7509 -2955 2385 398 141 4894 -1438 3495 6024 24 0
1270 0
1271 0
1272 1
1273 -1 -1 1127 8 0 0 0 0 14 22 3 0 4 0
1274 1
1275 -1 -1 2253 8 0 0 1 6 8 0 5 0 4 1
1276 -1 -1 2252 8 0 0 0 0 17 0 90 0 0 1126 -2286 -1460 4187 5477 184 563 -4878 -6317 -3791 -3813 150 0
1277 1
1278 -1 -1 1125 8 0 1 11 11 5 3 1 0 0 0
1279 1
1280 -1 -1 2249 8 0 2 2 1 127 0 15 0 24 1
1281 -1 -1 2248 8 0 7 11 0 77 3 44 2 0 1124 -1658 -6840 -2593 214 193 562 1128 3371 4648 5277 291 281 -4235 -320 767 6180 70 0
1282 0
1283 0
1284 1
1285 -1 -1 2247 8 0 14 0 0 8 0 175 0 0 1
1286 -1 -1 2246 8 0 14 0 0 49 1 117 2 2 1123 1928 -1850 236 7506 55 1
1287 -1 -1 1122 8 0 9 6 0 9 1 9 6 3 561 -3344 -6135 1458 3311 61 0
1288 1
1289 -1 -1 1121 8 0 13 8 12 11 0 4 13 0 0
1290 1
1291 -1 -1 2241 8 0 65 0 0 118 1 103 0 0 1
1292 -1 -1 2240 8 0 44 3 0 41 8 8 4 4 1120 1401 -889 3743 3618 1 560 -4624 5848 3586 3331 251 280 2797 -5361 4951 6281 75 140 2138 -7762 -3388 3307 183 70 3906 -7134 -4046 1722 389 35 -1210 -263 1927 922 155 0
1293 0
1294 0
1295 1
1296 -1 -1 279 8 0 36 0 0 0 0 24 0 0 0
1297 1
1298 -1 -1 557 8 0 4 1 0 9 1 0 10 1 0
1299 1
1300 -1 -1 1113 8 0 40 0 0 0 0 0 0 0 0
1301 1
1302 -1 -1 2225 8 0 8 0 0 9 0 5 0 0 1
1303 -1 -1 2224 8 0 42 0 0 19 0 0 0 0 1112 -2301 -2040 -597 -3701 3 556 4047 -3247 -3117 -5933 261 278 4422 1014 2686 -7574 23 139 -2900 -6068 2415 903 20 0
1304 0
1305 1
1306 -1 -1 555 8 0 1 1 30 2 0 0 1 0 0
1307 1
1308 -1 -1 1109 8 0 4 42 4 9 0 3 0 0 0
1309 1
1310 -1 -1 2217 8 0 7 0 0 26 13 2 7 0 1
1311 -1 -1 2216 8 0 8 12 6 7 3 0 1 0 1108 2467 2240 -927 4845 18 554 1776 -3095 3460 7643 236 277 -2490 826 4238 -4321 87 0
1312 0
1313 0
1314 1
1315 -1 -1 2215 8 0 4 0 0 7 0 4 0 0 1
1316 -1 -1 2214 8 0 0 1 44 11 12 0 17 0 1107 -1807 -6715 -511 7986 278 0
1317 1
1318 -1 -1 2213 8 0 2 0 0 4 8 3 0 2 1
1319 -1 -1 2212 8 0 12 0 5 36 0 9 0 0 1106 -2381 -1763 -209 5749 230 553 906 -795 508 7131 105 0
1320 1
1321 -1 -1 1105 8 0 21 0 0 17 0 0 0 3 0
1322 1
1323 -1 -1 2209 8 0 4 0 2 3 0 39 2 1 1
1324 -1 -1 2208 8 0 31 0 0 10 0 13 0 0 1104 1773 -7860 1132 -2382 40 552 -2723 6259 -4597 5251 5 276 869 -2745 -2219 6795 175 138 4053 992 -2918 -6483 0 69 1595 3171 -1531 6975 379 0
1325 0
1326 0
1327 0
1328 0
1329 1
1330 -1 -1 2207 8 0 15 0 0 29 0 30 0 0 1
1331 -1 -1 2206 8 0 283 0 0 34 0 249 0 0 1103 -1423 -5763 4231 7606 74 0
1332 1
1333 -1 -1 2205 8 0 7 0 2 18 0 0 0 0 1
1334 -1 -1 2204 8 0 258 0 1 63 3 34 0 0 1102 -4196 -1664 -1023 7226 37 551 -4881 525 535 5163 18 0
1335 0
1336 1
1337 -1 -1 2203 8 0 31 0 0 0 0 2 0 2 1
1338 -1 -1 2202 8 0 21 1 2 36 0 35 0 0 1101 -4901 5135 3689 6008 389 0
1339 1
1340 -1 -1 2201 8 0 132 0 0 23 0 53 0 0 1
1341 -1 -1 2200 8 0 1393 1 0 104 2 56 0 0 1100 4833 -1321 3062 788 12 550 4796 -7040 3353 6175 93 275 -647 2198 461 2092 1 0
1342 0
1343 1
1344 -1 -1 1099 8 0 7 14 0 4 0 1 7 0 1
1345 -1 -1 1098 8 0 21 0 0 34 1 0 1 0 549 4398 -273 1248 -6318 25 0
1346 0
1347 1
1348 -1 -1 2195 8 0 28 4 0 3 0 1 0 0 1
1349 -1 -1 2194 8 0 22 0 0 46 0 0 0 0 1097 2365 5509 4644 7260 269 0
1350 1
1351 -1 -1 2193 8 0 45 0 0 36 0 1 0 0 1
1352 -1 -1 2192 8 0 752 1 1 76 0 17 0 0 1096 -2156 -7649 3476 -7942 218 548 1781 -5352 4695 7684 54 274 -1414 -1913 173 7262 72 137 -1907 -7047 2844 -348 6 0
1353 1
1354 -1 -1 273 8 0 8 6 10 10 0 0 11 17 0
1355 0
1356 0
1357 1
1358 -1 -1 2183 8 0 44 0 1 3 0 0 0 0 1
1359 -1 -1 2182 8 0 12 0 0 2 1 28 0 1 1091 2484 -5246 336 -841 7 0
1360 1
1361 -1 -1 2181 8 0 5 6 1 30 31 3 0 0 1
1362 -1 -1 2180 8 0 41 3 1 20 4 4 0 0 1090 3946 6127 2713 -7002 8 545 -2060 7917 -952 -6575 344 0
1363 0
1364 1
1365 -1 -1 2179 8 0 17 0 0 3 0 39 0 0 1
1366 -1 -1 2178 8 0 36 9 35 19 0 4 0 2 1089 -2733 -2247 1219 -6841 4 0
1367 1
1368 -1 -1 2177 8 0 14 7 2 6 0 5 0 0 1
1369 -1 -1 2176 8 0 220 1 3 69 0 2 0 0 1088 -1489 7065 4670 7192 13 544 -902 7645 3089 -6075 2 272 -741 7997 4516 -3681 12 136 -4971 2713 -1227 228 36 68 -632 -1273 1349 7120 0 34 1518 -7247 -2549 5167 102 17 -3105 -7307 1399 -1016 52 0
1370 0
1371 0
1372 0
1373 0
1374 0
1375 1
1376 -1 -1 1087 8 0 58 0 0 0 0 1 0 0 1
1377 -1 -1 1086 8 0 14 0 0 4 0 0 0 0 543 3514 4138 -2258 7093 52 0
1378 1
1379 -1 -1 1085 8 0 1 13 0 3 8 4 2 0 0
1380 1
1381 -1 -1 2169 8 0 34 0 4 9 0 0 0 0 1
1382 -1 -1 2168 8 0 5 2 0 10 0 11 5 0 1084 -1470 2310 -3461 7744 4 542 -4682 -7813 151 6080 0 271 4639 -2858 -2999 -319 398 0
1383 0
1384 1
1385 -1 -1 1083 8 0 0 0 0 0 5 0 0 0 0
1386 1
1387 -1 -1 2165 8 0 168 0 1 0 0 3 0 0 1
1388 -1 -1 2164 8 0 375 0 0 25 1 0 0 1 1082 4539 -7478 -4451 -1539 307 541 -3949 -7100 3412 5924 386 0
1389 1
1390 -1 -1 1081 8 0 31 0 9 0 1 0 0 0 0
1391 1
1392 -1 -1 2161 8 0 9 0 0 26 0 0 0 0 1
1393 -1 -1 2160 8 0 147 0 0 41 0 2 0 0 1080 1257 365 2220 3561 20 540 3404 -7725 -1956 4343 33 270 3402 4929 -4684 7147 3 135 3263 6142 -563 490 1 0
1394 0
1395 1
1396 -1 -1 539 8 0 10 0 0 1 0 11 0 0 0
1397 1
1398 -1 -1 1077 8 0 0 0 0 1 0 0 0 3 0
1399 1
1400 -1 -1 2153 8 0 4 0 0 2 0 2 0 0 1
1401 -1 -1 2152 8 0 88 0 0 2 0 0 0 0 1076 2374 -6885 3613 -7509 3 538 3608 1932 3434 -5917 327 269 -2142 4828 -4089 6051 327 0
1402 0
1403 1
1404 -1 -1 1075 8 0 6 0 7 5 0 35 0 0 1
1405 -1 -1 1074 8 0 1 19 1 1 0 0 0 0 537 -897 6648 4742 -5590 397 0
1406 1
1407 -1 -1 1073 8 0 1 0 6 9 0 0 8 7 1
1408 -1 -1 1072 8 0 29 7 0 22 2 0 3 3 536 4637 3869 2975 -1766 30 268 -3339 -3070 4448 -5019 357 134 3129 -7064 -4283 -4380 400 67 237 -457 -1086 7079 3 0
1409 0
1410 0
1411 1
1412 -1 -1 535 8 0 8 0 18 14 0 6 0 5 0
1413 0
1414 1
1415 -1 -1 2139 8 0 11 0 0 2 0 0 0 7 1
1416 -1 -1 2138 8 0 30 0 0 47 0 23 0 0 1069 1001 5751 3100 7119 12 0
1417 1
1418 -1 -1 2137 8 0 8 0 0 14 0 23 0 0 1
1419 -1 -1 2136 8 0 8 32 0 13 0 17 0 0 1068 3947 6761 -3285 -844 43 534 1633 -4175 -2182 -6185 12 267 -151 -3000 4697 -4478 182 0
1420 0
1421 1
1422 -1 -1 1067 8 0 3 3 0 5 5 3 36 0 1
1423 -1 -1 1066 8 0 4 9 3 9 0 9 2 10 533 116 -1072 -2830 -3613 12 1
1424 -1 -1 532 8 0 24 2 2 16 0 3 0 7 266 3241 7559 -702 -257 13 133 1487 -1036 -1915 -7474 398 0
1425 0
1426 1
1427 -1 -1 531 8 0 4 1 8 9 0 1 0 11 1
1428 -1 -1 530 8 0 29 2 0 10 0 4 6 0 265 1509 4375 3653 -4949 352 0
1429 0
1430 1
1431 -1 -1 1059 8 0 5 0 0 22 0 32 0 0 0
1432 1
1433 -1 -1 2117 8 0 12 0 0 4 0 4 0 0 1
1434 -1 -1 2116 8 0 22 0 0 58 0 2 0 0 1058 -2263 3994 -2173 3120 2 529 -457 -452 2495 2647 17 0
1435 0
1436 1
1437 -1 -1 2115 8 0 59 0 0 0 0 12 0 0 1
1438 -1 -1 2114 8 0 0 0 0 1 2 2 0 0 1057 866 684 2154 -5728 295 0
1439 1
1440 -1 -1 2113 8 0 34 0 0 1 0 1 0 0 1
1441 -1 -1 2112 8 0 46 0 0 19 0 0 0 0 1056 -3039 -608 4287 7822 18 528 3832 6115 -589 255 116 264 -952 7722 367 4884 2 132 1106 7636 -2051 1425 5 66 4621 4627 -2682 2161 1 33 4830 -699 1872 7569 0 0
1442 0
1443 0
1444 0
1445 0
1446 0
1447 1
1448 -1 -1 2111 8 0 1 0 0 0 0 0 0 0 1
1449 -1 -1 2110 8 0 0 0 0 0 0 0 0 75 1055 3065 -703 4586 7521 391 1
1450 -1 -1 1054 8 0 0 3 0 13 0 0 0 4 527 3279 -5557 -3428 3357 357 0
1451 1
1452 -1 -1 1053 8 0 8 0 0 18 0 16 0 5 1
1453 -1 -1 1052 8 0 1 0 38 15 4 0 0 0 526 814 2696 4240 6798 5 263 3188 2497 -4707 5117 70 0
1454 0
1455 1
1456 -1 -1 1051 8 0 21 0 3 12 0 18 1 0 1
1457 -1 -1 1050 8 0 17 11 0 12 0 0 14 0 525 4981 -6047 -4487 -6495 383 0
1458 0
1459 1
1460 -1 -1 2099 8 0 0 0 4 39 0 30 1 3 1
1461 -1 -1 2098 8 0 1 0 15 3 0 0 0 0 1049 2788 3710 -3437 -7883 248 0
1462 1
1463 -1 -1 2097 8 0 10 0 0 26 0 120 1 0 1
1464 -1 -1 2096 8 0 4 0 0 67 2 34 0 0 1048 3947 -7711 -4164 942 44 524 1262 -1907 223 -2704 1 262 3243 860 -4268 -7591 387 131 3319 -6660 4333 6658 274 0
1465 0
1466 0
1467 0
1468 1
1469 -1 -1 2095 8 0 1 115 0 2 0 14 3 0 1
1470 -1 -1 2094 8 0 1 10 4 13 6 0 10 0 1047 2383 5033 -2237 -6402 347 1
1471 -1 -1 1046 8 0 5 12 1 38 0 4 0 4 523 3119 6687 -753 2987 3 0
1472 0
1473 1
1474 -1 -1 2091 8 0 9 0 0 5 0 1 0 2 1
1475 -1 -1 2090 8 0 0 1 1 88 0 0 1 1 1045 605 -755 -1061 -6092 392 0
1476 1
1477 -1 -1 2089 8 0 18 0 0 3 0 0 0 0 1
1478 -1 -1 2088 8 0 7 21 5 16 3 0 0 0 1044 3020 -510 4005 -6324 397 522 -1599 7439 -2999 -4991 329 261 156 6300 -3143 1511 9 0
1479 0
1480 0
1481 1
1482 -1 -1 2087 8 0 0 7 107 2 0 3 1 1 1
1483 -1 -1 2086 8 0 1 3 54 12 54 1 9 1 1043 1917 7914 1151 -6311 288 0
1484 1
1485 -1 -1 2085 8 0 10 170 74 41 4 13 2 19 1
1486 -1 -1 2084 8 0 13 42 48 51 150 9 7 11 1042 2468 4290 1299 -4969 284 521 -3024 3886 4787 614 7 0
1487 0
1488 1
1489 -1 -1 2083 8 0 6 0 0 10 8 2 29 0 1
1490 -1 -1 2082 8 0 5 5 56 18 18 2 0 19 1041 -738 -6682 -3130 5386 4 0
1491 1
1492 -1 -1 2081 8 0 13 241 38 321 32 1 9 53 1
1493 -1 -1 2080 8 0 4 54 49 67 42 16 26 31 1040 3563 -179 -2771 -5973 14 520 3489 2150 -4323 2159 285 260 4988 6083 -2587 -5483 271 130 -3240 3983 4390 -7725 335 65 2736 -6682 -4135 -7448 322 0
1494 0
1495 0
1496 0
1497 1
1498 -1 -1 1039 8 0 8 1 37 3 1 4 3 0 0
1499 1
1500 -1 -1 2077 8 0 0 0 8 1 1 16 0 0 1
1501 -1 -1 2076 8 0 8 7 3 26 101 2 9 7 1038 1932 1369 3308 -7803 386 519 3374 7984 -1834 -4430 313 0
1502 0
1503 1
1504 -1 -1 2075 8 0 0 0 34 0 1 0 0 1 1
1505 -1 -1 2074 8 0 1 31 1 3 19 0 5 1 1037 -1606 1730 3131 7594 210 0
1506 1
1507 -1 -1 2073 8 0 3 20 27 2 23 1 39 7 1
1508 -1 -1 2072 8 0 12 1 3 26 4 4 124 1 1036 4934 3985 -4318 -7599 236 518 1421 -3782 -3825 3586 85 259 504 5481 -4717 -392 41 0
1509 0
1510 0
1511 1
1512 -1 -1 2071 8 0 0 14 0 0 0 0 1 0 1
1513 -1 -1 2070 8 0 2 6 1 4 0 0 0 59 1035 3537 -2760 -2604 7035 240 0
1514 1
1515 -1 -1 2069 8 0 2 50 1 7 1 3 3 15 1
1516 -1 -1 2068 8 0 2 6 6 18 2 0 17 1 1034 -4224 4181 -999 -399 21 517 -2247 2335 1963 -6623 285 0
1517 1
1518 -1 -1 1033 8 0 11 0 0 1 15 3 0 1 0
1519 1
1520 -1 -1 2065 8 0 0 0 4 14 8 0 0 2 1
1521 -1 -1 2064 8 0 6 13 0 17 5 3 37 9 1032 -1810 -512 -1685 7464 27 516 139 -346 -4426 785 384 258 -4716 6647 -1468 -5443 50 129 4583 2483 -4254 -1865 26 0
1522 0
1523 0
1524 1
1525 -1 -1 1031 8 0 7 15 1 1 0 9 0 1 0
1526 1
1527 -1 -1 2061 8 0 2 3 0 0 8 0 79 3 1
1528 -1 -1 2060 8 0 4 10 11 2 8 0 3 1 1030 4018 -6280 2087 4309 259 515 -534 -4410 -3370 3123 319 0
1529 1
1530 -1 -1 1029 8 0 28 0 0 20 0 16 0 1 0
1531 1
1532 -1 -1 2057 8 0 4 0 0 7 0 5 8 7 1
1533 -1 -1 2056 8 0 14 96 59 45 29 3 8 2 1028 3168 -7031 -2931 2620 295 514 580 -2213 -3484 3740 399 257 4167 708 1656 2806 229 0
1534 0
1535 0
1536 1
1537 -1 -1 2055 8 0 4 0 4 8 0 53 0 0 1
1538 -1 -1 2054 8 0 22 0 0 8 0 13 0 0 1027 113 6632 -3298 -2327 12 0
1539 1
1540 -1 -1 2053 8 0 40 0 69 139 38 35 100 8 1
1541 -1 -1 2052 8 0 68 1 9 91 2 3 6 6 1026 1388 7564 2284 4097 0 513 -4110 -5424 4239 -7584 395 0
1542 0
1543 1
1544 -1 -1 2051 8 0 1 0 0 4 0 0 0 28 1
1545 -1 -1 2050 8 0 45 19 48 42 42 22 4 10 1025 2075 3553 -1449 -4660 275 0
1546 1
1547 -1 -1 2049 8 0 52 9 6 76 6 72 6 23 1
1548 -1 -1 2048 8 0 664 16 28 149 7 61 18 8 1024 -81 7845 -2728 -3928 21 512 929 88 1814 6643 174 256 4673 2392 2849 -7456 21 128 384 -878 -2697 3898 93 64 2186 2642 -3 -1918 23 32 1994 5849 -3833 -7912 169 16 2545 4951 -3150 -7487 397 8 -2975 -7102 -974 4698 1 4 2494 5388 2658 708 7 2 1504 -933 1383 5459 140 1 -807 -137 4265 669 144 1 4
