22 serialization::archive 15 0 0 5 0 1 0
0 0 0 0
1 0
2 0
3 0
4 0
5 0
6 1 1 0
7 -1 -1 255 8 0 7 0 26 5 19 0 0 10 0
8 1
9 -1 -1 509 8 0 16 8 14 1 8 0 0 13 0
10 1
11 -1 -1 1017 8 0 1 15 0 0 0 0 0 20 0
12 1
13 -1 -1 2033 8 0 1 1 2 0 1 0 0 0 0
14 1
15 -1 -1 4065 8 0 3 0 0 0 0 0 0 0 1
16 -1 -1 4064 8 0 0 1 1 0 0 0 0 134 2032 0 0 -2887 -7093 -3847 7596 0 1016 4614 3827 -4685 4209 6 508 -1961 7982 -966 -1498 22 254 -77 -295 -3909 4635 24 127 4472 7669 -3223 -120 304 0
17 0
18 1
19 -1 -1 507 8 0 2 0 0 2 0 0 0 6 1
20 -1 -1 506 8 0 57 2 0 3 3 0 0 0 253 -3686 494 1026 552 5 1
21 -1 -1 252 8 0 9 19 5 1 0 0 0 0 126 -441 -832 -1524 4414 5 63 -4369 7974 -3420 2787 0 0
22 0
23 0
24 0
25 1
26 -1 -1 1007 8 0 5 0 8 5 0 0 0 2 0
27 1
28 -1 -1 2013 8 0 7 0 0 1 0 0 0 2 0
29 1
30 -1 -1 4025 8 0 0 0 0 1 0 0 0 58 1
31 -1 -1 4024 8 0 5 0 0 0 0 0 9 20 2012 2953 -6373 -1504 -7104 200 1006 3106 -5872 4916 -4261 3 503 4301 2727 -1130 -2698 32 1
32 -1 -1 502 8 0 4 0 13 1 11 2 0 0 251 501 -7 4873 6784 12 0
33 1
34 -1 -1 501 8 0 1 0 0 0 0 0 36 0 1
35 -1 -1 500 8 0 17 0 0 5 0 1 10 1 250 3145 2209 2030 1865 3 125 2822 -1706 2015 7617 326 0
36 0
37 1
38 -1 -1 499 8 0 1 6 0 0 0 0 56 0 0
39 0
40 1
41 -1 -1 1995 8 0 0 1 3 3 0 0 0 2 0
42 1
43 -1 -1 3989 8 0 0 0 0 2 0 0 0 0 1
44 -1 -1 3988 8 0 0 68 0 0 0 0 0 0 1994 4027 -6785 657 3484 331 997 182 3734 1360 6903 177 1
45 -1 -1 996 8 0 11 3 2 4 0 0 0 1 498 -4364 6902 -502 -1782 17 249 -4758 5435 -171 889 34 0
46 1
47 -1 -1 497 8 0 32 5 3 0 2 0 0 15 0
48 0
49 1
50 -1 -1 1987 8 0 5 0 0 2 0 0 2 0 0
51 1
52 -1 -1 3973 8 0 5 0 0 0 0 0 0 0 1
53 -1 -1 3972 8 0 80 0 0 0 0 0 0 0 1986 -3912 3427 -568 -2487 52 993 -3891 -3333 1694 -1725 336 0
54 1
55 -1 -1 1985 8 0 14 0 1 2 0 0 0 3 0
56 1
57 -1 -1 3969 8 0 14 0 0 0 0 0 0 0 1
58 -1 -1 3968 8 0 27 0 0 0 0 0 56 0 1984 2375 -4587 1413 7386 15 992 -1808 7939 1989 -6654 316 496 -4105 -6067 851 4415 23 248 -4278 -1500 -2562 -7628 218 124 -4010 3123 -344 396 1 62 4812 -5789 -4963 -5652 25 31 -2561 6148 -2547 -5914 378 0
59 0
60 1
61 -1 -1 123 8 0 54 0 1 0 0 0 0 0 0
62 1
63 -1 -1 245 8 0 5 0 0 3 0 34 0 0 0
64 0
65 1
66 -1 -1 979 8 0 27 0 0 23 0 0 0 0 1
67 -1 -1 978 8 0 43 0 0 6 0 0 0 0 489 -4134 -2497 2396 -6253 1 0
68 1
69 -1 -1 977 8 0 43 0 0 8 0 4 0 0 1
70 -1 -1 976 8 0 4 0 0 5 3 12 1 0 488 3054 3627 4972 6880 0 244 -3130 -897 4652 7461 0 122 2882 -5758 3482 4645 69 61 -1492 -856 -2233 4460 54 0
71 0
72 0
73 1
74 -1 -1 487 8 0 1 0 0 2 0 0 0 49 1
75 -1 -1 486 8 0 10 2 0 1 3 1 0 1 243 2496 2276 -3642 5907 301 0
76 0
77 1
78 -1 -1 971 8 0 8 0 34 0 0 0 0 0 1
79 -1 -1 970 8 0 24 3 0 0 0 1 0 0 485 3330 -2886 -753 6470 13 0
80 1
81 -1 -1 969 8 0 53 0 0 0 0 0 0 0 0
82 1
83 -1 -1 1937 8 0 20 8 6 2 0 0 0 0 0
84 1
85 -1 -1 3873 8 0 113 1 1 45 0 0 0 0 1
86 -1 -1 3872 8 0 8 0 0 26 0 0 2 0 1936 -2290 928 4927 7932 1 968 4766 738 -4418 7624 167 484 -3004 -1148 -3227 5360 37 242 -2095 2236 3098 7599 347 121 900 3205 -915 -410 4 0
87 0
88 1
89 -1 -1 483 8 0 11 0 0 1 30 0 0 2 0
90 1
91 -1 -1 965 8 0 56 1 0 2 0 0 0 0 1
92 -1 -1 964 8 0 20 0 0 9 0 1 0 0 482 3341 -6044 1299 2285 1 241 4872 -3025 1281 2540 16 0
93 0
94 0
95 1
96 -1 -1 1927 8 0 4 0 32 4 0 0 0 0 1
97 -1 -1 1926 8 0 16 0 0 6 0 0 0 16 963 -2590 1151 -4538 250 0 0
98 1
99 -1 -1 1925 8 0 5 0 0 1 0 0 33 0 0
100 1
101 -1 -1 3849 8 0 3 0 0 1 45 5 2 0 1
102 -1 -1 3848 8 0 17 9 3 10 5 0 0 0 1924 4623 7702 -2282 7321 15 962 3664 2094 -2106 5858 33 481 -657 466 2374 7324 15 0
103 0
104 1
105 -1 -1 1923 8 0 17 1 27 1 6 0 0 0 0
106 1
107 -1 -1 3845 8 0 26 11 9 11 0 1 0 6 1
108 -1 -1 3844 8 0 6 0 0 3 1 0 0 62 1922 3176 -1004 2157 7316 2 961 -2634 -3094 1274 3759 0 0
109 0
110 1
111 -1 -1 3843 8 0 2 52 3 1 13 0 0 5 1
112 -1 -1 3842 8 0 4 3 62 0 21 0 0 5 1921 2192 -3925 -939 7680 0 0
113 1
114 -1 -1 3841 8 0 5 0 12 11 0 0 0 0 1
115 -1 -1 3840 8 0 19 105 1 21 2 3 0 6 1920 2115 -1942 2470 5016 12 960 122 1258 3518 -1051 400 480 486 -619 3907 7513 18 240 -4557 -613 4209 -4344 393 120 4408 -7881 1983 5824 3 60 -2695 2135 -2755 7796 10 30 3039 -4248 1416 3642 18 15 -131 -181 2960 4757 398 0
116 0
117 0
118 0
119 1
120 -1 -1 239 8 0 15 0 0 5 1 8 0 0 0
121 1
122 -1 -1 477 8 0 6 0 0 18 0 9 0 0 0
123 1
124 -1 -1 953 8 0 0 0 0 9 0 0 0 0 0
125 1
126 -1 -1 1905 8 0 0 0 0 1 0 30 0 0 1
127 -1 -1 1904 8 0 1 0 0 23 0 35 0 0 952 -733 -2824 4145 5378 1 476 4484 2858 1875 6848 1 238 1430 986 3566 -7148 207 119 4121 -7192 3263 2387 0 0
128 1
129 -1 -1 237 8 0 2 7 0 6 0 16 3 4 0
130 0
131 1
132 -1 -1 947 8 0 3 0 0 0 0 0 2 0 0
133 1
134 -1 -1 1893 8 0 7 0 0 7 0 3 0 0 1
135 -1 -1 1892 8 0 5 0 0 50 0 1 0 0 946 4591 39 633 6493 9 473 -3405 -6901 -3129 4724 8 0
136 1
137 -1 -1 945 8 0 26 0 0 17 7 0 2 12 1
138 -1 -1 944 8 0 21 0 0 6 0 17 3 0 472 4767 7052 -337 2556 5 236 3414 3682 4626 -6536 17 118 1140 3039 4945 -2354 52 59 -2853 7816 1789 -403 10 0
139 0
140 1
141 -1 -1 235 8 0 6 38 0 1 0 0 0 1 0
142 0
143 1
144 -1 -1 939 8 0 1 8 0 1 0 0 0 2 0
145 1
146 -1 -1 1877 8 0 0 0 0 11 0 0 0 2 1
147 -1 -1 1876 8 0 2 0 0 4 0 0 0 58 938 3496 6617 -3808 7198 2 469 -3637 7700 -1938 2553 14 1
148 -1 -1 468 8 0 3 6 0 24 4 1 0 2 234 3203 -1050 4933 5513 396 117 3027 -7330 1063 3815 0 0
149 0
150 1
151 -1 -1 467 8 0 1 0 0 2 7 9 0 20 1
152 -1 -1 466 8 0 12 3 0 3 0 0 30 7 233 1470 7198 -1702 2087 18 0
153 0
154 1
155 -1 -1 931 8 0 10 0 0 2 0 13 0 0 0
156 1
157 -1 -1 1861 8 0 1 0 0 3 0 2 0 8 1
158 -1 -1 1860 8 0 5 5 0 44 1 1 0 0 930 4534 -4664 -1636 2288 4 465 -2282 7635 -1636 481 36 0
159 1
160 -1 -1 929 8 0 5 0 4 3 19 0 0 0 0
161 1
162 -1 -1 1857 8 0 8 0 8 9 1 0 0 0 0
163 1
164 -1 -1 3713 8 0 13 0 0 0 0 0 0 0 1
165 -1 -1 3712 8 0 23 0 0 44 0 0 0 0 1856 744 4590 1795 -1095 8 928 3557 850 -4690 1579 11 464 2738 -1410 487 -901 9 232 2803 6457 1585 2050 7 116 1690 -2624 -2238 7958 91 58 439 6416 4705 7131 37 29 4987 169 -3587 28 43 0
166 0
167 0
168 0
169 1
170 -1 -1 463 8 0 11 0 0 0 0 0 13 0 1
171 -1 -1 462 8 0 1 7 53 3 0 0 0 0 231 -3759 7783 -479 -2554 53 0
172 0
173 0
174 1
175 -1 -1 1847 8 0 1 0 0 0 0 0 1 0 0
176 1
177 -1 -1 3693 8 0 2 0 0 0 0 3 0 0 1
178 -1 -1 3692 8 0 0 0 0 0 0 75 0 0 1846 4576 -1890 -4707 -6894 44 923 2258 1904 -831 6589 24 1
179 -1 -1 922 8 0 4 3 3 6 0 2 0 0 461 1848 3613 -4333 4053 24 1
180 -1 -1 460 8 0 10 7 0 9 0 0 1 0 230 -419 2906 -4956 -4509 4 115 4070 7540 -3948 83 277 0
181 0
182 0
183 1
184 -1 -1 919 8 0 4 0 2 0 0 16 0 0 1
185 -1 -1 918 8 0 3 45 2 10 1 6 0 0 459 -3272 7220 4197 4506 328 0
186 1
187 -1 -1 917 8 0 2 2 50 0 0 0 0 1 1
188 -1 -1 916 8 0 2 46 6 6 0 0 0 7 458 3182 1056 -4038 335 371 229 3646 7947 -144 -541 15 0
189 1
190 -1 -1 457 8 0 18 0 0 0 0 10 0 3 0
191 1
192 -1 -1 913 8 0 1 6 19 3 13 0 8 3 0
193 1
194 -1 -1 1825 8 0 9 8 1 0 0 0 0 0 0
195 1
196 -1 -1 3649 8 0 2 18 0 1 0 1 0 99 1
197 -1 -1 3648 8 0 0 18 2 4 0 0 3 3 1824 -2685 5553 -2588 7862 0 912 -1103 -757 1732 317 4 456 -2494 1646 1097 -1805 17 228 4081 -6380 -3190 2584 14 114 -2264 6152 -4867 5031 5 57 -4187 -5173 1854 -6364 399 0
198 0
199 0
200 0
201 0
202 0
203 1
204 -1 -1 3647 8 0 0 0 0 0 0 0 0 109 1
205 -1 -1 3646 8 0 0 0 0 0 2 0 0 0 1823 -2615 1617 4974 547 0 1
206 -1 -1 1822 8 0 2 3 0 1 1 0 1 14 911 -866 35 -4439 -4046 400 1
207 -1 -1 910 8 0 11 2 0 1 2 3 0 3 455 -632 3481 4943 1909 392 0
208 0
209 1
210 -1 -1 1819 8 0 0 41 0 1 0 0 0 24 1
211 -1 -1 1818 8 0 1 2 3 0 0 0 0 0 909 -1095 6391 4134 3341 8 0
212 1
213 -1 -1 1817 8 0 4 0 0 7 0 5 0 1 1
214 -1 -1 1816 8 0 3 2 1 3 0 1 0 52 908 -3452 7052 710 1381 18 454 -2947 -810 3595 7701 274 227 -4746 4671 -3984 6613 0 0
215 0
216 1
217 -1 -1 907 8 0 12 12 0 2 0 0 0 3 1
218 -1 -1 906 8 0 4 10 0 0 0 0 0 42 453 416 -1700 -4053 7591 8 0
219 0
220 1
221 -1 -1 1811 8 0 3 0 0 0 0 0 0 50 1
222 -1 -1 1810 8 0 6 0 19 3 13 0 0 8 905 4797 5343 4817 422 400 0
223 1
224 -1 -1 1809 8 0 7 0 12 6 0 0 0 7 1
225 -1 -1 1808 8 0 52 0 11 2 0 0 3 0 904 2428 3210 -4418 5730 5 452 -1557 5494 3992 4188 3 226 -4714 2017 4758 4593 370 113 798 7114 -682 5092 2 0
226 0
227 1
228 -1 -1 451 8 0 4 23 0 0 15 1 0 3 1
229 -1 -1 450 8 0 5 3 2 26 1 12 0 3 225 -2778 -4669 -1782 -3581 4 1
230 -1 -1 224 8 0 28 0 0 19 0 13 1 1 112 -4522 5737 -2845 -7281 20 56 3288 1853 -2668 -5849 0 28 3512 5340 -3000 3996 11 14 4197 -2113 -3658 -6736 8 7 1102 -62 1246 7123 7 0
231 0
232 0
233 0
234 0
235 1
236 -1 -1 223 8 0 8 6 0 4 3 1 29 2 0
237 0
238 0
239 1
240 -1 -1 1783 8 0 0 3 0 0 0 0 0 0 0
241 1
242 -1 -1 3565 8 0 0 1 1 0 0 0 0 0 1
243 -1 -1 3564 8 0 0 0 95 0 0 0 0 0 1782 -2833 -1837 -83 -5164 387 891 -3557 2151 -1802 -6899 383 1
244 -1 -1 890 8 0 0 1 1 3 0 1 0 1 445 578 -922 -2226 4941 4 1
245 -1 -1 444 8 0 4 2 12 3 12 1 1 11 222 -226 7588 -224 -399 9 111 349 7815 1982 -125 48 0
246 0
247 1
248 -1 -1 443 8 0 0 0 0 3 0 0 17 1 0
249 1
250 -1 -1 885 8 0 0 13 0 0 0 0 0 4 1
251 -1 -1 884 8 0 0 0 8 0 3 0 1 50 442 -2601 -4389 1562 -3782 57 221 -1697 5200 -3689 -5456 351 0
252 0
253 1
254 -1 -1 883 8 0 2 13 3 5 1 1 8 0 1
255 -1 -1 882 8 0 0 2 7 6 0 0 0 31 441 -189 -1194 -4103 1196 2 0
256 0
257 0
258 1
259 -1 -1 3527 8 0 0 2 49 0 14 0 0 0 1
260 -1 -1 3526 8 0 0 19 4 3 3 0 1 3 1763 -563 1980 998 -2601 2 0
261 1
262 -1 -1 3525 8 0 0 11 0 0 73 0 0 0 1
263 -1 -1 3524 8 0 0 1 5 9 23 0 0 0 1762 1441 7800 2328 -1658 240 881 1556 5214 -4467 871 281 0
264 0
265 1
266 -1 -1 3523 8 0 0 17 2 8 31 0 0 0 1
267 -1 -1 3522 8 0 1 18 30 1 3 0 7 5 1761 -1495 -3312 3125 -4231 104 0
268 1
269 -1 -1 3521 8 0 1 33 3 21 4 0 5 9 1
270 -1 -1 3520 8 0 0 185 11 10 4 0 0 1 1760 -1050 2120 3433 1584 300 880 -432 -3672 -1993 685 4 440 4988 1135 1954 -1209 10 220 -2466 882 -1096 5496 197 110 4936 -4591 -3847 -1349 317 55 -751 -984 1968 -6792 375 0
271 0
272 1
273 -1 -1 219 8 0 2 10 5 18 0 16 11 3 0
274 0
275 0
276 1
277 -1 -1 1751 8 0 1 0 0 0 0 0 0 2 0
278 1
279 -1 -1 3501 8 0 0 29 0 0 0 0 0 0 1
280 -1 -1 3500 8 0 0 45 0 0 0 0 0 0 1750 -4359 6853 -215 6572 249 875 4603 -2037 -2793 -6383 203 1
281 -1 -1 874 8 0 0 0 0 3 0 0 0 25 437 -2996 296 1704 -6925 341 0
282 0
283 0
284 1
285 -1 -1 3495 8 0 0 3 0 0 0 0 0 120 1
286 -1 -1 3494 8 0 0 0 0 21 0 0 0 82 1747 -4744 3198 -573 271 39 0
287 1
288 -1 -1 3493 8 0 0 13 0 3 3 0 0 0 1
289 -1 -1 3492 8 0 3 5 0 3 0 3 0 57 1746 -951 3442 225 -5649 325 873 -3866 6623 -513 58 13 0
290 0
291 1
292 -1 -1 3491 8 0 0 0 2 1 0 0 10 5 1
293 -1 -1 3490 8 0 0 62 6 6 3 0 0 5 1745 -1086 1339 -3043 -7702 301 0
294 1
295 -1 -1 3489 8 0 0 17 7 2 0 0 0 93 1
296 -1 -1 3488 8 0 1 11 0 10 0 0 0 6 1744 -1472 5787 -527 1985 7 872 -2530 4127 -4411 1127 10 436 -2894 -235 4726 2863 293 218 -3408 2610 537 3305 336 109 -2959 -7891 4195 5709 249 0
297 0
298 1
299 -1 -1 435 8 0 2 0 54 0 1 0 0 0 1
300 -1 -1 434 8 0 7 4 0 0 19 0 0 5 217 4607 2817 -3993 -7113 0 0
301 0
302 1
303 -1 -1 867 8 0 2 2 0 5 0 0 20 28 0
304 0
305 1
306 -1 -1 3467 8 0 0 0 0 0 0 0 0 43 1
307 -1 -1 3466 8 0 0 0 0 0 0 0 0 35 1733 2424 -2821 -3281 -3887 81 0
308 1
309 -1 -1 3465 8 0 0 35 0 1 0 0 0 6 1
310 -1 -1 3464 8 0 1 10 0 0 2 0 0 38 1732 1841 6009 -3205 -5667 317 866 3507 -1694 -1698 -4649 379 433 -1951 7746 -736 -6965 356 0
311 1
312 -1 -1 865 8 0 3 2 6 2 1 0 1 34 0
313 1
314 -1 -1 1729 8 0 0 3 7 0 1 0 1 18 0
315 1
316 -1 -1 3457 8 0 0 23 1 4 49 0 6 0 1
317 -1 -1 3456 8 0 2 63 14 12 3 0 0 7 1728 -1199 7219 -3991 2833 237 864 3450 4736 -3974 -4396 267 432 -1347 -356 4678 -7480 299 216 -3841 5945 -4230 -4861 264 108 -2497 3339 1596 3889 373 54 -3091 -775 3104 5822 2 27 3141 7074 4111 -2150 12 0
318 0
319 0
320 1
321 -1 -1 215 8 0 0 0 0 2 0 0 12 6 0
322 0
323 1
324 -1 -1 859 8 0 0 0 0 3 0 0 0 3 0
325 1
326 -1 -1 1717 8 0 0 0 0 0 0 0 0 63 0
327 1
328 -1 -1 3433 8 0 0 0 0 0 0 0 0 2 1
329 -1 -1 3432 8 0 0 0 0 0 0 0 0 78 1716 2198 619 2524 2870 317 858 332 -2003 4287 6791 121 429 404 3247 4802 -4110 264 1
330 -1 -1 428 8 0 9 0 0 1 4 0 0 35 214 3102 -6569 -4000 21 64 107 2589 4922 -581 -6172 208 0
331 0
332 1
333 -1 -1 427 8 0 0 5 0 0 0 0 50 0 1
334 -1 -1 426 8 0 6 18 3 0 2 2 0 0 213 4907 -7115 483 2 23 0
335 1
336 -1 -1 425 8 0 4 4 0 1 1 0 1 42 1
337 -1 -1 424 8 0 1 20 0 8 1 0 1 2 212 3905 -5607 1881 -397 227 106 1165 951 -2565 3002 39 53 -2434 948 -3938 -5915 209 0
338 0
339 0
340 1
341 -1 -1 423 8 0 1 0 48 3 0 5 0 0 0
342 1
343 -1 -1 845 8 0 13 2 0 0 7 0 6 0 1
344 -1 -1 844 8 0 13 5 21 5 3 2 0 0 422 673 -3623 -1613 3132 389 211 -2027 1102 -1498 -261 2 0
345 0
346 1
347 -1 -1 843 8 0 0 0 16 0 0 0 3 0 1
348 -1 -1 842 8 0 2 0 6 11 1 0 4 30 421 1369 6311 -292 3566 48 0
349 1
350 -1 -1 841 8 0 12 19 2 1 0 0 6 23 1
351 -1 -1 840 8 0 30 2 3 11 0 0 0 0 420 2433 1886 -3690 -6828 0 210 -3798 4201 405 109 5 105 -4456 -1403 -1495 7777 349 0
352 0
353 0
354 0
355 1
356 -1 -1 1679 8 0 2 3 29 0 0 0 0 0 0
357 1
358 -1 -1 3357 8 0 0 0 14 0 4 0 0 0 1
359 -1 -1 3356 8 0 2 2 5 1 0 0 5 73 1678 2011 3711 -2174 6893 27 839 4354 -5394 1640 -4981 7 0
360 1
361 -1 -1 1677 8 0 0 27 0 0 0 0 0 0 0
362 1
363 -1 -1 3353 8 0 0 24 30 0 2 0 0 0 1
364 -1 -1 3352 8 0 0 0 30 1 13 0 7 0 1676 1206 -771 -4763 -867 298 838 -3788 2922 -4064 -3035 297 419 3503 -1782 -4740 3787 297 0
365 0
366 1
367 -1 -1 1675 8 0 0 0 0 0 52 1 1 0 0
368 1
369 -1 -1 3349 8 0 0 1 54 0 0 0 5 0 1
370 -1 -1 3348 8 0 0 0 4 3 16 0 12 0 1674 4977 1310 -4075 459 101 837 329 429 -3239 4949 351 0
371 0
372 1
373 -1 -1 3347 8 0 0 0 12 0 0 0 2 0 1
374 -1 -1 3346 8 0 0 54 0 0 7 0 0 2 1673 3524 7461 1888 -795 215 0
375 1
376 -1 -1 3345 8 0 1 13 11 8 159 2 61 21 1
377 -1 -1 3344 8 0 3 159 17 14 190 0 690 35 1672 761 -4247 117 -1146 4 836 -2791 4228 -4156 -4291 392 418 4431 -7181 -4835 -1 356 209 3720 1997 3887 -4344 280 0
378 0
379 0
380 1
381 -1 -1 1671 8 0 0 2 5 0 0 0 0 12 0
382 1
383 -1 -1 3341 8 0 0 3 82 0 1 0 2 0 1
384 -1 -1 3340 8 0 1 21 16 5 1 0 0 0 1670 1899 -7431 3515 -602 11 835 -4084 4981 -1688 -2217 47 0
385 0
386 1
387 -1 -1 3339 8 0 2 7 52 4 5 0 0 0 1
388 -1 -1 3338 8 0 1 2 3 0 34 0 0 2 1669 -207 -210 -4684 915 238 0
389 1
390 -1 -1 3337 8 0 16 18 16 18 5 0 3 0 1
391 -1 -1 3336 8 0 4 8 3 12 24 0 54 13 1668 -3142 -5076 2922 -6562 226 834 2713 -2143 -4629 1890 232 417 4054 -7079 945 -6059 11 0
392 0
393 0
394 1
395 -1 -1 3335 8 0 0 65 1 3 0 0 3 0 1
396 -1 -1 3334 8 0 0 37 35 5 57 3 39 1 1667 4925 4926 1584 169 238 0
397 1
398 -1 -1 3333 8 0 0 105 0 0 0 0 12 0 1
399 -1 -1 3332 8 0 0 23 1 24 4 0 94 8 1666 -2119 5504 3439 -7049 371 833 -4264 2623 310 1805 3 0
400 0
401 1
402 -1 -1 3331 8 0 0 4 9 9 2 0 0 58 1
403 -1 -1 3330 8 0 2 58 1 3 6 0 45 78 1665 2413 -4475 -4940 6361 238 0
404 1
405 -1 -1 3329 8 0 0 29 53 10 9 0 0 19 1
406 -1 -1 3328 8 0 4 184 32 26 17 0 149 26 1664 704 5423 928 -2940 1 832 3032 -2479 2017 4626 226 416 -3285 7713 3212 -5296 4 208 0 -5676 3766 4990 2 104 11 113 -4874 -3531 251 52 1140 -4926 2947 3748 379 26 3925 -7131 -2904 -6981 399 13 -1643 6976 -4098 -4211 23 0
407 0
408 0
409 0
410 0
411 1
412 -1 -1 415 8 0 0 0 1 1 0 0 0 41 1
413 -1 -1 414 8 0 6 0 10 1 3 11 0 10 207 1695 -4626 397 401 321 0
414 0
415 1
416 -1 -1 827 8 0 4 6 11 6 1 0 3 0 0
417 1
418 -1 -1 1653 8 0 8 0 0 0 0 0 0 4 0
419 1
420 -1 -1 3305 8 0 2 2 0 0 0 0 0 0 1
421 -1 -1 3304 8 0 0 1 1 5 79 0 1 0 1652 -450 2258 -498 6155 316 826 -1538 -1628 575 4476 392 413 3638 -5186 -2984 -1385 237 0
422 1
423 -1 -1 825 8 0 3 10 0 3 0 0 0 1 0
424 1
425 -1 -1 1649 8 0 17 0 22 15 2 3 0 2 1
426 -1 -1 1648 8 0 3 0 0 20 1 1 7 15 824 3573 -3543 2731 1252 3 412 3499 -2866 512 -3581 17 206 -225 -2269 3983 7741 205 103 -3188 7969 -4254 -3739 155 0
427 0
428 1
429 -1 -1 411 8 0 2 3 25 0 4 0 0 26 0
430 0
431 1
432 -1 -1 1643 8 0 6 0 0 1 0 0 1 19 1
433 -1 -1 1642 8 0 17 1 0 41 0 7 0 1 821 2227 1218 4772 -5578 377 0
434 1
435 -1 -1 1641 8 0 0 5 12 0 1 0 0 0 0
436 1
437 -1 -1 3281 8 0 4 0 3 8 10 6 0 0 1
438 -1 -1 3280 8 0 3 0 2 12 1 0 15 6 1640 1412 3020 -1633 -7426 29 820 -89 7664 3272 -2377 305 410 1420 -101 683 -7806 313 205 -458 6285 4768 1234 279 0
439 0
440 1
441 -1 -1 819 8 0 9 6 7 14 7 0 0 9 0
442 0
443 1
444 -1 -1 3275 8 0 45 0 0 2 0 0 0 0 1
445 -1 -1 3274 8 0 36 0 0 15 0 0 0 0 1637 -326 7724 4324 -5675 386 0
446 1
447 -1 -1 3273 8 0 10 0 0 0 0 0 0 0 1
448 -1 -1 3272 8 0 25 0 0 38 0 0 0 0 1636 2406 4431 -4692 -3601 397 818 -4023 -5317 2841 240 4 409 -2726 3123 -3465 -1136 0 0
449 0
450 1
451 -1 -1 1635 8 0 1 0 0 9 0 34 0 0 1
452 -1 -1 1634 8 0 2 2 0 39 1 5 0 0 817 -4056 -7645 1029 -7318 389 0
453 0
454 1
455 -1 -1 3267 8 0 15 0 0 1 0 33 0 0 1
456 -1 -1 3266 8 0 29 0 2 14 0 4 0 0 1633 4841 7204 -609 6788 9 0
457 1
458 -1 -1 3265 8 0 80 1 1 71 0 0 0 0 1
459 -1 -1 3264 8 0 14 0 4 4 0 6 0 0 1632 -3638 -2902 2675 5023 0 816 1438 -4872 -1941 -1927 16 408 4564 -7426 47 -2165 115 204 4648 -1748 4703 -7193 0 102 -1596 6502 -1313 -1829 0 51 2398 -6066 -1468 4983 175 0
460 0
461 0
462 1
463 -1 -1 407 8 0 0 0 0 6 0 0 0 0 0
464 1
465 -1 -1 813 8 0 0 0 0 1 0 0 0 64 1
466 -1 -1 812 8 0 1 0 0 4 0 0 2 12 406 2481 -746 -1588 -1660 12 203 4447 -5303 2624 1504 5 0
467 1
468 -1 -1 405 8 0 2 0 6 0 9 0 2 1 0
469 1
470 -1 -1 809 8 0 10 0 0 25 0 8 0 0 1
471 -1 -1 808 8 0 19 0 4 11 0 0 0 8 404 -1425 -718 2510 1710 5 202 283 2581 3559 -3675 360 101 1829 339 -1009 -1339 6 0
472 0
473 1
474 -1 -1 403 8 0 0 23 0 3 0 4 0 0 0
475 1
476 -1 -1 805 8 0 0 8 0 8 1 0 25 1 0
477 1
478 -1 -1 1609 8 0 1 0 14 18 3 0 0 0 0
479 1
480 -1 -1 3217 8 0 0 0 4 8 13 2 2 8 1
481 -1 -1 3216 8 0 2 3 15 7 111 0 0 0 1608 2737 -932 -3815 -2310 19 804 3465 -7198 4128 5607 250 402 3223 -3451 2762 2566 12 201 -131 6852 -3462 6340 354 0
482 0
483 0
484 1
485 -1 -1 1607 8 0 4 3 1 11 0 19 0 0 1
486 -1 -1 1606 8 0 22 0 1 21 0 0 0 5 803 -4597 -2088 3300 2133 27 1
487 -1 -1 802 8 0 4 26 0 26 0 3 7 0 401 2381 -2434 3554 5888 2 0
488 0
489 0
490 1
491 -1 -1 3207 8 0 0 0 0 1 27 0 0 7 1
492 -1 -1 3206 8 0 6 7 0 33 8 2 0 33 1603 -3032 -7767 1111 518 6 0
493 1
494 -1 -1 3205 8 0 1 0 29 17 13 1 0 1 1
495 -1 -1 3204 8 0 1 27 9 6 0 0 0 5 1602 -291 -2853 -3468 -7710 17 801 1021 2628 4797 5992 301 0
496 0
497 1
498 -1 -1 3203 8 0 1 4 0 3 4 0 0 0 1
499 -1 -1 3202 8 0 0 77 4 2 0 0 1 0 1601 -963 -3345 -2838 7441 0 1
500 -1 -1 1600 8 0 4 3 4 20 2 1 2 25 800 -2236 7671 4198 -3155 2 400 -2211 7623 2405 -2484 14 200 -4207 -5006 -2716 7115 4 100 4943 1415 398 -63 11 50 1101 -1644 -4456 -5763 351 25 390 -6044 -470 2430 6 0
501 0
502 0
503 0
504 1
505 -1 -1 399 8 0 40 0 0 0 0 0 1 2 0
506 1
507 -1 -1 797 8 0 0 0 28 0 0 0 0 0 1
508 -1 -1 796 8 0 1 2 0 1 0 0 46 18 398 1685 -372 2405 4994 9 199 4222 -5293 -234 -2992 390 0
509 0
510 1
511 -1 -1 795 8 0 4 0 6 2 0 4 0 0 1
512 -1 -1 794 8 0 2 0 3 20 0 0 35 2 397 -213 -3397 -3286 -4381 396 0
513 1
514 -1 -1 793 8 0 2 9 1 1 0 0 0 0 0
515 1
516 -1 -1 1585 8 0 17 0 0 0 0 0 0 0 0
517 1
518 -1 -1 3169 8 0 12 0 0 16 0 13 4 0 1
519 -1 -1 3168 8 0 11 0 0 36 0 105 0 0 1584 2563 -5330 -2098 7646 161 792 -2376 7825 3005 -5811 389 396 1616 236 4913 -7120 382 198 3683 -5065 -75 6804 215 99 3201 -92 25 88 16 0
520 0
521 1
522 -1 -1 395 8 0 2 5 0 19 8 7 0 3 0
523 1
524 -1 -1 789 8 0 3 0 25 3 6 2 4 7 0
525 0
526 1
527 -1 -1 3155 8 0 0 0 2 6 0 1 1 37 1
528 -1 -1 3154 8 0 1 0 3 8 0 0 18 0 1577 3352 -6321 -1169 -3168 249 0
529 1
530 -1 -1 3153 8 0 0 0 2 14 0 8 2 337 1
531 -1 -1 3152 8 0 0 1 0 7 1 4 11 41 1576 997 679 1502 -7445 213 788 -1140 4100 -3558 -7903 325 394 -93 567 4185 -3882 279 197 -3496 -5274 -4626 3034 1 0
532 0
533 0
534 1
535 -1 -1 1575 8 0 0 2 0 13 0 0 3 6 0
536 1
537 -1 -1 3149 8 0 0 0 0 2 0 0 0 5 1
538 -1 -1 3148 8 0 0 0 0 11 0 1 92 0 1574 -1095 7199 2634 5424 219 787 687 1099 -2673 5730 4 1
539 -1 -1 786 8 0 0 13 8 4 1 1 4 14 393 1844 4053 969 -6786 15 0
540 0
541 1
542 -1 -1 1571 8 0 0 6 1 0 0 0 2 25 0
543 1
544 -1 -1 3141 8 0 0 2 77 0 2 0 0 0 1
545 -1 -1 3140 8 0 0 0 0 0 0 0 0 5 1570 -1087 4547 -4489 5499 0 785 4998 4879 1178 7575 9 0
546 1
547 -1 -1 1569 8 0 3 0 13 2 45 1 0 5 1
548 -1 -1 1568 8 0 3 0 7 5 2 8 10 8 784 4802 2447 2545 -903 53 392 2667 -7338 1821 5350 226 196 840 -811 4383 -1209 233 98 3136 -2162 -280 -7225 225 49 3412 1205 -4898 -6747 350 0
549 0
550 0
551 0
552 1
553 -1 -1 783 8 0 0 8 0 0 0 0 43 0 0
554 0
555 1
556 -1 -1 3131 8 0 4 3 0 5 0 0 4 0 1
557 -1 -1 3130 8 0 0 0 0 12 57 3 0 0 1565 -282 -3455 -4932 5334 4 1
558 -1 -1 1564 8 0 4 0 0 8 1 1 16 2 782 -2930 3249 -285 -7120 367 391 3144 3900 267 2111 45 0
559 1
560 -1 -1 781 8 0 30 0 0 0 1 0 0 0 0
561 0
562 1
563 -1 -1 3123 8 0 0 19 0 0 0 0 0 1 1
564 -1 -1 3122 8 0 0 13 0 0 0 0 0 41 1561 613 807 -1232 -5248 397 0
565 1
566 -1 -1 3121 8 0 2 0 0 6 1 3 27 1 1
567 -1 -1 3120 8 0 8 2 0 7 2 0 0 26 1560 2490 -1980 -3382 -1100 16 780 1142 1030 -3448 1538 366 390 -4063 5928 452 215 395 195 -2722 7987 -2222 3727 5 0
568 0
569 1
570 -1 -1 779 8 0 0 5 9 5 0 3 5 4 0
571 1
572 -1 -1 1557 8 0 0 0 1 6 0 0 0 1 0
573 1
574 -1 -1 3113 8 0 0 2 0 1 0 0 0 0 1
575 -1 -1 3112 8 0 2 0 1 0 0 0 0 71 1556 954 -7256 1149 -5835 2 778 -4934 -671 -1876 -6559 371 389 3969 6415 1340 2985 19 0
576 0
577 1
578 -1 -1 1555 8 0 1 0 0 16 0 2 24 4 0
579 1
580 -1 -1 3109 8 0 3 0 6 0 0 1 0 0 1
581 -1 -1 3108 8 0 2 61 0 12 0 0 7 18 1554 -4939 -3233 2717 -7764 381 777 4412 -3526 3697 -6176 57 0
582 0
583 1
584 -1 -1 3107 8 0 0 36 3 12 5 4 1 0 1
585 -1 -1 3106 8 0 8 9 41 76 14 57 39 10 1553 525 -1139 -2010 7980 335 0
586 1
587 -1 -1 3105 8 0 6 3 14 97 3 1 0 13 1
588 -1 -1 3104 8 0 23 27 4 140 11 68 0 1 1552 -4416 3958 441 -5412 350 776 2981 -1659 -2567 2097 14 388 1756 830 -2769 2815 308 194 2175 -2320 1846 6277 372 97 3011 3543 -4183 -4125 397 0
589 0
590 0
591 0
592 0
593 1
594 -1 -1 3103 8 0 1 120 7 9 0 0 13 23 1
595 -1 -1 3102 8 0 0 18 41 0 0 0 2 2 1551 717 -660 -2149 3462 307 0
596 1
597 -1 -1 3101 8 0 0 0 0 7 0 0 12 12 1
598 -1 -1 3100 8 0 0 5 53 4 52 0 1 0 1550 4470 5747 -822 4141 321 775 2765 3880 4478 -6698 315 0
599 0
600 1
601 -1 -1 3099 8 0 0 24 0 0 0 0 0 0 1
602 -1 -1 3098 8 0 0 9 4 0 2 0 0 116 1549 1537 1839 -2173 -403 393 0
603 1
604 -1 -1 3097 8 0 1 1 1 5 0 0 111 42 1
605 -1 -1 3096 8 0 0 3 11 7 0 0 7 123 1548 2650 2171 -1510 1773 293 774 4663 5133 2351 -4262 337 387 2774 7799 1688 -6313 282 0
606 0
607 0
608 1
609 -1 -1 3095 8 0 0 0 0 0 3 0 0 15 1
610 -1 -1 3094 8 0 0 48 31 13 1 1 0 3 1547 2188 -3740 -3979 -4309 326 0
611 1
612 -1 -1 3093 8 0 0 12 13 3 0 0 4 0 1
613 -1 -1 3092 8 0 1 16 12 5 186 0 6 5 1546 3642 6368 364 -6461 356 773 -4752 1300 -1464 -7357 1 0
614 0
615 1
616 -1 -1 3091 8 0 0 6 0 12 20 0 118 1 1
617 -1 -1 3090 8 0 0 10 2 6 16 2 0 5 1545 1370 4434 4910 -2975 5 0
618 1
619 -1 -1 3089 8 0 0 22 0 3 51 0 28 1 1
620 -1 -1 3088 8 0 0 105 21 17 13 0 17 2 1544 4811 -6787 -3248 1806 248 772 4081 6998 -3612 7445 245 386 4671 3423 2714 -7935 265 193 3302 2381 2564 -4509 282 0
621 0
622 0
623 1
624 -1 -1 1543 8 0 0 0 34 0 0 0 0 0 0
625 1
626 -1 -1 3085 8 0 0 0 0 5 0 0 2 0 1
627 -1 -1 3084 8 0 2 167 10 3 0 0 0 0 1542 2112 -1112 -2140 4 335 771 -4911 927 538 -4670 318 0
628 0
629 1
630 -1 -1 3083 8 0 0 13 0 0 0 0 0 2 1
631 -1 -1 3082 8 0 0 4 0 2 0 0 0 110 1541 -2307 172 232 -4509 311 0
632 1
633 -1 -1 3081 8 0 1 52 0 2 1 0 1 1 1
634 -1 -1 3080 8 0 0 3 4 11 16 0 67 28 1540 4599 6291 -1552 -1938 261 770 -564 1118 4525 -2829 227 385 4948 3113 3346 -7820 279 0
635 0
636 0
637 1
638 -1 -1 3079 8 0 1 0 1 3 0 3 25 24 1
639 -1 -1 3078 8 0 2 7 64 42 15 0 1 49 1539 3669 -3087 -1470 -7444 358 0
640 1
641 -1 -1 3077 8 0 2 1 4 5 0 4 11 58 1
642 -1 -1 3076 8 0 8 57 1 58 1 43 0 4 1538 -3037 4328 287 859 18 769 3310 7162 -4430 3945 26 0
643 0
644 1
645 -1 -1 3075 8 0 0 47 38 5 0 0 5 0 1
646 -1 -1 3074 8 0 0 67 32 51 337 2 13 31 1537 3399 7032 3809 -5766 339 0
647 1
648 -1 -1 3073 8 0 23 89 160 116 63 45 70 87 1
649 -1 -1 3072 8 0 17 944 1434 482 608 18 98 155 1536 -4340 -7760 4026 -4340 2 768 2919 -4238 -4693 -411 247 384 4945 -4733 -1962 -6986 321 192 -2242 6230 -3199 2385 332 96 1731 -188 -1705 4201 256 48 3040 -1539 492 -7860 345 24 4774 -6021 -4641 2325 318 12 -595 -5420 4243 6589 2 6 -226 -163 2671 3072 124 3 206 -377 -373 -5894 399 0
650 0
651 0
652 0
653 0
654 1
655 -1 -1 95 8 0 3 1 3 6 0 7 0 1 0
656 0
657 1
658 -1 -1 379 8 0 0 0 0 0 0 3 0 1 0
659 1
660 -1 -1 757 8 0 0 0 0 0 0 2 0 2 0
661 1
662 -1 -1 1513 8 0 0 0 0 1 0 0 0 2 0
663 1
664 -1 -1 3025 8 0 0 0 0 0 0 0 0 89 1
665 -1 -1 3024 8 0 0 0 0 0 0 0 0 28 1512 -2762 -6376 -3632 7525 137 756 -3214 1359 1346 -3498 400 378 1643 6510 3593 5234 1 189 1099 -110 3165 4882 397 0
666 1
667 -1 -1 377 8 0 6 0 0 1 0 25 0 7 1
668 -1 -1 376 8 0 0 0 0 2 0 5 0 27 188 454 -5553 1016 2048 280 94 -3658 2952 2484 1805 151 47 -1496 -2119 2250 -7426 3 0
669 0
670 1
671 -1 -1 187 8 0 2 0 0 9 0 14 0 5 0
672 1
673 -1 -1 373 8 0 0 10 1 0 0 0 0 28 1
674 -1 -1 372 8 0 3 25 0 3 0 1 0 0 186 -1984 -6796 575 -637 151 93 4969 -1459 1009 -64 7 0
675 0
676 0
677 0
678 1
679 -1 -1 1487 8 0 2 0 0 0 0 35 0 1 1
680 -1 -1 1486 8 0 16 0 0 0 0 10 0 10 743 2167 4492 4808 4099 7 1
681 -1 -1 742 8 0 2 1 0 3 0 55 0 0 371 452 -7202 -4778 -501 63 1
682 -1 -1 370 8 0 2 8 0 4 0 10 9 0 185 -955 -5640 3724 2230 395 1
683 -1 -1 184 8 0 3 6 12 13 5 13 0 8 92 -2361 -6574 2676 6663 394 46 -2239 -365 -371 -2487 180 23 -3939 2787 -688 -567 3 0
684 0
685 0
686 0
687 0
688 1
689 -1 -1 735 8 0 0 0 0 1 0 22 2 9 1
690 -1 -1 734 8 0 20 0 0 21 0 15 0 3 367 -2297 4919 4555 6737 81 0
691 0
692 0
693 1
694 -1 -1 2935 8 0 8 0 0 2 0 0 0 7 1
695 -1 -1 2934 8 0 6 0 0 0 0 0 0 79 1467 -309 -3501 -2754 -498 373 1
696 -1 -1 1466 8 0 0 0 0 9 0 0 0 0 733 -4527 -879 2480 -1539 0 1
697 -1 -1 732 8 0 2 2 0 0 5 2 0 1 366 -677 -7690 3700 5351 322 183 3008 425 3858 3834 5 1
698 -1 -1 182 8 0 7 0 13 10 36 0 2 0 91 -2602 -4076 -2687 6940 335 0
699 0
700 0
701 0
702 1
703 -1 -1 1455 8 0 4 0 0 8 2 11 1 0 0
704 1
705 -1 -1 2909 8 0 2 0 4 0 0 0 0 0 1
706 -1 -1 2908 8 0 2 0 2 2 4 2 118 0 1454 3052 -1816 1289 -6512 55 727 4167 -7161 -4325 -6452 10 0
707 0
708 1
709 -1 -1 2907 8 0 1 0 4 8 31 2 0 0 1
710 -1 -1 2906 8 0 6 0 33 0 3 0 3 1 1453 1813 -5687 -937 5229 381 1
711 -1 -1 1452 8 0 12 0 2 12 1 0 26 0 726 -3340 76 709 -3743 3 363 1814 -3005 363 -6855 11 0
712 0
713 1
714 -1 -1 1451 8 0 4 0 0 25 0 6 0 2 0
715 1
716 -1 -1 2901 8 0 1 0 0 0 0 32 0 0 1
717 -1 -1 2900 8 0 7 0 0 15 2 25 0 0 1450 533 -3425 -4959 -5039 41 725 -4351 1894 2506 7592 383 0
718 1
719 -1 -1 1449 8 0 2 0 0 0 0 17 0 0 0
720 1
721 -1 -1 2897 8 0 0 0 0 15 21 3 8 1 1
722 -1 -1 2896 8 0 20 0 1 19 6 9 8 0 1448 -4233 3702 3405 -759 3 724 -3941 -6227 2497 -6658 26 362 1514 -1981 -1682 -7575 17 181 -2989 -5849 4992 -351 384 0
723 0
724 0
725 1
726 -1 -1 1447 8 0 7 2 0 0 0 27 2 0 1
727 -1 -1 1446 8 0 0 0 0 5 0 4 46 0 723 -2095 296 -1353 4638 14 0
728 0
729 1
730 -1 -1 2891 8 0 94 4 0 20 2 3 0 4 1
731 -1 -1 2890 8 0 27 0 0 19 0 3 33 0 1445 1003 -3100 -182 4175 53 0
732 1
733 -1 -1 2889 8 0 184 0 0 1 0 1 1 0 1
734 -1 -1 2888 8 0 25 0 0 9 0 3 4 0 1444 -3991 6238 4642 6936 397 722 -3345 -4952 -1991 4832 20 361 -390 -6492 -3183 -971 39 0
735 0
736 1
737 -1 -1 1443 8 0 2 0 0 8 0 0 0 0 0
738 1
739 -1 -1 2885 8 0 0 0 0 4 4 0 0 0 1
740 -1 -1 2884 8 0 4 0 0 1 0 1 58 0 1442 -2165 2912 3031 -2219 10 721 1282 1986 3953 1846 354 0
741 1
742 -1 -1 1441 8 0 5 1 0 7 1 2 0 32 0
743 1
744 -1 -1 2881 8 0 19 0 0 0 0 0 0 0 1
745 -1 -1 2880 8 0 13 0 3 22 5 36 0 0 1440 -1667 -1017 3316 2376 399 720 -4630 -6551 2140 4483 393 360 -4211 -2825 -2038 -7029 0 180 -1915 -1232 2781 4422 396 90 -3043 123 -4014 -6466 3 45 -4663 -2400 -3078 254 23 0
746 0
747 0
748 0
749 0
750 1
751 -1 -1 1439 8 0 2 2 16 1 6 0 0 1 0
752 1
753 -1 -1 2877 8 0 1 5 0 1 0 7 0 0 1
754 -1 -1 2876 8 0 0 0 2 5 3 1 0 75 1438 2976 5112 -2613 1135 3 719 -3130 -393 -865 5968 10 1
755 -1 -1 718 8 0 7 35 0 2 0 0 0 10 359 -104 3792 2265 -4236 35 1
756 -1 -1 358 8 0 12 5 4 31 0 0 0 3 179 -2311 2062 -1733 -7021 165 0
757 0
758 1
759 -1 -1 715 8 0 4 2 0 5 0 9 25 0 0
760 0
761 1
762 -1 -1 2859 8 0 7 0 0 66 0 138 0 2 1
763 -1 -1 2858 8 0 1 0 2 22 0 2 0 3 1429 -2434 7718 -4937 -6308 21 0
764 1
765 -1 -1 2857 8 0 5 0 0 42 1 60 0 2 1
766 -1 -1 2856 8 0 6 16 30 58 4 24 6 2 1428 -3496 7691 -2808 -1906 34 714 4975 5006 31 3515 80 357 -47 7001 -4405 -2116 259 0
767 1
768 -1 -1 713 8 0 4 0 0 4 0 2 0 32 0
769 1
770 -1 -1 1425 8 0 5 0 0 9 17 19 6 0 0
771 1
772 -1 -1 2849 8 0 3 1 0 19 0 6 26 2 1
773 -1 -1 2848 8 0 8 0 8 31 2 5 1 4 1424 -855 -4085 -1723 -5321 3 712 -1199 -4522 -1573 -5704 6 356 4606 -5171 4224 -2808 243 178 -4126 7924 -2999 3908 1 89 3003 3568 -4779 -6712 0 0
774 0
775 1
776 -1 -1 355 8 0 16 0 0 8 1 5 0 13 0
777 0
778 1
779 -1 -1 1419 8 0 10 2 4 3 0 0 1 0 1
780 -1 -1 1418 8 0 6 40 0 5 0 3 0 0 709 -546 -334 3266 -5808 5 1
781 -1 -1 708 8 0 11 0 6 22 0 5 0 0 354 -2204 345 4358 -3129 213 177 -258 -2364 1140 2094 45 0
782 0
783 0
784 1
785 -1 -1 1415 8 0 2 0 0 0 2 0 0 0 0
786 1
787 -1 -1 2829 8 0 0 0 0 0 8 0 0 0 1
788 -1 -1 2828 8 0 0 0 0 0 79 0 0 0 1414 3333 1489 2575 7294 374 707 891 10 -1579 -3322 400 1
789 -1 -1 706 8 0 5 0 0 2 8 0 7 2 353 -461 833 1419 4163 159 0
790 0
791 1
792 -1 -1 1411 8 0 0 0 2 1 0 0 16 0 0
793 1
794 -1 -1 2821 8 0 2 0 0 1 47 0 0 0 1
795 -1 -1 2820 8 0 5 0 0 16 2 0 4 0 1410 -1091 -1131 3269 -642 287 705 4912 6480 -3949 7994 25 0
796 1
797 -1 -1 1409 8 0 4 0 0 16 34 0 0 0 0
798 1
799 -1 -1 2817 8 0 16 18 3 13 0 15 5 0 1
800 -1 -1 2816 8 0 21 3 45 21 4 2 1 0 1408 -947 -2375 3791 -2463 379 704 4591 -7902 -2203 7692 223 352 -4020 1852 -1031 1033 14 176 2350 -6933 -3650 -6421 207 88 561 -6331 2639 7024 382 44 -2186 2707 -3566 -5521 10 22 -3899 -7346 -4483 6097 5 11 4357 -6572 571 -641 47 0
801 0
802 0
803 0
804 1
805 -1 -1 175 8 0 2 10 0 1 3 1 5 2 0
806 0
807 1
808 -1 -1 699 8 0 0 0 0 0 0 1 0 0 0
809 1
810 -1 -1 1397 8 0 0 0 0 1 0 0 0 0 0
811 1
812 -1 -1 2793 8 0 0 0 0 0 0 0 0 2 1
813 -1 -1 2792 8 0 0 0 0 0 0 0 0 134 1396 3719 712 -3244 -6522 282 698 -4433 -7708 -2033 1201 370 349 -600 -260 1077 -5399 392 1
814 -1 -1 348 8 0 0 16 0 1 1 0 2 38 174 -4132 2365 1268 3494 291 87 -3556 -5108 -1906 1641 387 0
815 0
816 1
817 -1 -1 347 8 0 0 24 2 0 0 0 0 0 1
818 -1 -1 346 8 0 1 5 0 2 0 7 0 46 173 -2853 -1156 3043 -3182 252 0
819 0
820 1
821 -1 -1 691 8 0 0 14 9 3 0 0 0 0 0
822 0
823 1
824 -1 -1 2763 8 0 0 140 0 0 0 0 0 0 1
825 -1 -1 2762 8 0 0 5 2 0 0 0 0 0 1381 -3902 768 2172 2013 67 1
826 -1 -1 1380 8 0 0 25 0 1 0 0 0 12 690 4242 -6348 4553 -3161 18 345 961 3864 -3518 4197 3 1
827 -1 -1 344 8 0 0 0 16 0 0 0 0 8 172 -2295 -6696 -71 2779 0 86 -2543 2300 543 7442 24 43 -2056 449 2495 2597 275 0
828 0
829 0
830 1
831 -1 -1 343 8 0 2 0 0 4 45 0 0 6 0
832 0
833 0
834 1
835 -1 -1 2743 8 0 2 1 0 2 0 0 0 11 1
836 -1 -1 2742 8 0 0 1 1 12 4 55 0 0 1371 4138 -5541 -783 7610 400 0
837 1
838 -1 -1 2741 8 0 0 0 2 11 0 2 0 13 1
839 -1 -1 2740 8 0 10 0 0 54 0 14 0 0 1370 -4706 1375 -2041 -796 6 685 3220 -7758 -2952 -4676 29 0
840 1
841 -1 -1 1369 8 0 2 4 1 2 1 6 17 9 1
842 -1 -1 1368 8 0 0 0 21 9 0 2 2 0 684 4219 6208 -686 6429 10 342 -1528 228 -154 7895 4 171 1261 -3277 -3831 -88 310 0
843 0
844 1
845 -1 -1 683 8 0 1 0 0 0 15 5 0 0 0
846 1
847 -1 -1 1365 8 0 3 25 4 4 0 0 1 1 1
848 -1 -1 1364 8 0 7 8 0 8 0 2 0 24 682 -3699 -5682 -637 147 16 341 -4841 1311 -1985 5380 398 0
849 1
850 -1 -1 681 8 0 0 0 7 5 14 0 1 14 0
851 1
852 -1 -1 1361 8 0 4 2 0 8 0 0 1 27 0
853 1
854 -1 -1 2721 8 0 1 0 0 2 0 0 0 2 1
855 -1 -1 2720 8 0 0 0 0 2 0 0 1 198 1360 -1769 7456 2906 -6192 55 680 -1250 670 4417 6974 284 340 -4709 7830 66 1900 117 170 -3200 -7303 -3519 152 8 85 -4936 -6529 3054 351 251 0
856 0
857 0
858 0
859 1
860 -1 -1 1359 8 0 5 4 0 2 9 0 5 18 0
861 1
862 -1 -1 2717 8 0 2 0 0 5 5 0 37 1 1
863 -1 -1 2716 8 0 0 0 2 10 1 5 0 4 1358 -2989 6856 4214 -6538 272 679 -2436 5039 -1942 -4802 289 0
864 1
865 -1 -1 1357 8 0 0 0 41 2 1 1 7 1 1
866 -1 -1 1356 8 0 2 4 0 1 0 1 4 6 678 -2832 -6022 3903 -197 4 339 630 1009 4440 -4346 2 0
867 0
868 1
869 -1 -1 1355 8 0 4 2 5 1 1 0 6 0 0
870 1
871 -1 -1 2709 8 0 0 0 3 1 94 0 0 0 1
872 -1 -1 2708 8 0 1 1 2 0 3 0 2 0 1354 -4769 6866 1182 -5548 233 677 3940 -3548 3877 -14 80 0
873 1
874 -1 -1 1353 8 0 0 3 0 0 4 1 29 0 0
875 1
876 -1 -1 2705 8 0 0 1 0 7 23 0 2 0 1
877 -1 -1 2704 8 0 4 2 66 6 8 1 4 2 1352 4572 -2593 -4364 -4774 1 676 3857 -3777 -3695 4157 280 338 -4567 1583 -1888 -2410 47 169 -1204 -171 4019 -7422 1 0
878 0
879 0
880 0
881 1
882 -1 -1 2703 8 0 2 6 13 12 0 2 0 5 1
883 -1 -1 2702 8 0 0 1 114 10 0 4 1 0 1351 2339 -754 61 -343 0 1
884 -1 -1 1350 8 0 2 4 12 25 6 1 11 8 675 -4643 -7206 -479 -1285 0 0
885 1
886 -1 -1 1349 8 0 0 0 5 9 0 3 2 20 1
887 -1 -1 1348 8 0 4 1 0 17 2 9 0 2 674 -3703 4801 4639 -1355 239 337 3451 -5300 4580 715 8 0
888 0
889 1
890 -1 -1 1347 8 0 0 0 14 3 0 2 31 0 0
891 1
892 -1 -1 2693 8 0 6 0 0 9 1 9 24 9 1
893 -1 -1 2692 8 0 1 6 4 77 5 10 6 18 1346 -3407 -7296 3421 2625 314 673 4406 -3128 2633 5511 380 0
894 0
895 1
896 -1 -1 2691 8 0 33 12 8 8 0 2 13 23 1
897 -1 -1 2690 8 0 18 316 50 61 63 23 7 90 1345 96 209 -3266 6333 276 0
898 1
899 -1 -1 2689 8 0 7 1 2 29 13 42 6 3 1
900 -1 -1 2688 8 0 11 21 18 35 0 6 1 6 1344 4691 7737 -3736 4765 5 672 1686 -6970 -53 -3278 0 336 -2800 -6129 1346 -7887 29 168 2218 -5632 2712 5736 237 84 -4940 7606 -1043 -1164 169 42 1373 -2673 1130 5798 264 21 -1205 -4905 -227 225 225 0
901 0
902 0
903 0
904 0
905 1
906 -1 -1 671 8 0 5 0 0 8 0 10 0 0 1
907 -1 -1 670 8 0 3 0 0 3 0 51 0 0 335 -4425 -3821 4482 -7795 2 1
908 -1 -1 334 8 0 26 1 0 4 0 3 0 0 167 2767 -3718 228 -7682 7 0
909 1
910 -1 -1 333 8 0 6 8 0 2 22 2 1 19 0
911 0
912 1
913 -1 -1 1331 8 0 5 12 0 3 0 7 0 0 0
914 1
915 -1 -1 2661 8 0 8 0 0 6 0 1 0 0 1
916 -1 -1 2660 8 0 8 0 0 14 0 5 64 0 1330 -2848 -5416 3757 -5447 2 665 -312 -6817 1097 -1334 27 1
917 -1 -1 664 8 0 14 6 0 0 3 18 0 2 332 455 -6470 2451 4187 386 166 3273 5676 710 2998 38 83 -131 -1291 4294 -7609 28 0
918 1
919 -1 -1 165 8 0 6 7 0 8 9 0 0 1 0
920 1
921 -1 -1 329 8 0 19 7 6 0 0 0 10 6 0
922 1
923 -1 -1 657 8 0 3 0 10 0 0 0 0 0 0
924 1
925 -1 -1 1313 8 0 1 0 0 3 0 0 0 0 0
926 1
927 -1 -1 2625 8 0 5 0 0 1 0 2 0 0 1
928 -1 -1 2624 8 0 86 0 0 0 0 0 0 0 1312 4027 -5235 -2977 -7647 29 656 779 3493 894 -734 15 328 -4448 146 2064 569 170 164 -2267 1389 -1909 -7425 101 82 4903 2928 1966 1870 371 41 3231 -6734 -3500 6089 189 0
929 0
930 0
931 0
932 0
933 1
934 -1 -1 1311 8 0 1 2 0 0 0 0 0 0 1
935 -1 -1 1310 8 0 0 1 0 0 0 0 0 68 655 1002 704 1934 6929 400 1
936 -1 -1 654 8 0 0 6 3 7 3 0 1 3 327 72 -1199 2013 4260 300 1
937 -1 -1 326 8 0 31 4 0 11 4 5 2 6 163 3065 -6751 1073 -1462 44 0
938 0
939 0
940 1
941 -1 -1 1303 8 0 2 0 0 8 0 0 10 13 0
942 1
943 -1 -1 2605 8 0 4 1 5 17 15 13 3 2 1
944 -1 -1 2604 8 0 0 1 1 12 89 2 13 0 1302 -3306 1919 964 6747 1 651 1928 1677 2406 4622 257 0
945 1
946 -1 -1 1301 8 0 0 23 0 0 5 8 2 0 0
947 1
948 -1 -1 2601 8 0 1 0 0 3 0 0 26 0 1
949 -1 -1 2600 8 0 0 2 4 32 4 7 3 6 1300 3693 669 36 -4688 79 650 2519 -5749 -2786 -25 70 325 244 -6883 2118 -571 5 0
950 0
951 1
952 -1 -1 1299 8 0 5 2 0 18 15 1 11 2 0
953 1
954 -1 -1 2597 8 0 0 52 10 2 0 0 0 0 1
955 -1 -1 2596 8 0 3 9 29 11 9 1 13 0 1298 -4653 -5990 -3560 5074 174 649 379 -2862 -2046 7884 256 0
956 1
957 -1 -1 1297 8 0 2 6 11 7 0 0 15 0 0
958 1
959 -1 -1 2593 8 0 0 0 0 0 1 0 1 15 1
960 -1 -1 2592 8 0 30 10 1 23 0 16 1 6 1296 -4774 -6577 -2445 -5242 160 648 2412 7888 1291 -207 35 324 -352 -995 -3443 7441 160 162 -753 -5991 -4488 5677 208 81 1503 -7241 871 2804 400 0
961 0
962 0
963 0
964 0
965 1
966 -1 -1 2591 8 0 0 15 3 4 9 5 0 2 1
967 -1 -1 2590 8 0 0 2 124 0 4 0 0 0 1295 -3379 -6436 -1971 -1282 10 0
968 1
969 -1 -1 2589 8 0 1 26 16 0 28 0 30 0 1
970 -1 -1 2588 8 0 0 3 4 2 0 0 1 38 1294 -1091 -6824 1196 6933 356 647 4012 -6637 -3129 7942 329 0
971 0
972 1
973 -1 -1 2587 8 0 0 0 0 3 2 0 0 24 1
974 -1 -1 2586 8 0 0 4 0 4 4 1 143 19 1293 3283 -7338 -708 -5655 33 0
975 1
976 -1 -1 2585 8 0 0 4 120 15 17 21 61 5 1
977 -1 -1 2584 8 0 2 25 31 5 13 1 155 1 1292 -3492 -7693 4681 -4342 35 646 2496 -5828 553 -880 19 323 -1447 -7333 -3895 4972 327 0
978 0
979 0
980 1
981 -1 -1 2583 8 0 0 0 2 0 0 6 0 0 1
982 -1 -1 2582 8 0 0 0 1 0 15 0 84 0 1291 -2313 257 -1040 -2865 7 0
983 1
984 -1 -1 2581 8 0 0 199 77 3 44 0 30 2 1
985 -1 -1 2580 8 0 1 12 94 4 3 0 12 3 1290 -211 -122 -4516 4742 233 645 837 -1742 -109 -6340 12 0
986 1
987 -1 -1 1289 8 0 0 3 4 1 7 1 0 53 0
988 1
989 -1 -1 2577 8 0 0 69 20 1 30 1 1 32 1
990 -1 -1 2576 8 0 5 77 27 7 22 0 121 11 1288 -2866 7907 -4833 -3326 179 644 631 -1819 1477 -7937 31 322 343 -3855 -3842 6732 225 161 -1114 -5685 3721 2323 247 0
991 0
992 0
993 0
994 1
995 -1 -1 2575 8 0 0 0 4 1 0 10 0 6 1
996 -1 -1 2574 8 0 1 0 1 7 70 1 0 0 1287 -1426 349 -4172 -1220 330 0
997 1
998 -1 -1 2573 8 0 6 12 7 13 5 82 5 16 1
999 -1 -1 2572 8 0 1 6 25 0 3 0 3 0 1286 3270 -5055 1395 6394 87 643 -2935 -1519 3589 5240 283 0
1000 0
1001 1
1002 -1 -1 2571 8 0 0 2 11 5 1 7 209 2 1
1003 -1 -1 2570 8 0 2 0 19 26 16 24 45 3 1285 4064 -5464 -3303 4928 322 0
1004 1
1005 -1 -1 2569 8 0 0 13 15 27 111 14 20 1 1
1006 -1 -1 2568 8 0 1 28 21 26 23 6 87 149 1284 -4652 -1338 -4686 5278 1 642 447 -3174 899 -7418 6 321 -1254 -7339 -1186 2168 319 0
1007 0
1008 0
1009 1
1010 -1 -1 2567 8 0 1 5 17 47 29 5 35 29 1
1011 -1 -1 2566 8 0 0 98 162 9 145 5 35 8 1283 3652 166 4049 -4213 4 0
1012 1
1013 -1 -1 2565 8 0 0 7 114 16 101 1 36 1 1
1014 -1 -1 2564 8 0 6 15 88 12 301 3 314 24 1282 -3234 -1114 -4231 -6507 5 641 -144 -4422 -2592 7760 234 0
1015 0
1016 1
1017 -1 -1 2563 8 0 1 4 25 14 3 5 13 0 1
1018 -1 -1 2562 8 0 3 63 6 12 6 1 0 0 1281 2377 -6812 -4684 -209 243 0
1019 1
1020 -1 -1 2561 8 0 9 18 106 36 71 11 56 2 1
1021 -1 -1 2560 8 0 3 4 174 15 22 6 1 28 1280 1337 7295 -1788 1185 3 640 3285 -5289 2132 7280 219 320 -99 -932 -606 5123 195 160 -236 -3956 1865 7836 263 80 -448 422 3344 -2083 205 40 -4691 2479 -4484 7423 4 20 -883 -916 -4780 2709 396 10 -4431 3356 2583 775 2 5 -3669 -1575 2957 3659 347 0
1022 0
1023 0
1024 0
1025 0
1026 0
1027 0
1028 1
1029 -1 -1 639 8 0 2 0 0 0 0 4 1 0 0
1030 1
1031 -1 -1 1277 8 0 0 0 0 3 1 0 0 0 0
1032 1
1033 -1 -1 2553 8 0 0 0 0 2 0 0 0 0 1
1034 -1 -1 2552 8 0 0 1 1 0 0 1 0 118 1276 -2559 7553 -666 4718 19 638 2919 -3378 4613 1808 4 319 -3848 -4706 2932 -1664 361 1
1035 -1 -1 318 8 0 3 13 3 8 0 18 1 8 159 -3860 5205 -2912 -1459 47 0
1036 0
1037 1
1038 -1 -1 635 8 0 0 18 9 0 2 3 0 1 1
1039 -1 -1 634 8 0 0 4 2 6 26 7 0 19 317 4928 153 -4669 -4120 84 0
1040 1
1041 -1 -1 633 8 0 1 0 2 3 0 0 21 2 0
1042 1
1043 -1 -1 1265 8 0 3 20 2 3 0 0 0 5 1
1044 -1 -1 1264 8 0 25 2 19 2 0 7 0 0 632 3576 -4385 3263 1231 13 316 687 4751 -1853 5415 10 158 -459 -132 2627 -4620 13 79 -4674 -2213 3884 -3577 34 0
1045 0
1046 0
1047 0
1048 1
1049 -1 -1 1263 8 0 0 0 0 0 15 0 0 2 1
1050 -1 -1 1262 8 0 0 0 24 19 0 0 3 7 631 577 1973 2185 -7019 300 0
1051 1
1052 -1 -1 1261 8 0 0 0 1 11 5 3 0 1 0
1053 1
1054 -1 -1 2521 8 0 0 0 2 1 0 0 90 1 1
1055 -1 -1 2520 8 0 0 9 2 23 2 1 31 4 1260 -4956 5830 -506 565 142 630 -2191 3543 -1130 5975 6 315 4239 -6651 2192 676 190 0
1056 0
1057 1
1058 -1 -1 1259 8 0 0 0 1 5 24 5 1 0 0
1059 1
1060 -1 -1 2517 8 0 2 0 0 1 1 32 0 0 1
1061 -1 -1 2516 8 0 0 2 2 24 7 21 2 0 1258 -1708 5946 1082 4674 9 629 -2689 3911 -4031 -5674 254 0
1062 0
1063 1
1064 -1 -1 2515 8 0 0 0 0 3 5 0 5 0 1
1065 -1 -1 2514 8 0 1 7 34 10 1 0 1 4 1257 2018 3728 1661 133 282 1
1066 -1 -1 1256 8 0 0 0 4 27 22 4 4 2 628 -126 4044 3942 -5319 233 314 -448 -3959 694 -5535 2 157 3988 6885 -280 -604 197 0
1067 0
1068 1
1069 -1 -1 627 8 0 0 1 17 2 0 1 16 5 1
1070 -1 -1 626 8 0 2 11 3 8 5 0 0 7 313 -791 6327 -1365 2080 15 0
1071 1
1072 -1 -1 625 8 0 6 0 0 4 0 0 0 0 0
1073 1
1074 -1 -1 1249 8 0 0 0 0 3 8 1 0 0 0
1075 1
1076 -1 -1 2497 8 0 1 0 0 2 2 0 0 1 1
1077 -1 -1 2496 8 0 3 0 69 0 4 0 0 0 1248 3921 6809 4800 -4258 5 624 4235 3863 -2317 -1073 80 312 987 -3303 -2568 -7472 380 156 -2146 1122 3975 -1872 17 78 4049 5415 3934 -5224 11 39 2900 6536 273 -4348 327 0
1078 0
1079 0
1080 1
1081 -1 -1 311 8 0 2 2 1 13 0 0 0 40 0
1082 0
1083 1
1084 -1 -1 1243 8 0 1 5 40 9 1 1 0 11 1
1085 -1 -1 1242 8 0 4 0 1 9 36 2 5 2 621 -3160 4582 3814 5716 4 0
1086 1
1087 -1 -1 1241 8 0 2 47 1 7 2 5 0 1 1
1088 -1 -1 1240 8 0 5 2 21 14 0 13 2 2 620 3731 -5797 -4500 -3532 208 310 -2623 4826 735 303 2 155 -4215 2424 -4309 -3997 244 0
1089 1
1090 -1 -1 309 8 0 1 3 3 10 5 6 18 0 0
1091 1
1092 -1 -1 617 8 0 10 1 0 15 0 38 0 0 0
1093 1
1094 -1 -1 1233 8 0 0 0 4 24 1 28 0 0 0
1095 1
1096 -1 -1 2465 8 0 2 0 2 10 41 4 0 0 1
1097 -1 -1 2464 8 0 0 0 2 18 5 2 0 6 1232 931 5765 -1651 -370 31 616 733 411 1261 -5946 24 308 -1106 -3331 3376 1091 395 154 -1286 5401 -2324 6418 5 77 23 -6815 -2519 -1370 5 0
1098 0
1099 0
1100 0
1101 0
1102 1
1103 -1 -1 2463 8 0 0 0 0 0 0 164 0 0 1
1104 -1 -1 2462 8 0 0 0 0 6 0 46 0 0 1231 4161 2958 2577 -6464 73 0
1105 1
1106 -1 -1 2461 8 0 5 0 0 22 0 40 0 0 1
1107 -1 -1 2460 8 0 1 0 0 3 0 88 0 0 1230 -304 4715 -3650 -6328 80 615 2825 1180 -3055 -6384 74 0
1108 0
1109 1
1110 -1 -1 2459 8 0 1 0 0 25 0 12 3 0 1
1111 -1 -1 2458 8 0 16 0 0 75 2 234 0 0 1229 3416 7727 2538 2866 54 1
1112 -1 -1 1228 8 0 10 0 0 0 0 11 0 9 614 4966 7236 1650 1406 3 307 -444 4401 1670 -5381 71 0
1113 0
1114 1
1115 -1 -1 1227 8 0 1 0 0 5 41 21 0 0 0
1116 1
1117 -1 -1 2453 8 0 1 0 0 4 0 57 0 0 1
1118 -1 -1 2452 8 0 8 0 0 39 0 31 0 1 1226 3994 -7879 -1364 3929 395 613 4583 -7020 426 -6082 17 0
1119 0
1120 1
1121 -1 -1 2451 8 0 0 0 0 7 0 43 0 0 1
1122 -1 -1 2450 8 0 8 0 0 11 0 23 0 0 1225 4339 -6644 66 -7352 13 0
1123 1
1124 -1 -1 2449 8 0 8 0 2 22 0 16 39 0 1
1125 -1 -1 2448 8 0 6 0 0 5 0 22 0 0 1224 153 2763 1981 -7874 20 612 4824 -7361 -4949 -2055 22 306 4282 3250 -2744 -57 33 153 -618 6393 2618 -7743 51 0
1126 0
1127 0
1128 1
1129 -1 -1 1223 8 0 9 0 0 28 0 12 0 0 0
1130 1
1131 -1 -1 2445 8 0 1 0 0 9 1 11 0 0 1
1132 -1 -1 2444 8 0 1 0 0 19 3 4 109 0 1222 -3214 4890 -4533 7256 326 611 305 866 -4676 5063 356 0
1133 1
1134 -1 -1 1221 8 0 0 0 0 10 0 47 0 0 0
1135 1
1136 -1 -1 2441 8 0 8 0 0 28 0 27 0 0 1
1137 -1 -1 2440 8 0 5 0 0 120 4 7 5 0 1220 -4146 2515 -4471 -1144 18 610 1773 6084 -304 -2912 124 305 3098 6319 -4642 -5280 218 0
1138 0
1139 0
1140 1
1141 -1 -1 2439 8 0 2 0 0 0 0 83 0 0 1
1142 -1 -1 2438 8 0 0 0 0 4 0 22 0 0 1219 -3153 -3550 -3605 -6084 11 0
1143 1
1144 -1 -1 2437 8 0 14 9 3 18 39 69 31 0 1
1145 -1 -1 2436 8 0 8 21 1 62 90 16 8 9 1218 3675 7686 1530 3727 24 609 -2006 -3299 4492 -3221 399 0
1146 0
1147 1
1148 -1 -1 2435 8 0 24 1 17 68 12 188 49 9 1
1149 -1 -1 2434 8 0 51 0 16 309 10 371 11 5 1217 -4151 -6280 -3059 -5505 1 0
1150 1
1151 -1 -1 2433 8 0 2 0 38 44 0 107 9 2 1
1152 -1 -1 2432 8 0 56 10 74 429 112 186 38 14 1216 -3478 -7749 4499 2145 319 608 -4386 6727 -684 5022 5 304 2961 3629 -3240 575 51 152 1786 -2567 -4692 5859 298 76 189 -167 -4962 7962 400 38 502 -6867 2593 1415 13 19 2369 3163 -296 -6779 203 0
1153 0
1154 0
1155 0
1156 0
1157 1
1158 -1 -1 607 8 0 3 4 2 0 0 1 1 27 0
1159 1
1160 -1 -1 1213 8 0 0 0 1 0 0 0 7 0 0
1161 1
1162 -1 -1 2425 8 0 2 2 13 12 0 0 0 1 1
1163 -1 -1 2424 8 0 3 0 3 10 0 27 0 9 1212 4909 5573 3514 -5303 254 606 4180 -1377 2684 -2245 352 303 -4397 6658 -2851 1446 356 0
1164 1
1165 -1 -1 605 8 0 5 16 0 5 0 1 0 8 0
1166 1
1167 -1 -1 1209 8 0 0 1 8 2 0 1 0 4 0
1168 1
1169 -1 -1 2417 8 0 2 0 0 1 0 0 0 115 1
1170 -1 -1 2416 8 0 4 0 2 3 0 0 0 6 1208 -305 4017 -4978 2055 4 604 -2394 -809 -436 5168 3 302 -2889 -2569 1441 -1577 327 151 4077 6919 1624 -5644 48 0
1171 0
1172 1
1173 -1 -1 603 8 0 0 3 0 2 1 9 5 20 1
1174 -1 -1 602 8 0 4 0 0 2 5 2 28 0 301 1515 2285 -3051 -1896 227 0
1175 1
1176 -1 -1 601 8 0 40 5 0 3 0 10 4 0 1
1177 -1 -1 600 8 0 3 0 20 0 0 19 0 1 300 6 7414 4187 -1799 27 150 2728 4898 -3039 -48 34 75 275 4828 2612 -1602 19 0
1178 0
1179 0
1180 1
1181 -1 -1 599 8 0 0 37 0 3 0 0 0 0 0
1182 1
1183 -1 -1 1197 8 0 1 5 0 0 20 0 5 0 1
1184 -1 -1 1196 8 0 13 3 1 3 3 17 1 0 598 -1277 5495 1148 3349 133 299 -2041 2064 -3070 -4793 380 0
1185 0
1186 1
1187 -1 -1 1195 8 0 2 2 0 9 8 4 18 7 1
1188 -1 -1 1194 8 0 1 0 8 0 0 3 3 17 597 -1275 6379 4271 -5006 15 1
1189 -1 -1 596 8 0 10 0 29 2 2 0 0 0 298 3130 6492 -1768 2878 5 149 -1391 7133 -1571 4085 13 0
1190 0
1191 0
1192 1
1193 -1 -1 1191 8 0 9 2 0 0 0 0 0 0 0
1194 1
1195 -1 -1 2381 8 0 0 0 0 1 0 0 85 0 1
1196 -1 -1 2380 8 0 5 0 0 0 0 0 1 0 1190 952 -7031 -288 -2305 21 595 -2279 -7594 -2263 -1466 342 1
1197 -1 -1 594 8 0 15 0 0 1 4 0 0 0 297 -4676 -6866 1461 210 26 0
1198 0
1199 1
1200 -1 -1 1187 8 0 17 0 0 0 24 2 9 0 0
1201 1
1202 -1 -1 2373 8 0 10 0 15 4 2 1 0 0 1
1203 -1 -1 2372 8 0 119 0 0 9 1 1 1 2 1186 249 -5429 -4113 -6903 37 593 -2832 -6057 4697 636 108 0
1204 0
1205 1
1206 -1 -1 2371 8 0 53 0 3 1 0 4 0 0 1
1207 -1 -1 2370 8 0 86 0 0 0 0 88 0 0 1185 -74 -6904 -1505 -1833 10 0
1208 1
1209 -1 -1 2369 8 0 66 0 0 4 1 4 2 4 1
1210 -1 -1 2368 8 0 2 0 0 3 6 0 0 4 1184 -1364 7818 -4702 -5709 234 592 -2873 -94 -130 -4 1 296 3696 -4174 917 -2427 5 148 -3500 -7686 2726 891 301 74 4037 6112 1815 5816 1 37 -1771 7734 4826 6137 6 0
1211 0
1212 0
1213 0
1214 1
1215 -1 -1 591 8 0 7 4 1 4 0 0 0 9 0
1216 1
1217 -1 -1 1181 8 0 1 15 10 0 0 0 0 0 0
1218 1
1219 -1 -1 2361 8 0 0 7 0 5 0 0 0 0 1
1220 -1 -1 2360 8 0 3 81 0 0 1 0 1 2 1180 1686 -1894 4557 -7348 8 590 2547 -2863 -4749 -1360 24 295 -4501 4291 -2090 6079 3 0
1221 0
1222 0
1223 1
1224 -1 -1 2359 8 0 0 0 0 1 0 2 0 42 1
1225 -1 -1 2358 8 0 1 0 1 2 0 19 1 2 1179 2864 -4797 4507 3168 281 1
1226 -1 -1 1178 8 0 0 0 5 0 1 1 19 5 589 -1227 3324 4400 4499 0 0
1227 1
1228 -1 -1 1177 8 0 2 2 7 1 9 0 0 8 1
1229 -1 -1 1176 8 0 11 26 0 5 1 3 7 11 588 2457 -4714 2610 2193 265 294 -4295 486 4784 5953 16 147 277 1433 4210 -729 247 0
1230 0
1231 0
1232 0
1233 1
1234 -1 -1 2351 8 0 0 11 19 0 40 0 0 0 1
1235 -1 -1 2350 8 0 1 2 65 0 0 3 0 0 1175 -4206 6739 -3659 -2522 332 0
1236 1
1237 -1 -1 2349 8 0 0 22 8 4 26 0 0 4 1
1238 -1 -1 2348 8 0 2 5 0 11 0 3 9 0 1174 1216 7861 1615 4298 15 587 17 6133 -2678 -694 74 0
1239 0
1240 1
1241 -1 -1 2347 8 0 1 46 1 2 4 0 0 0 1
1242 -1 -1 2346 8 0 2 55 140 15 8 0 0 1 1173 4984 3466 4274 -2013 398 0
1243 1
1244 -1 -1 2345 8 0 4 194 37 8 4 0 3 29 1
1245 -1 -1 2344 8 0 2 9 31 5 4 0 5 19 1172 444 -7733 4908 4713 0 586 4895 6386 3584 -6539 268 293 -3725 4212 2239 -7227 321 0
1246 0
1247 1
1248 -1 -1 1171 8 0 4 2 16 4 30 6 3 0 0
1249 1
1250 -1 -1 2341 8 0 2 17 68 9 0 0 1 2 1
1251 -1 -1 2340 8 0 5 16 73 18 17 8 32 4 1170 2509 -7973 574 5490 200 585 4080 -5430 384 -7833 5 0
1252 1
1253 -1 -1 1169 8 0 2 0 0 4 22 0 0 0 0
1254 1
1255 -1 -1 2337 8 0 1 3 69 7 7 1 1 21 1
1256 -1 -1 2336 8 0 0 7 6 6 3 5 0 46 1168 1029 2346 3281 -4484 20 584 -3271 -3789 4177 1565 317 292 -313 3660 -4658 2551 0 146 317 716 918 -4386 226 73 -3048 -4504 -2791 5989 2 0
1257 0
1258 0
1259 0
1260 0
1261 1
1262 -1 -1 2335 8 0 0 0 1 0 13 0 0 1 1
1263 -1 -1 2334 8 0 0 2 1 5 4 1 85 0 1167 -1567 -6130 4362 5170 322 0
1264 1
1265 -1 -1 2333 8 0 2 0 14 1 9 0 5 7 1
1266 -1 -1 2332 8 0 0 1 0 7 84 0 4 1 1166 3543 -4665 2873 -162 47 583 -1086 -1790 3537 -2803 2 0
1267 1
1268 -1 -1 1165 8 0 2 5 5 9 0 0 1 22 0
1269 1
1270 -1 -1 2329 8 0 0 6 2 6 1 2 15 0 1
1271 -1 -1 2328 8 0 0 71 2 5 1 0 0 1 1164 407 969 4123 -5407 5 582 2865 -7337 3151 6698 238 291 507 5935 -707 3045 17 0
1272 0
1273 1
1274 -1 -1 1163 8 0 0 0 0 5 0 6 57 0 0
1275 1
1276 -1 -1 2325 8 0 1 0 0 13 0 52 0 0 1
1277 -1 -1 2324 8 0 4 0 0 18 2 7 3 0 1162 4116 7788 -2399 -6697 40 581 3518 2892 1311 2243 8 0
1278 0
1279 1
1280 -1 -1 2323 8 0 1 15 0 26 2 3 40 4 1
1281 -1 -1 2322 8 0 0 24 92 50 241 5 31 9 1161 3931 7036 -4898 7595 400 0
1282 1
1283 -1 -1 2321 8 0 6 0 14 99 99 62 5 8 1
1284 -1 -1 2320 8 0 26 4 164 142 73 60 61 25 1160 -209 5542 -961 -5837 35 580 1658 6386 1883 -5790 220 290 113 -3754 -4994 -2321 338 145 -549 -7417 -271 -801 220 0
1285 0
1286 0
1287 0
1288 1
1289 -1 -1 2319 8 0 1 17 10 5 5 0 0 20 1
1290 -1 -1 2318 8 0 10 0 1 10 2 8 0 117 1159 2102 4139 1537 -4096 18 0
1291 1
1292 -1 -1 2317 8 0 3 1 56 0 0 0 0 4 1
1293 -1 -1 2316 8 0 0 2 7 12 10 1 0 11 1158 3854 -2698 2373 1124 207 579 3962 -7863 -4214 -528 95 0
1294 0
1295 1
1296 -1 -1 2315 8 0 13 3 0 8 0 0 0 13 1
1297 -1 -1 2314 8 0 5 107 2 5 0 0 0 2 1157 4475 -4595 196 3810 251 0
1298 1
1299 -1 -1 2313 8 0 13 0 12 1 0 7 0 5 1
1300 -1 -1 2312 8 0 5 18 4 24 0 10 13 73 1156 -2248 459 4491 980 333 578 -3749 -7214 -3779 -575 258 289 -1881 6475 -492 1917 11 0
1301 0
1302 0
1303 1
1304 -1 -1 2311 8 0 1 6 7 13 21 1 8 4 1
1305 -1 -1 2310 8 0 0 4 72 5 1 0 4 9 1155 -1995 5271 -4125 -2296 42 0
1306 1
1307 -1 -1 2309 8 0 2 2 3 1 0 1 0 49 1
1308 -1 -1 2308 8 0 10 17 18 28 49 19 32 32 1154 -4875 2419 403 -122 29 577 -1962 4791 -4832 1898 13 0
1309 0
1310 1
1311 -1 -1 2307 8 0 7 2 1 46 88 25 1 15 1
1312 -1 -1 2306 8 0 10 34 63 62 26 28 0 10 1153 -609 -875 -4843 -6679 3 0
1313 1
1314 -1 -1 2305 8 0 41 8 56 46 20 31 7 12 1
1315 -1 -1 2304 8 0 174 1 14 218 13 140 1 22 1152 3408 4457 150 -647 14 576 1855 -7943 4622 7592 194 288 1293 3435 -871 -1706 20 144 -574 -7395 3856 749 190 72 4628 6346 3604 -2647 25 36 -424 -261 3693 -2351 188 18 -2423 6766 83 -1635 400 9 -517 -1829 -1810 -7973 6 0
1316 0
1317 0
1318 0
1319 0
1320 1
1321 -1 -1 287 8 0 6 3 0 0 3 5 0 0 0
1322 1
1323 -1 -1 573 8 0 5 0 0 1 0 1 2 0 0
1324 0
1325 1
1326 -1 -1 2291 8 0 1 0 0 1 0 85 0 0 1
1327 -1 -1 2290 8 0 0 0 0 5 0 10 0 0 1145 4366 -3961 -827 5020 335 1
1328 -1 -1 1144 8 0 10 0 0 7 0 24 0 0 572 -836 2215 2433 -3446 35 286 -375 1436 642 -2672 164 143 4199 -6241 2505 1451 396 0
1329 0
1330 0
1331 0
1332 1
1333 -1 -1 2287 8 0 7 0 2 5 0 75 0 0 1
1334 -1 -1 2286 8 0 13 0 0 7 0 8 0 0 1143 3203 2118 -4400 -4617 95 1
1335 -1 -1 1142 8 0 6 0 0 49 0 5 0 0 571 4141 -4998 -3087 7476 392 0
1336 0
1337 1
1338 -1 -1 2283 8 0 11 0 0 19 0 4 1 0 1
1339 -1 -1 2282 8 0 18 0 0 27 1 31 87 0 1141 -2090 -2024 1845 -4306 8 0
1340 1
1341 -1 -1 2281 8 0 1 0 0 26 0 0 0 0 1
1342 -1 -1 2280 8 0 20 0 0 24 0 9 1 0 1140 921 1565 3529 243 1 570 2494 -6106 -4616 2169 346 285 -504 682 1097 -7665 53 0
1343 0
1344 1
1345 -1 -1 1139 8 0 2 0 0 2 0 3 27 0 1
1346 -1 -1 1138 8 0 12 0 1 19 1 6 4 0 569 639 -6673 2678 -1213 326 0
1347 1
1348 -1 -1 1137 8 0 4 9 0 1 0 2 0 0 0
1349 1
1350 -1 -1 2273 8 0 3 0 0 3 9 0 1 0 1
1351 -1 -1 2272 8 0 137 0 0 34 0 0 0 0 1136 -237 4886 -413 -329 8 568 595 -2617 3966 -520 244 284 846 1244 1771 -1011 6 142 2530 -1143 1809 -2888 3 71 -1641 1469 2578 1238 18 0
1352 0
1353 0
1354 1
1355 -1 -1 567 8 0 15 12 1 0 0 0 1 0 1
1356 -1 -1 566 8 0 9 5 0 0 0 0 0 30 283 1846 -4171 -4866 7750 0 0
1357 1
1358 -1 -1 565 8 0 37 18 0 0 0 0 4 0 0
1359 1
1360 -1 -1 1129 8 0 4 6 4 0 17 2 3 2 0
1361 1
1362 -1 -1 2257 8 0 12 0 0 0 0 0 61 0 1
1363 -1 -1 2256 8 0 14 1 1 3 1 0 1 0 1128 503 1645 -1181 3751 398 564 3741 6807 -569 1204 0 282 -4774 5520 437 7731 9 141 -2627 361 2652 -7753 241 0
1364 1
1365 -1 -1 281 8 0 4 10 3 8 0 22 3 0 0
1366 1
1367 -1 -1 561 8 0 0 0 0 0 0 12 0 0 0
1368 0
1369 1
1370 -1 -1 2243 8 0 125 0 0 11 0 2 1 0 1
1371 -1 -1 2242 8 0 30 0 5 4 2 0 1 5 1121 2166 612 3949 3969 0 1
1372 -1 -1 1120 8 0 18 4 1 7 12 0 6 0 560 -485 1298 -4975 5066 3 280 -3968 -1459 244 773 269 140 2649 3811 914 224 16 70 2084 1018 -509 -6963 197 35 2830 -4345 -4123 7743 313 0
1373 0
1374 0
1375 1
1376 -1 -1 279 8 0 8 0 0 11 0 36 0 0 1
1377 -1 -1 278 8 0 24 0 0 4 2 12 0 0 139 542 85 -4935 -6346 30 0
1378 1
1379 -1 -1 277 8 0 7 0 0 0 1 0 0 6 0
1380 1
1381 -1 -1 553 8 0 10 1 1 1 1 1 0 0 1
1382 -1 -1 552 8 0 66 0 0 0 0 0 0 0 276 4897 -3748 -1452 7172 310 138 -2434 6262 1951 -153 16 69 948 -1403 281 7513 300 0
1383 0
1384 0
1385 0
1386 0
1387 1
1388 -1 -1 2207 8 0 0 1 83 0 0 0 1 0 1
1389 -1 -1 2206 8 0 0 18 36 7 0 0 0 0 1103 3819 -3298 649 -3220 30 0
1390 1
1391 -1 -1 2205 8 0 1 25 11 37 57 7 168 0 1
1392 -1 -1 2204 8 0 1 28 41 11 15 0 56 104 1102 4351 -4298 -470 7377 192 551 4723 -3655 -1940 7079 357 0
1393 0
1394 1
1395 -1 -1 2203 8 0 7 0 0 8 0 28 0 21 1
1396 -1 -1 2202 8 0 2 61 44 108 70 20 59 6 1101 -1501 -620 -866 5618 360 0
1397 1
1398 -1 -1 2201 8 0 2 15 65 44 69 0 18 92 1
1399 -1 -1 2200 8 0 2 114 25 34 42 0 0 45 1100 2564 2534 -4264 4281 251 550 -528 -920 -816 7837 257 275 632 1337 -3011 -6969 260 0
1400 0
1401 0
1402 1
1403 -1 -1 2199 8 0 0 11 2 3 0 0 0 0 1
1404 -1 -1 2198 8 0 1 3 89 0 4 0 4 0 1099 4327 90 -4261 -3139 227 0
1405 1
1406 -1 -1 2197 8 0 0 3 11 3 0 0 9 0 1
1407 -1 -1 2196 8 0 0 63 2 2 6 1 2 8 1098 -224 -1682 -2445 -1967 36 549 1833 -340 3241 6259 91 0
1408 0
1409 1
1410 -1 -1 2195 8 0 3 0 3 3 25 6 5 13 1
1411 -1 -1 2194 8 0 1 1 89 3 5 1 0 0 1097 -4469 -7223 -4343 6847 56 0
1412 1
1413 -1 -1 2193 8 0 1 6 11 12 20 0 203 4 1
1414 -1 -1 2192 8 0 4 41 125 24 168 5 225 15 1096 -847 -80 -3770 -97 212 548 -1617 -3881 3161 7338 250 274 3464 4537 -2701 -4396 38 137 2536 3141 37 5996 242 0
1415 0
1416 0
1417 1
1418 -1 -1 1095 8 0 3 9 3 6 1 3 0 6 0
1419 1
1420 -1 -1 2189 8 0 5 0 0 1 0 0 0 0 1
1421 -1 -1 2188 8 0 2 3 0 7 0 0 0 70 1094 -589 -510 2890 2560 399 547 3660 787 -2416 5083 9 0
1422 1
1423 -1 -1 1093 8 0 18 4 0 0 0 2 0 0 0
1424 1
1425 -1 -1 2185 8 0 0 30 0 1 0 0 0 0 1
1426 -1 -1 2184 8 0 14 45 37 26 9 12 118 51 1092 -3420 -5151 -3070 1219 336 546 323 -83 -1796 7368 400 273 3493 -5430 -2569 -4945 11 0
1427 0
1428 1
1429 -1 -1 1091 8 0 7 3 0 4 0 31 0 6 0
1430 1
1431 -1 -1 2181 8 0 10 0 7 20 25 18 1 0 1
1432 -1 -1 2180 8 0 37 2 6 25 4 3 0 4 1090 1679 4487 276 -1647 4 545 -4298 1344 2244 828 68 0
1433 0
1434 1
1435 -1 -1 2179 8 0 3 0 0 3 0 7 0 20 1
1436 -1 -1 2178 8 0 24 4 10 60 6 29 1 2 1089 -720 2852 -1754 -7808 75 0
1437 1
1438 -1 -1 2177 8 0 3 51 26 143 1 13 51 50 1
1439 -1 -1 2176 8 0 6 106 80 64 75 24 72 29 1088 -3494 4697 2014 7983 58 544 -1387 4661 1440 6185 352 272 -4362 -937 909 6426 388 136 -1641 5002 417 -1307 233 68 1911 1103 -1540 4966 171 34 -480 395 -1865 3609 386 17 1762 1283 -1140 6238 391 0
1440 0
1441 0
1442 0
1443 0
1444 1
1445 -1 -1 543 8 0 6 0 16 3 0 0 0 0 0
1446 0
1447 1
1448 -1 -1 2171 8 0 1 0 9 2 0 0 0 0 1
1449 -1 -1 2170 8 0 27 19 0 20 0 1 0 5 1085 3020 498 1269 2693 13 0
1450 1
1451 -1 -1 2169 8 0 3 0 0 8 0 6 0 11 1
1452 -1 -1 2168 8 0 26 0 0 16 0 9 0 0 1084 2568 6072 3472 -1757 7 542 2791 5032 3720 -3069 400 271 -2893 -2403 1955 -5646 400 0
1453 1
1454 -1 -1 541 8 0 13 0 0 3 0 22 0 0 0
1455 1
1456 -1 -1 1081 8 0 14 0 0 8 0 5 0 3 1
1457 -1 -1 1080 8 0 5 1 0 6 0 0 29 20 540 4990 2681 -4487 -3847 59 270 -4413 -1526 -2233 5480 9 135 1855 4281 -3599 -5419 394 0
1458 1
1459 -1 -1 269 8 0 28 0 1 5 0 26 0 0 0
1460 0
1461 1
1462 -1 -1 1075 8 0 17 0 0 0 0 0 0 0 1
1463 -1 -1 1074 8 0 69 0 0 0 0 0 0 0 537 -1721 564 463 -5948 235 0
1464 0
1465 1
1466 -1 -1 2147 8 0 15 0 0 0 1 0 0 0 1
1467 -1 -1 2146 8 0 39 0 0 19 0 0 0 0 1073 -2190 193 -4673 6649 36 1
1468 -1 -1 1072 8 0 35 1 0 1 0 1 1 2 536 2045 -7634 -4979 5081 3 268 4436 -7746 -1059 5760 394 134 -2100 -1506 4313 2509 20 67 517 3622 1048 -7592 29 0
1469 0
1470 0
1471 0
1472 0
1473 1
1474 -1 -1 2143 8 0 9 0 0 13 0 65 0 0 1
1475 -1 -1 2142 8 0 0 0 0 16 0 7 2 0 1071 1468 158 1893 -2320 8 0
1476 1
1477 -1 -1 2141 8 0 0 0 15 21 1 10 15 0 1
1478 -1 -1 2140 8 0 19 1 0 60 64 45 2 0 1070 -844 7850 2085 -5677 25 535 2068 6604 4738 3156 17 0
1479 0
1480 1
1481 -1 -1 2139 8 0 5 1 5 24 4 39 3 0 1
1482 -1 -1 2138 8 0 10 3 17 42 0 5 0 2 1069 -293 4102 2030 -4960 32 0
1483 1
1484 -1 -1 2137 8 0 33 4 4 55 25 8 80 3 1
1485 -1 -1 2136 8 0 108 0 3 69 9 23 5 1 1068 3107 3031 928 -5866 27 534 1798 1908 2712 7321 32 267 3574 6099 1791 1756 11 0
1486 1
1487 -1 -1 533 8 0 6 0 0 12 0 10 34 1 0
1488 0
1489 1
1490 -1 -1 2131 8 0 0 3 0 13 5 4 20 2 1
1491 -1 -1 2130 8 0 3 1 2 7 54 3 1 16 1065 -2442 2202 2562 -4459 4 0
1492 1
1493 -1 -1 2129 8 0 14 76 44 72 19 12 5 0 1
1494 -1 -1 2128 8 0 64 17 35 74 50 42 1 18 1064 2404 6215 624 -4801 180 532 3931 -1289 64 7314 308 266 1564 -2233 -4286 7236 351 133 -669 -2321 -664 -7911 2 0
1495 0
1496 0
1497 0
1498 1
1499 -1 -1 2127 8 0 4 0 23 0 0 0 0 0 1
1500 -1 -1 2126 8 0 27 0 6 0 41 3 1 0 1063 3868 -104 -4308 -5972 190 0
1501 1
1502 -1 -1 2125 8 0 3 0 0 7 4 19 0 0 1
1503 -1 -1 2124 8 0 56 4 11 27 0 11 0 2 1062 4881 7846 1777 6640 17 531 2094 -6336 2301 250 18 0
1504 1
1505 -1 -1 1061 8 0 10 0 0 0 21 1 0 0 0
1506 1
1507 -1 -1 2121 8 0 5 0 14 1 1 0 0 3 1
1508 -1 -1 2120 8 0 5 49 5 2 0 2 0 8 1060 -4377 5052 2403 -3643 272 530 4713 -987 1576 -1921 377 265 -1146 5775 3828 -3961 328 0
1509 0
1510 0
1511 1
1512 -1 -1 2119 8 0 5 12 1 5 0 2 36 0 1
1513 -1 -1 2118 8 0 1 27 91 28 15 8 42 116 1059 3506 3165 -4490 6111 392 0
1514 1
1515 -1 -1 2117 8 0 0 4 14 10 43 0 24 8 1
1516 -1 -1 2116 8 0 22 110 96 130 15 51 15 40 1058 -4679 3220 -553 64 114 529 1731 2259 -4929 3413 218 0
1517 0
1518 1
1519 -1 -1 2115 8 0 2 15 2 8 3 5 0 33 1
1520 -1 -1 2114 8 0 10 8 19 97 8 45 0 14 1057 4543 4740 -1695 633 27 0
1521 1
1522 -1 -1 2113 8 0 9 0 23 22 8 17 0 0 1
1523 -1 -1 2112 8 0 58 21 15 65 16 19 38 8 1056 3110 529 1972 -982 5 528 1662 -6772 2124 7585 201 264 2057 2141 97 -2614 19 132 4347 6394 -264 -3478 398 66 4436 -696 4146 -5396 2 33 3123 -662 -128 -4482 388 0
1524 0
1525 0
1526 0
1527 1
1528 -1 -1 527 8 0 51 1 0 10 1 1 0 0 0
1529 0
1530 1
1531 -1 -1 2107 8 0 24 1 0 3 0 53 0 0 1
1532 -1 -1 2106 8 0 26 2 1 145 4 117 8 4 1053 -1176 -6867 1303 1152 376 0
1533 1
1534 -1 -1 2105 8 0 15 2 0 17 0 10 0 2 1
1535 -1 -1 2104 8 0 73 0 1 36 0 297 0 0 1052 -3664 -7723 3913 -6634 44 526 3852 -7856 -3288 7779 182 263 3161 7917 -4177 7518 386 0
1536 0
1537 0
1538 1
1539 -1 -1 2103 8 0 15 0 0 10 12 13 0 0 1
1540 -1 -1 2102 8 0 0 0 0 2 0 35 0 0 1051 4005 -173 -3698 7123 398 0
1541 1
1542 -1 -1 2101 8 0 5 0 0 0 8 0 0 0 1
1543 -1 -1 2100 8 0 66 0 0 21 0 5 0 0 1050 474 138 2172 3551 184 525 -737 -3577 4369 7029 121 0
1544 0
1545 1
1546 -1 -1 2099 8 0 3 14 8 9 11 4 13 2 1
1547 -1 -1 2098 8 0 16 20 7 77 3 88 1 15 1049 802 -658 841 6044 174 0
1548 1
1549 -1 -1 2097 8 0 2 28 3 10 0 2 2 1 1
1550 -1 -1 2096 8 0 11 13 7 22 80 4 2 3 1048 -3830 -3606 -2253 4256 265 524 -100 -5780 2834 3723 16 262 3493 -1884 -2737 5517 387 131 -3048 3973 -2343 5607 1 0
1551 0
1552 0
1553 1
1554 -1 -1 1047 8 0 5 2 0 27 0 4 1 2 1
1555 -1 -1 1046 8 0 7 0 0 1 0 2 35 0 523 -340 -3847 -3582 2372 21 0
1556 0
1557 1
1558 -1 -1 2091 8 0 7 2 0 13 0 5 4 3 1
1559 -1 -1 2090 8 0 153 0 0 16 0 57 0 0 1045 252 -584 3455 -7676 30 0
1560 1
1561 -1 -1 2089 8 0 7 1 0 1 17 0 0 0 1
1562 -1 -1 2088 8 0 206 0 0 53 0 3 3 0 1044 2166 -6320 738 3616 46 522 233 -3732 2518 -4499 0 261 3655 2528 859 -7792 13 0
1563 0
1564 1
1565 -1 -1 1043 8 0 2 0 5 1 0 4 0 5 0
1566 1
1567 -1 -1 2085 8 0 115 0 0 0 0 3 0 0 1
1568 -1 -1 2084 8 0 11 0 2 6 1 3 0 2 1042 3344 -7639 361 94 400 521 -1346 7628 -4492 5846 19 0
1569 0
1570 1
1571 -1 -1 2083 8 0 4 6 2 6 15 5 21 13 1
1572 -1 -1 2082 8 0 63 15 9 210 10 75 3 30 1041 473 -137 2076 4255 191 0
1573 1
1574 -1 -1 2081 8 0 0 9 20 8 13 7 6 14 1
1575 -1 -1 2080 8 0 16 72 10 76 12 4 9 2 1040 2193 -5468 4155 9 57 520 -1663 -5107 3077 4658 1 260 -4951 -7552 1762 3881 397 130 1150 1404 -4288 7483 395 65 -883 -580 -971 6469 22 0
1576 0
1577 0
1578 0
1579 1
1580 -1 -1 1039 8 0 30 20 11 3 0 1 0 0 1
1581 -1 -1 1038 8 0 5 1 0 13 0 0 0 4 519 828 -983 2685 -4737 0 0
1582 0
1583 1
1584 -1 -1 2075 8 0 180 0 0 43 0 6 0 0 1
1585 -1 -1 2074 8 0 8 0 0 16 0 8 0 0 1037 2143 -298 3925 7008 1 0
1586 1
1587 -1 -1 2073 8 0 54 3 0 8 0 1 0 0 1
1588 -1 -1 2072 8 0 40 1 0 109 0 48 5 3 1036 4287 2516 -3285 -7829 394 518 2866 -2896 -4847 -6481 394 259 -771 1117 555 -7736 192 0
1589 1
1590 -1 -1 517 8 0 2 1 10 2 31 0 8 9 0
1591 0
1592 1
1593 -1 -1 2067 8 0 7 1 2 37 0 72 0 0 1
1594 -1 -1 2066 8 0 24 1 0 0 0 22 1 0 1033 -1411 6857 1112 -4377 1 0
1595 1
1596 -1 -1 2065 8 0 1 0 0 5 0 18 11 0 1
1597 -1 -1 2064 8 0 24 18 9 94 16 10 4 8 1032 2540 -1263 4310 -6345 393 516 -4192 3813 -4615 -6406 343 258 4489 5189 3259 -333 31 129 -296 11 2967 6262 1 0
1598 0
1599 0
1600 1
1601 -1 -1 1031 8 0 5 0 17 5 6 3 25 0 0
1602 1
1603 -1 -1 2061 8 0 12 0 0 9 8 0 3 0 1
1604 -1 -1 2060 8 0 133 3 7 17 0 8 0 0 1030 -4538 6035 1124 -7188 9 515 481 -6179 -658 599 33 0
1605 0
1606 1
1607 -1 -1 2059 8 0 22 0 5 45 1 121 3 12 1
1608 -1 -1 2058 8 0 56 1 4 44 3 14 1 2 1029 -1862 -1009 4858 5304 47 0
1609 1
1610 -1 -1 2057 8 0 4 2 4 2 0 1 15 0 1
1611 -1 -1 2056 8 0 35 3 4 99 1 16 11 0 1028 -1785 4943 -399 2557 11 514 -3557 -7420 -1729 -6076 4 257 569 -2990 3578 7300 399 0
1612 0
1613 0
1614 1
1615 -1 -1 2055 8 0 1 4 0 0 42 0 4 0 1
1616 -1 -1 2054 8 0 10 0 0 6 0 0 1 2 1027 532 -3976 -2493 -887 35 0
1617 1
1618 -1 -1 2053 8 0 43 0 1 15 0 16 1 0 1
1619 -1 -1 2052 8 0 12 0 36 2 2 2 0 3 1026 -3989 -6940 -4795 983 7 513 3326 -324 -2289 1161 19 0
1620 0
1621 1
1622 -1 -1 2051 8 0 10 9 0 5 3 4 14 8 1
1623 -1 -1 2050 8 0 48 8 8 3 11 1 2 0 1025 1863 -1078 -3221 -2012 39 0
1624 1
1625 -1 -1 2049 8 0 153 14 18 108 8 52 10 1 1
1626 -1 -1 2048 8 0 3251 3 52 396 6 100 14 2 1024 -3794 879 4821 7806 58 512 424 412 1526 5736 122 256 2845 -3747 2643 1500 36 128 -100 -7625 3661 7419 83 64 1519 5673 -3850 -7883 27 32 674 -6787 -4705 7518 86 16 1512 4126 61 -4224 10 8 -209 913 1408 6122 173 4 1753 7443 1585 834 11 2 -552 -1025 2571 3101 141 1 642 -1318 98 -7988 144 1 5
