22 serialization::archive 15 0 0 2 0 1 0
0 0 0 0
1 0
2 0
3 0
4 0
5 1 1 0
6 -1 -1 127 8 0 1 2 0 0 2 29 0 0 1
7 -1 -1 126 8 0 13 0 0 10 0 21 0 0 63 0 0 -2976 1251 -1198 342 14 0
8 1
9 -1 -1 125 8 0 36 0 1 5 0 0 6 0 1
10 -1 -1 124 8 0 6 5 0 3 7 3 0 0 62 928 -2502 1984 7472 5 31 -836 -5578 81 7766 337 0
11 0
12 1
13 -1 -1 123 8 0 8 0 0 9 0 33 0 0 1
14 -1 -1 122 8 0 17 0 0 23 0 9 0 1 61 -1235 2023 4405 1978 0 0
15 0
16 1
17 -1 -1 243 8 0 5 0 0 29 0 30 3 0 1
18 -1 -1 242 8 0 13 1 0 14 1 0 7 3 121 2482 -4212 -4256 6535 393 0
19 0
20 1
21 -1 -1 483 8 0 0 0 0 1 0 0 16 0 1
22 -1 -1 482 8 0 4 0 0 18 39 1 4 0 241 498 1687 -4672 -7517 53 0
23 0
24 0
25 1
26 -1 -1 1927 8 0 7 0 0 1 0 0 0 0 0
27 1
28 -1 -1 3853 8 0 3 0 0 8 0 0 97 0 1
29 -1 -1 3852 8 0 0 0 0 8 0 0 0 0 1926 -573 -2627 -3750 3075 345 963 3106 -2872 -685 -7795 45 0
30 1
31 -1 -1 1925 8 0 2 0 0 1 0 10 7 0 1
32 -1 -1 1924 8 0 1 0 0 30 2 0 33 0 962 175 955 2581 -5566 48 481 4995 -5307 2472 -7089 9 1
33 -1 -1 480 8 0 15 0 1 6 0 8 2 0 240 -582 -2034 1596 -7778 10 120 -4779 562 2557 -6408 5 60 4816 4414 -4530 -3276 93 30 -4477 -6660 4254 -7714 15 15 3855 -1225 4125 -7763 61 0
34 0
35 0
36 0
37 1
38 -1 -1 239 8 0 7 0 8 15 0 18 0 0 0
39 0
40 0
41 1
42 -1 -1 1911 8 0 1 0 0 7 0 0 3 0 0
43 1
44 -1 -1 3821 8 0 4 0 0 0 0 0 0 0 1
45 -1 -1 3820 8 0 0 0 0 1 0 0 82 0 1910 2222 -1879 -4377 -6924 123 955 3259 -3065 657 -7885 30 1
46 -1 -1 954 8 0 1 0 0 7 6 3 0 4 477 4056 -5833 -4889 3609 387 1
47 -1 -1 476 8 0 2 0 11 0 4 0 1 0 238 -57 -1065 -3200 -4250 12 119 -3978 -5348 3023 -4383 1 0
48 0
49 1
50 -1 -1 475 8 0 2 0 0 0 0 0 9 0 0
51 0
52 1
53 -1 -1 1899 8 0 1 0 0 0 0 0 0 0 0
54 1
55 -1 -1 3797 8 0 67 0 0 0 0 0 0 0 1
56 -1 -1 3796 8 0 5 0 0 0 0 0 0 0 1898 3542 -6276 288 3528 98 949 -2310 -3966 -1052 -6199 7 1
57 -1 -1 948 8 0 0 0 0 1 0 0 0 1 474 4413 -338 4977 4773 0 237 -2498 -4346 -1082 -2013 22 0
58 1
59 -1 -1 473 8 0 10 0 9 0 0 8 1 16 0
60 1
61 -1 -1 945 8 0 22 0 0 17 0 10 0 0 1
62 -1 -1 944 8 0 25 0 0 11 31 0 0 0 472 1328 -6173 -4758 -3953 10 236 -987 1556 3259 736 115 118 -2888 -7167 -1881 -1767 7 59 -2792 -1643 -1780 -5853 14 0
63 0
64 1
65 -1 -1 235 8 0 3 0 43 0 0 0 0 3 0
66 1
67 -1 -1 469 8 0 5 0 0 0 19 0 0 3 0
68 1
69 -1 -1 937 8 0 9 0 1 2 1 0 22 1 1
70 -1 -1 936 8 0 8 2 0 0 0 3 0 40 468 -1199 -1740 -3005 987 1 234 -1299 -5865 267 6287 394 117 -1554 -5010 2079 -5387 255 0
71 0
72 0
73 1
74 -1 -1 935 8 0 13 4 0 0 0 0 0 5 0
75 1
76 -1 -1 1869 8 0 0 0 0 0 0 0 0 29 1
77 -1 -1 1868 8 0 9 0 0 0 0 1 1 33 934 2006 -2866 -1059 -3781 3 467 -839 -2870 -4242 -6991 7 0
78 1
79 -1 -1 933 8 0 1 5 0 0 0 0 24 0 1
80 -1 -1 932 8 0 33 0 0 1 0 0 13 5 466 -475 -4601 -1939 -1166 21 233 -1332 1251 -3812 -2508 0 0
81 1
82 -1 -1 465 8 0 17 2 0 1 0 0 40 2 1
83 -1 -1 464 8 0 28 1 1 0 8 7 6 0 232 -2554 -198 493 3789 153 116 -2286 -3895 4050 -2548 262 58 -3880 -297 -2772 -4063 2 29 2689 -6097 1457 4998 208 0
84 0
85 0
86 1
87 -1 -1 231 8 0 2 0 0 4 0 3 2 30 1
88 -1 -1 230 8 0 11 1 5 3 4 9 1 4 115 4076 4213 1829 1735 53 0
89 1
90 -1 -1 229 8 0 37 0 0 17 0 8 0 6 0
91 1
92 -1 -1 457 8 0 1 2 0 1 0 0 0 2 0
93 1
94 -1 -1 913 8 0 5 0 0 1 1 0 0 0 0
95 1
96 -1 -1 1825 8 0 9 0 0 0 0 57 0 0 1
97 -1 -1 1824 8 0 0 0 0 3 0 41 0 0 912 -3547 -3839 2267 3322 3 456 4493 1764 -3780 -6980 387 228 -2549 6739 -3874 -4774 391 114 4798 152 -2087 3396 394 57 -210 -7252 4623 523 394 0
98 0
99 1
100 -1 -1 227 8 0 0 5 0 1 0 3 0 0 0
101 1
102 -1 -1 453 8 0 1 0 2 0 2 0 1 0 0
103 1
104 -1 -1 905 8 0 3 0 0 2 0 0 0 0 0
105 1
106 -1 -1 1809 8 0 1 0 0 0 0 1 0 0 0
107 1
108 -1 -1 3617 8 0 61 0 0 0 0 0 0 0 1
109 -1 -1 3616 8 0 43 0 0 0 0 0 0 0 1808 -1930 -1584 -3755 -6447 229 904 -310 -4616 -484 249 26 452 2786 -3467 1089 -2735 184 226 3820 -625 -458 -917 7 113 -2035 -3031 -50 -1037 19 0
110 0
111 1
112 -1 -1 451 8 0 4 0 0 2 31 0 0 0 1
113 -1 -1 450 8 0 23 1 0 6 5 0 1 0 225 2253 -1173 345 982 5 0
114 1
115 -1 -1 449 8 0 5 1 0 3 0 2 9 20 1
116 -1 -1 448 8 0 18 34 1 0 0 15 0 0 224 2215 5126 -4876 -3508 257 112 4733 -6728 1458 90 4 56 787 -3764 3917 5474 2 28 671 -6704 -4371 5976 343 14 -1050 -809 3754 6112 349 7 4829 15 3517 -7334 6 0
117 0
118 0
119 0
120 0
121 0
122 1
123 -1 -1 447 8 0 7 0 0 7 0 5 0 34 1
124 -1 -1 446 8 0 16 0 0 4 6 17 10 2 223 4287 7866 -1531 2742 251 0
125 1
126 -1 -1 445 8 0 1 0 0 1 0 0 0 0 0
127 1
128 -1 -1 889 8 0 1 0 0 0 0 0 0 0 0
129 1
130 -1 -1 1777 8 0 17 0 0 0 0 0 0 0 1
131 -1 -1 1776 8 0 61 0 0 0 0 0 0 0 888 -1340 1599 -4091 7833 360 444 -669 -658 -479 -1244 244 222 -3006 -1779 1759 -4976 394 111 691 -2408 -4983 5892 301 0
132 0
133 1
134 -1 -1 443 8 0 0 0 0 0 0 45 0 0 1
135 -1 -1 442 8 0 4 0 0 8 0 9 11 1 221 3534 -3715 -2880 -5538 38 0
136 1
137 -1 -1 441 8 0 0 0 0 11 0 0 0 15 0
138 1
139 -1 -1 881 8 0 6 0 0 9 0 17 0 0 1
140 -1 -1 880 8 0 16 0 0 51 0 1 0 0 440 -47 -7954 -4751 809 391 220 1165 855 4693 -4118 74 110 1798 -3884 4075 2580 7 55 983 -2286 886 -740 0 0
141 0
142 1
143 -1 -1 219 8 0 9 0 0 3 5 9 5 35 0
144 1
145 -1 -1 437 8 0 2 41 0 2 0 3 0 0 1
146 -1 -1 436 8 0 2 6 1 5 0 9 0 9 218 -1666 -2828 -1793 2582 338 109 4122 -1551 -2747 5797 343 0
147 0
148 0
149 1
150 -1 -1 871 8 0 5 0 1 1 3 26 0 0 0
151 1
152 -1 -1 1741 8 0 7 0 0 3 7 11 0 2 0
153 1
154 -1 -1 3481 8 0 1 0 0 0 77 1 0 0 1
155 -1 -1 3480 8 0 9 2 0 18 54 4 0 0 1740 -4273 -1080 -2726 -7027 14 870 -3830 -6084 107 -4066 8 435 4065 -3881 -189 -4730 27 0
156 0
157 1
158 -1 -1 1739 8 0 1 0 0 3 0 63 0 0 1
159 -1 -1 1738 8 0 7 0 0 1 4 2 0 0 869 3440 -7140 -3225 7351 274 0
160 1
161 -1 -1 1737 8 0 1 5 9 9 5 1 29 2 0
162 1
163 -1 -1 3473 8 0 0 2 0 1 0 22 0 0 1
164 -1 -1 3472 8 0 10 0 4 68 2 6 3 11 1736 -1031 -243 -2311 -1848 25 868 2497 -2578 137 -981 11 434 725 -150 4192 7592 369 217 -78 -5618 -1738 6275 357 0
165 0
166 1
167 -1 -1 867 8 0 3 0 0 8 30 0 4 0 1
168 -1 -1 866 8 0 0 0 0 12 0 4 3 22 433 3691 1019 620 532 9 0
169 0
170 1
171 -1 -1 1731 8 0 0 10 0 6 9 0 3 0 1
172 -1 -1 1730 8 0 1 1 48 4 5 0 0 0 865 1141 -6083 -983 4553 357 0
173 1
174 -1 -1 1729 8 0 8 0 11 12 0 0 11 2 1
175 -1 -1 1728 8 0 1 0 0 0 0 0 64 0 864 2035 -108 477 4958 327 432 -1948 -5603 -4678 6069 332 216 4897 6459 -2502 -3425 8 108 -4487 -7336 -496 2842 238 54 -3772 -3054 4850 -3656 55 27 829 -2226 -4342 572 355 0
176 0
177 0
178 1
179 -1 -1 215 8 0 35 0 1 4 0 2 1 8 1
180 -1 -1 214 8 0 7 3 8 3 10 1 3 0 107 -4478 -6982 -4754 -1639 2 0
181 0
182 0
183 1
184 -1 -1 855 8 0 0 4 0 2 0 0 0 0 0
185 1
186 -1 -1 1709 8 0 0 2 0 0 0 0 0 0 0
187 1
188 -1 -1 3417 8 0 0 0 0 2 0 0 0 5 1
189 -1 -1 3416 8 0 0 1 0 0 0 0 0 106 1708 1903 4222 -4472 -760 265 854 3536 -2481 -1524 -5097 39 427 1885 1659 -2440 7344 316 0
190 0
191 0
192 1
193 -1 -1 3415 8 0 0 16 0 0 0 0 0 0 1
194 -1 -1 3414 8 0 0 92 0 0 0 0 0 0 1707 -4013 -4987 676 -7851 22 1
195 -1 -1 1706 8 0 2 38 0 8 0 0 3 6 853 -3470 7252 3261 961 121 1
196 -1 -1 852 8 0 0 18 1 1 0 0 12 37 426 1517 -6718 -3773 5816 2 213 423 7794 -555 5236 374 0
197 0
198 1
199 -1 -1 851 8 0 1 28 0 0 0 1 0 4 0
200 0
201 1
202 -1 -1 3403 8 0 1 0 2 2 45 1 0 10 1
203 -1 -1 3402 8 0 0 0 21 0 0 0 0 1 1701 -2823 -7534 -141 6462 348 1
204 -1 -1 1700 8 0 0 0 0 5 0 18 0 0 850 -4841 -447 -1898 7375 0 425 -3035 4227 4431 2175 149 0
205 0
206 1
207 -1 -1 1699 8 0 1 0 0 1 0 0 0 19 0
208 1
209 -1 -1 3397 8 0 0 9 0 5 5 0 0 11 1
210 -1 -1 3396 8 0 0 58 0 5 3 0 0 0 1698 1132 -4102 -2008 207 7 849 299 -350 2395 4392 336 0
211 0
212 1
213 -1 -1 3395 8 0 0 11 0 11 0 15 4 0 1
214 -1 -1 3394 8 0 0 0 0 5 4 0 0 25 1697 -1080 -6149 321 7202 34 0
215 1
216 -1 -1 3393 8 0 0 0 0 0 1 0 2 115 1
217 -1 -1 3392 8 0 0 2 5 6 1 0 0 13 1696 3382 -3738 -4321 -1516 218 848 -146 -4078 -2190 2106 276 424 -3539 -6780 4090 -1799 289 212 -699 -3810 -4748 575 330 106 4273 4600 228 3417 350 53 782 143 395 2729 363 0
218 0
219 0
220 1
221 -1 -1 423 8 0 14 0 1 5 0 0 0 12 1
222 -1 -1 422 8 0 9 40 10 4 3 0 0 2 211 2201 -4609 -4918 -5821 5 0
223 0
224 1
225 -1 -1 843 8 0 4 0 0 2 0 4 21 0 1
226 -1 -1 842 8 0 1 0 0 44 0 20 0 0 421 4262 4534 -3349 1426 289 0
227 0
228 1
229 -1 -1 1683 8 0 23 0 1 37 0 7 0 0 1
230 -1 -1 1682 8 0 14 0 1 3 0 0 0 3 841 -4704 1573 3294 -871 44 0
231 1
232 -1 -1 1681 8 0 9 13 1 3 0 0 1 0 1
233 -1 -1 1680 8 0 43 1 1 0 0 10 0 0 840 591 -1569 819 -5376 7 420 -2781 1465 -4721 -3192 7 210 3294 4331 20 -362 93 105 -977 -3160 -4639 -7426 347 0
234 0
235 0
236 0
237 1
238 -1 -1 1679 8 0 1 11 0 1 0 10 0 2 0
239 1
240 -1 -1 3357 8 0 0 0 4 1 0 0 0 0 1
241 -1 -1 3356 8 0 0 66 4 0 3 0 0 1 1678 -1258 -2663 2659 -5012 283 839 3111 -3561 -1996 1212 9 0
242 1
243 -1 -1 1677 8 0 2 5 0 0 47 0 0 0 0
244 1
245 -1 -1 3353 8 0 1 0 0 0 28 0 13 33 1
246 -1 -1 3352 8 0 1 5 38 13 7 0 15 13 1676 1075 -6315 -3674 -6623 313 838 -3079 6361 2975 3747 316 419 4845 4045 -1141 -989 12 0
247 1
248 -1 -1 837 8 0 1 29 5 0 0 0 6 4 0
249 0
250 1
251 -1 -1 3347 8 0 2 1 0 22 2 8 1 81 1
252 -1 -1 3346 8 0 0 1 6 13 27 5 5 9 1673 4670 -6321 -3624 6961 4 0
253 1
254 -1 -1 3345 8 0 2 0 0 10 2 60 1 6 1
255 -1 -1 3344 8 0 4 14 3 57 3 14 2 35 1672 -1031 251 3274 1656 339 836 -4429 3392 -1360 1948 2 418 3416 1483 354 -5438 296 209 1714 -7392 -3902 -2451 194 0
256 0
257 0
258 1
259 -1 -1 1671 8 0 0 0 6 0 34 0 7 22 1
260 -1 -1 1670 8 0 2 27 0 1 0 0 0 29 835 -1834 -6028 316 -2454 7 0
261 1
262 -1 -1 1669 8 0 3 48 0 7 0 0 0 2 0
263 1
264 -1 -1 3337 8 0 0 25 4 0 0 0 0 0 1
265 -1 -1 3336 8 0 3 14 9 15 4 8 89 0 1668 2011 3614 -3896 5772 364 834 -4906 -2904 4855 3538 116 417 821 -1339 -3283 2987 354 0
266 0
267 1
268 -1 -1 1667 8 0 1 0 4 1 0 0 49 14 0
269 1
270 -1 -1 3333 8 0 5 1 5 19 1 18 14 13 1
271 -1 -1 3332 8 0 11 2 11 59 9 5 0 1 1666 -1800 -4676 3347 -361 14 833 3062 -3181 2766 -1229 38 0
272 0
273 1
274 -1 -1 3331 8 0 0 4 0 13 0 0 8 18 1
275 -1 -1 3330 8 0 4 82 23 10 2 1 5 15 1665 2430 -2744 -2267 -7847 6 0
276 1
277 -1 -1 3329 8 0 10 19 47 23 4 14 3 31 1
278 -1 -1 3328 8 0 4 34 338 12 9 8 33 9 1664 2458 7288 2035 1260 5 832 4675 2981 1620 -2391 227 416 4505 -2808 -4297 7735 3 208 -611 -668 589 7223 300 104 2003 -6552 738 7014 260 52 -936 -506 1083 3614 394 26 4792 -5149 -3098 1422 281 13 4087 -1781 -465 4993 312 0
279 0
280 0
281 0
282 0
283 1
284 -1 -1 415 8 0 5 9 0 2 0 0 0 4 0
285 1
286 -1 -1 829 8 0 8 1 2 2 15 0 36 0 1
287 -1 -1 828 8 0 1 4 3 1 48 4 0 0 414 1348 732 -4974 2895 400 207 2515 -5405 -911 6285 3 1
288 -1 -1 206 8 0 49 7 0 1 0 0 0 3 103 2322 -249 1238 -416 1 0
289 0
290 1
291 -1 -1 411 8 0 1 34 27 0 0 0 0 0 1
292 -1 -1 410 8 0 22 0 31 0 1 0 1 0 205 2393 2605 4391 -1150 3 0
293 0
294 1
295 -1 -1 819 8 0 1 36 8 4 0 0 0 13 1
296 -1 -1 818 8 0 3 4 0 2 0 4 9 35 409 42 -285 4464 -762 396 0
297 1
298 -1 -1 817 8 0 6 0 0 0 8 1 0 0 0
299 1
300 -1 -1 1633 8 0 5 0 2 0 0 0 0 0 0
301 1
302 -1 -1 3265 8 0 8 16 0 0 0 0 0 0 1
303 -1 -1 3264 8 0 0 58 0 0 0 0 0 0 1632 -524 -733 -4899 1640 399 816 -2579 1129 -3692 2291 1 408 4678 -2954 -3145 1396 3 204 1432 3221 -4972 -419 2 102 -996 6962 -4311 2077 58 51 1791 246 3353 6117 12 0
304 0
305 0
306 0
307 1
308 -1 -1 815 8 0 0 0 0 0 0 1 0 4 1
309 -1 -1 814 8 0 3 0 0 14 0 48 0 0 407 1280 238 4823 -7109 77 1
310 -1 -1 406 8 0 4 0 0 2 0 0 0 9 203 2472 -1132 3624 -5066 2 0
311 1
312 -1 -1 405 8 0 20 1 0 13 0 10 0 13 0
313 0
314 0
315 1
316 -1 -1 3239 8 0 10 0 0 4 0 0 0 0 1
317 -1 -1 3238 8 0 68 0 0 0 0 0 0 0 1619 -1177 -3460 -1009 7366 80 1
318 -1 -1 1618 8 0 0 0 2 0 0 0 0 0 809 94 2282 469 2971 0 1
319 -1 -1 808 8 0 10 1 0 4 0 0 0 7 404 4879 -2897 -2232 -661 5 202 514 1702 3339 -417 1 101 3955 2008 3965 -4062 6 0
320 1
321 -1 -1 201 8 0 24 0 0 2 19 0 0 8 0
322 1
323 -1 -1 401 8 0 0 7 13 2 0 0 0 0 0
324 1
325 -1 -1 801 8 0 8 6 0 9 1 1 1 11 1
326 -1 -1 800 8 0 20 1 1 1 0 4 15 1 400 3936 3095 -3265 391 12 200 -4153 -2686 868 -3585 114 100 3559 -4352 -229 -6441 397 50 3025 -4366 -1974 92 376 25 426 -675 4007 -3958 133 0
327 0
328 0
329 0
330 1
331 -1 -1 399 8 0 0 0 1 0 22 0 0 12 0
332 1
333 -1 -1 797 8 0 1 11 4 1 0 1 7 0 0
334 1
335 -1 -1 1593 8 0 0 0 7 0 11 0 0 0 0
336 1
337 -1 -1 3185 8 0 0 0 0 2 0 0 1 1 1
338 -1 -1 3184 8 0 0 0 130 1 1 0 0 0 1592 -1648 -6528 580 5764 229 796 1322 2973 -1271 3169 346 398 2057 684 -2337 -2924 355 199 4799 -6754 -4139 -3178 332 0
339 0
340 0
341 1
342 -1 -1 1591 8 0 0 0 31 1 1 0 1 8 0
343 1
344 -1 -1 3181 8 0 0 6 1 8 1 4 28 0 1
345 -1 -1 3180 8 0 0 18 19 4 29 0 7 3 1590 2182 7433 -3611 5454 391 795 -3018 7992 -4512 -6969 256 0
346 1
347 -1 -1 1589 8 0 0 0 0 3 1 0 4 19 0
348 1
349 -1 -1 3177 8 0 0 1 9 4 18 2 8 0 1
350 -1 -1 3176 8 0 2 3 1 5 200 2 1 4 1588 -268 3002 -3227 7590 253 794 4947 -4254 963 6254 34 397 1370 6993 255 608 50 0
351 0
352 1
353 -1 -1 1587 8 0 1 4 1 0 0 0 0 12 0
354 1
355 -1 -1 3173 8 0 0 0 0 1 26 0 3 0 1
356 -1 -1 3172 8 0 2 6 0 30 12 4 2 3 1586 -369 73 -4457 -1898 282 793 1964 2638 3827 6093 249 0
357 1
358 -1 -1 1585 8 0 0 4 11 7 4 5 7 0 0
359 1
360 -1 -1 3169 8 0 0 0 0 4 3 0 9 8 1
361 -1 -1 3168 8 0 3 136 4 3 0 0 1 10 1584 2936 1087 -1567 -6675 268 792 260 -5413 -4941 6078 209 396 2157 -6691 -2060 2851 6 198 1362 6010 -4516 -1625 245 99 2722 -327 4627 -3379 296 0
362 0
363 0
364 0
365 0
366 1
367 -1 -1 3167 8 0 4 5 35 20 59 2 18 0 1
368 -1 -1 3166 8 0 2 7 2 41 3 1 7 55 1583 1876 -250 -999 2847 280 0
369 1
370 -1 -1 3165 8 0 3 15 2 12 30 0 7 0 1
371 -1 -1 3164 8 0 1 0 3 0 127 0 3 0 1582 671 -1393 -2426 7127 234 791 4429 -1537 1017 3566 244 0
372 0
373 1
374 -1 -1 3163 8 0 1 3 3 9 18 3 194 0 1
375 -1 -1 3162 8 0 0 34 4 33 30 8 65 9 1581 4438 394 -880 -404 23 0
376 1
377 -1 -1 3161 8 0 3 4 15 47 213 0 223 14 1
378 -1 -1 3160 8 0 2 4 110 24 117 5 33 0 1580 -105 -4249 -549 7552 203 790 4770 -3120 -3287 3574 254 395 -4861 -2331 2991 5651 225 0
379 0
380 0
381 1
382 -1 -1 3159 8 0 0 6 107 0 0 0 59 0 1
383 -1 -1 3158 8 0 0 1 1 2 0 0 36 0 1579 1565 -6742 -488 4845 285 0
384 1
385 -1 -1 3157 8 0 0 26 3 0 40 0 77 9 1
386 -1 -1 3156 8 0 0 117 62 3 16 0 28 1 1578 1702 -4478 11 3891 250 789 467 -7098 -4538 972 267 0
387 0
388 1
389 -1 -1 3155 8 0 0 4 14 16 2 2 2 54 1
390 -1 -1 3154 8 0 1 32 18 1 0 0 0 3 1577 1339 -2032 4682 1805 234 0
391 1
392 -1 -1 3153 8 0 1 25 0 2 2 0 10 40 1
393 -1 -1 3152 8 0 0 28 46 2 142 3 59 16 1576 2652 3173 -722 6378 325 788 -4957 -421 2712 2225 183 394 191 -2822 -2351 -685 208 197 4400 -1524 -950 4090 2 0
394 0
395 0
396 1
397 -1 -1 1575 8 0 4 0 0 1 0 0 0 0 0
398 1
399 -1 -1 3149 8 0 1 0 0 0 0 0 0 0 1
400 -1 -1 3148 8 0 0 0 0 0 0 0 0 97 1574 -3543 -139 -4320 2598 149 787 3025 1580 2754 8000 400 0
401 0
402 1
403 -1 -1 3147 8 0 0 68 0 0 0 0 0 0 1
404 -1 -1 3146 8 0 1 0 5 0 0 0 0 0 1573 1343 -1656 -995 6203 131 0
405 1
406 -1 -1 3145 8 0 0 2 0 4 0 1 17 0 1
407 -1 -1 3144 8 0 3 2 6 2 15 1 4 28 1572 -4829 566 -1726 -2081 31 786 1385 -1267 181 6898 314 393 1868 -207 -432 -5011 369 0
408 0
409 1
410 -1 -1 1571 8 0 2 0 0 1 36 0 0 2 0
411 1
412 -1 -1 3141 8 0 4 15 3 3 118 0 515 0 1
413 -1 -1 3140 8 0 11 37 68 8 14 3 298 5 1570 3017 -2672 4387 4344 233 785 -1903 -7568 -3576 -3656 338 0
414 0
415 1
416 -1 -1 3139 8 0 0 3 60 5 7 0 18 25 1
417 -1 -1 3138 8 0 0 70 8 6 168 2 30 63 1569 4528 943 913 -7674 292 0
418 1
419 -1 -1 3137 8 0 2 10 116 5 68 1 43 81 1
420 -1 -1 3136 8 0 6 31 42 5 36 8 469 73 1568 3462 -4376 -1662 2659 172 784 4685 1955 -4757 -6981 246 392 165 18 4364 7726 262 196 4370 4665 -2794 7486 363 98 1998 -6466 -1872 6468 75 49 666 6807 -4000 3843 8 0
421 0
422 0
423 1
424 -1 -1 391 8 0 1 0 1 3 0 1 23 0 0
425 1
426 -1 -1 781 8 0 12 28 10 2 0 0 0 5 0
427 1
428 -1 -1 1561 8 0 6 0 1 4 0 0 3 0 0
429 1
430 -1 -1 3121 8 0 14 0 0 0 0 0 0 1 1
431 -1 -1 3120 8 0 8 3 0 0 0 0 0 63 1560 -897 -3715 -4437 2268 3 780 1473 4434 2352 -5625 51 390 -4956 6223 -2223 -1341 8 195 -1309 6877 -3735 7282 10 0
432 1
433 -1 -1 389 8 0 13 0 0 9 3 26 6 5 0
434 1
435 -1 -1 777 8 0 4 0 0 4 0 12 0 0 0
436 1
437 -1 -1 1553 8 0 9 0 1 1 0 4 0 0 0
438 1
439 -1 -1 3105 8 0 5 0 0 0 0 1 0 0 1
440 -1 -1 3104 8 0 76 0 0 0 0 0 0 0 1552 702 1603 -2528 -2338 233 776 598 7100 2964 -598 3 388 2977 1623 4616 -1124 23 194 -3123 2910 -2707 -6511 5 97 -3112 -333 -3963 -7049 272 0
441 0
442 0
443 0
444 1
445 -1 -1 1551 8 0 0 0 0 7 0 0 9 2 1
446 -1 -1 1550 8 0 0 0 62 0 0 0 0 1 775 658 5641 1983 -3893 360 0
447 0
448 1
449 -1 -1 3099 8 0 0 0 0 1 0 0 0 86 1
450 -1 -1 3098 8 0 1 0 0 2 0 0 0 0 1549 2348 437 1032 -4283 356 1
451 -1 -1 1548 8 0 0 3 3 0 0 1 8 2 774 3335 -1219 3450 4227 9 387 -4034 7285 1206 -3751 300 0
452 1
453 -1 -1 773 8 0 13 1 5 6 1 8 10 11 0
454 0
455 1
456 -1 -1 3091 8 0 0 0 0 0 0 0 1 32 1
457 -1 -1 3090 8 0 3 12 4 5 0 0 13 2 1545 4515 7212 2345 1974 81 0
458 1
459 -1 -1 3089 8 0 2 25 16 0 0 0 2 32 1
460 -1 -1 3088 8 0 0 239 13 7 12 8 8 8 1544 -3928 3688 4400 -739 353 772 4897 -2723 3930 6826 17 386 -4650 -693 2241 -7102 399 193 3242 468 -4505 3046 341 0
461 0
462 0
463 0
464 1
465 -1 -1 3087 8 0 1 10 14 6 1 0 21 0 1
466 -1 -1 3086 8 0 2 1 0 4 2 12 0 0 1543 3418 2205 -4407 -2525 0 0
467 1
468 -1 -1 3085 8 0 1 0 0 1 42 0 0 0 1
469 -1 -1 3084 8 0 3 46 11 17 31 2 11 152 1542 -4695 4331 2840 7440 398 771 1010 -3746 4723 -2120 354 0
470 0
471 1
472 -1 -1 3083 8 0 0 4 3 7 14 0 103 1 1
473 -1 -1 3082 8 0 4 94 28 25 10 1 57 3 1541 -373 -941 -3900 2155 251 0
474 1
475 -1 -1 3081 8 0 0 13 0 4 0 0 44 30 1
476 -1 -1 3080 8 0 3 16 87 46 42 6 116 33 1540 3533 5019 -1027 1782 338 770 -1300 -3339 3024 1888 231 385 781 -6631 3384 132 264 0
477 0
478 1
479 -1 -1 1539 8 0 0 13 3 2 0 7 34 0 0
480 1
481 -1 -1 3077 8 0 0 5 0 0 0 0 0 16 1
482 -1 -1 3076 8 0 7 63 0 2 0 9 1 1 1538 2691 -4485 -4828 -294 211 769 1938 292 1014 -2624 3 0
483 0
484 1
485 -1 -1 3075 8 0 0 4 2 2 0 0 38 3 1
486 -1 -1 3074 8 0 7 8 53 7 11 4 28 79 1537 780 -4303 -2726 5674 217 0
487 1
488 -1 -1 3073 8 0 2 32 102 51 80 36 63 54 1
489 -1 -1 3072 8 0 33 437 406 104 566 11 77 259 1536 -2491 -4602 -733 2769 227 768 4502 -3204 331 643 230 384 -4675 -7155 2070 -1320 390 192 -275 -4727 311 4797 212 96 753 231 2147 -5336 300 48 262 564 31 2372 399 24 1594 -617 -4091 7146 190 12 971 -314 -4808 499 388 6 -2035 -4605 -784 3452 259 3 -1302 -1104 -3985 4929 400 0
490 0
491 0
492 0
493 0
494 0
495 1
496 -1 -1 191 8 0 2 20 0 1 3 0 0 5 1
497 -1 -1 190 8 0 18 0 7 16 0 1 0 12 95 2413 -7096 -976 -720 292 0
498 0
499 1
500 -1 -1 379 8 0 37 7 0 6 0 1 0 1 1
501 -1 -1 378 8 0 18 39 3 0 0 0 0 0 189 -2193 3660 -4688 7962 1 0
502 1
503 -1 -1 377 8 0 2 0 0 3 0 0 0 0 0
504 1
505 -1 -1 753 8 0 2 0 0 0 0 0 0 0 0
506 1
507 -1 -1 1505 8 0 61 0 0 0 0 0 0 0 1
508 -1 -1 1504 8 0 40 0 0 0 0 0 0 0 752 -409 -3069 4445 -2387 250 376 2104 -6634 833 2976 295 188 -4394 6589 2264 -7850 3 94 3081 -6351 1935 6384 178 47 -4965 5472 2587 -2798 7 0
509 0
510 0
511 0
512 1
513 -1 -1 751 8 0 0 0 7 0 43 0 0 10 1
514 -1 -1 750 8 0 1 16 0 0 0 0 0 18 375 -1307 7918 1218 6143 7 0
515 1
516 -1 -1 749 8 0 2 0 0 1 1 0 15 7 1
517 -1 -1 748 8 0 1 0 57 1 1 2 0 0 374 1451 7073 899 838 9 187 -2850 -4979 2659 6249 0 0
518 0
519 0
520 1
521 -1 -1 1495 8 0 4 13 0 9 0 0 0 40 1
522 -1 -1 1494 8 0 0 1 27 5 25 0 0 11 747 -4458 4435 3250 -7161 389 0
523 0
524 1
525 -1 -1 2987 8 0 1 12 0 5 0 0 0 0 1
526 -1 -1 2986 8 0 1 7 2 5 0 2 0 50 1493 -4876 -4303 4857 -2505 83 0
527 1
528 -1 -1 2985 8 0 3 0 3 2 4 0 0 4 1
529 -1 -1 2984 8 0 2 1 0 9 1 0 0 164 1492 2488 -4238 -2485 3789 4 746 -4866 -1472 4861 4903 388 373 -1737 5411 1270 6162 26 1
530 -1 -1 372 8 0 7 4 14 26 0 4 0 1 186 -302 -176 812 -7916 142 93 -1633 974 724 3681 4 0
531 0
532 1
533 -1 -1 371 8 0 5 0 5 7 4 0 0 23 0
534 1
535 -1 -1 741 8 0 6 0 0 0 0 0 0 7 1
536 -1 -1 740 8 0 12 0 0 2 17 2 32 0 370 1492 -5037 1105 1213 3 185 2603 206 3478 -2013 2 0
537 0
538 1
539 -1 -1 739 8 0 13 10 2 0 13 0 0 0 0
540 1
541 -1 -1 1477 8 0 7 2 0 0 0 0 0 0 0
542 1
543 -1 -1 2953 8 0 0 0 0 6 0 0 13 0 1
544 -1 -1 2952 8 0 2 2 3 6 0 0 6 59 1476 -1408 -3323 -2550 -3686 8 738 -3863 4545 1986 5639 0 369 4754 -2299 1313 7456 0 0
545 0
546 0
547 1
548 -1 -1 2951 8 0 2 40 0 6 0 0 0 0 1
549 -1 -1 2950 8 0 0 20 18 0 0 0 0 0 1475 703 3001 4515 5416 196 0
550 1
551 -1 -1 2949 8 0 4 6 25 0 0 0 1 0 1
552 -1 -1 2948 8 0 69 21 13 13 0 1 2 0 1474 -1771 -774 -2078 2214 24 737 725 5933 -2563 6002 17 0
553 1
554 -1 -1 1473 8 0 7 0 7 9 2 0 9 0 0
555 1
556 -1 -1 2945 8 0 5 10 6 0 0 0 0 0 1
557 -1 -1 2944 8 0 4 30 0 7 2 0 0 46 1472 -4867 -5363 1650 -5386 1 736 -107 -1441 -3381 975 5 368 687 1515 -4809 3570 13 184 818 5750 -4335 7867 315 92 3353 -1089 -3571 -2775 9 46 -1769 5031 -498 1698 1 23 2350 -7045 828 6320 7 0
558 0
559 0
560 0
561 1
562 -1 -1 367 8 0 0 0 0 0 0 1 0 25 1
563 -1 -1 366 8 0 0 46 0 0 0 0 0 9 183 -3330 6535 -4861 -5623 336 0
564 1
565 -1 -1 365 8 0 0 22 4 1 5 0 1 0 1
566 -1 -1 364 8 0 1 1 17 13 6 0 0 5 182 3937 5153 -4036 -1340 36 91 -1127 -2859 1195 1476 143 0
567 0
568 1
569 -1 -1 363 8 0 0 2 0 0 0 11 0 0 0
570 1
571 -1 -1 725 8 0 1 3 0 5 0 2 0 2 0
572 1
573 -1 -1 1449 8 0 0 0 0 1 0 0 0 0 0
574 1
575 -1 -1 2897 8 0 0 0 0 0 0 0 0 41 1
576 -1 -1 2896 8 0 0 0 0 0 0 0 0 160 1448 -2604 2163 3284 2527 357 724 -3590 -6946 93 -4911 25 362 -176 2130 -2689 4871 2 181 2134 1981 26 -2272 366 0
577 1
578 -1 -1 361 8 0 0 23 0 1 0 0 0 2 0
579 0
580 1
581 -1 -1 1443 8 0 0 0 0 3 0 0 0 64 1
582 -1 -1 1442 8 0 0 1 0 3 0 0 0 0 721 -118 835 -3638 -5878 259 1
583 -1 -1 720 8 0 0 5 1 18 9 0 5 11 360 2852 -5827 -2714 -4382 361 180 -1058 -5924 855 762 382 90 4728 -6154 1365 5878 367 45 482 -1631 -911 37 6 0
584 0
585 0
586 1
587 -1 -1 359 8 0 2 0 1 0 3 24 0 0 1
588 -1 -1 358 8 0 11 7 0 17 8 5 0 0 179 4753 2127 -4803 -2452 66 0
589 1
590 -1 -1 357 8 0 4 6 0 4 0 2 1 20 0
591 1
592 -1 -1 713 8 0 29 0 4 3 2 0 0 2 1
593 -1 -1 712 8 0 14 0 0 14 0 1 0 12 356 -392 3552 782 6200 1 178 -1089 6678 -1947 4784 8 89 4417 6427 1955 -3861 1 0
594 0
595 0
596 0
597 1
598 -1 -1 1423 8 0 0 37 0 0 0 0 0 3 0
599 1
600 -1 -1 2845 8 0 0 0 0 3 0 2 2 44 1
601 -1 -1 2844 8 0 4 9 0 15 11 1 0 2 1422 3335 7151 -3680 5490 75 711 4888 7071 -217 7648 370 0
602 0
603 1
604 -1 -1 2843 8 0 0 87 17 11 1 0 5 0 1
605 -1 -1 2842 8 0 0 15 103 12 1 0 10 0 1421 -4420 7936 3446 -3513 257 0
606 1
607 -1 -1 2841 8 0 0 34 0 7 0 0 0 23 1
608 -1 -1 2840 8 0 1 58 6 11 4 0 4 0 1420 -935 -1065 -2411 -3504 22 710 3693 7214 -767 2855 8 355 3984 7646 2690 -3045 342 0
609 0
610 1
611 -1 -1 1419 8 0 0 0 4 0 1 0 31 1 0
612 1
613 -1 -1 2837 8 0 0 78 4 10 0 2 0 6 1
614 -1 -1 2836 8 0 0 6 43 10 0 2 1 7 1418 -4811 87 -420 -3214 9 709 2571 4399 -127 6753 266 0
615 1
616 -1 -1 1417 8 0 0 0 0 1 0 0 33 4 0
617 1
618 -1 -1 2833 8 0 0 26 29 23 0 0 2 313 1
619 -1 -1 2832 8 0 0 55 56 9 1 0 19 41 1416 -3962 6230 -3379 -4982 6 708 -52 715 -4524 -3905 381 354 4585 7759 1499 -725 4 177 2042 7994 3334 -6255 245 0
620 0
621 0
622 1
623 -1 -1 1415 8 0 0 0 6 0 38 0 0 0 0
624 1
625 -1 -1 2829 8 0 0 9 24 1 14 0 3 13 1
626 -1 -1 2828 8 0 0 31 0 2 2 0 8 2 1414 1953 7152 -1566 -3006 262 707 418 2183 3581 -7538 340 0
627 1
628 -1 -1 1413 8 0 1 0 0 15 18 0 0 10 0
629 1
630 -1 -1 2825 8 0 0 44 41 32 50 0 84 19 1
631 -1 -1 2824 8 0 0 57 12 8 23 0 264 14 1412 1131 -4081 -4472 -7899 2 706 1996 -7026 -792 -2030 345 353 152 6572 1644 3373 1 0
632 0
633 0
634 1
635 -1 -1 2823 8 0 2 0 5 0 0 2 2 33 1
636 -1 -1 2822 8 0 0 1 8 7 0 0 119 27 1411 -776 3575 3160 -2604 392 1
637 -1 -1 1410 8 0 0 7 3 2 41 3 8 4 705 813 692 -4453 -2459 301 0
638 0
639 1
640 -1 -1 2819 8 0 4 7 0 1 1 2 24 12 1
641 -1 -1 2818 8 0 1 47 183 14 10 0 7 55 1409 2734 -1324 -4396 -2084 364 0
642 1
643 -1 -1 2817 8 0 0 10 113 29 16 0 17 8 1
644 -1 -1 2816 8 0 4 393 152 55 127 7 70 57 1408 -2882 428 733 1736 2 704 949 2978 -4789 1177 269 352 -3909 5346 -1782 -5274 313 176 1127 2344 -1418 7449 245 88 -2764 207 2161 -7151 229 44 87 -861 4088 3019 399 22 686 -7128 -940 1017 249 11 37 1517 4421 1264 393 0
645 0
646 0
647 0
648 1
649 -1 -1 175 8 0 13 1 0 1 0 0 0 1 0
650 1
651 -1 -1 349 8 0 0 0 0 0 0 0 0 10 0
652 1
653 -1 -1 697 8 0 0 0 0 15 0 1 6 0 0
654 1
655 -1 -1 1393 8 0 0 0 1 3 0 1 0 3 0
656 1
657 -1 -1 2785 8 0 0 0 0 0 0 0 57 0 1
658 -1 -1 2784 8 0 0 0 0 5 0 1 20 0 1392 -1283 -7607 3325 -1798 360 696 4614 7201 -2479 -7421 336 348 -4440 6647 -449 6226 376 174 -2941 3096 -3482 -100 31 87 3588 6154 -1265 -5931 395 0
659 0
660 0
661 1
662 -1 -1 695 8 0 1 0 0 1 19 0 0 0 1
663 -1 -1 694 8 0 7 0 0 6 0 6 0 41 347 277 7849 -299 -2921 4 0
664 1
665 -1 -1 693 8 0 3 0 1 5 2 2 35 0 1
666 -1 -1 692 8 0 13 2 15 8 5 10 0 3 346 -2937 245 1472 -5337 16 173 -2446 4934 -103 6293 12 0
667 1
668 -1 -1 345 8 0 0 7 5 23 0 6 1 22 0
669 0
670 0
671 1
672 -1 -1 2759 8 0 1 0 1 1 0 16 12 0 1
673 -1 -1 2758 8 0 2 0 0 14 0 109 0 1 1379 3751 -3177 2682 -4493 10 0
674 1
675 -1 -1 2757 8 0 5 0 0 84 0 112 0 0 1
676 -1 -1 2756 8 0 11 0 40 39 5 77 1 2 1378 -1613 7886 -2585 3262 12 689 -2941 7889 -3621 1371 36 0
677 1
678 -1 -1 1377 8 0 1 16 0 5 0 6 0 1 1
679 -1 -1 1376 8 0 5 0 30 8 0 13 0 0 688 -707 -3377 4329 -4693 335 344 -3674 -418 -3971 -7661 2 172 -861 5333 -719 -7870 196 86 -4741 2883 -1583 6166 4 43 4140 6867 -1256 -6806 288 0
680 0
681 0
682 0
683 1
684 -1 -1 687 8 0 1 0 0 1 22 0 0 7 1
685 -1 -1 686 8 0 8 0 0 0 0 4 3 29 343 1896 4327 -3348 2856 208 0
686 0
687 1
688 -1 -1 1371 8 0 1 0 0 1 0 0 0 7 0
689 1
690 -1 -1 2741 8 0 0 0 0 3 0 0 0 0 1
691 -1 -1 2740 8 0 2 0 0 1 0 98 0 0 1370 1438 5022 555 -1216 195 685 1599 -2183 -4983 -7032 20 1
692 -1 -1 684 8 0 0 0 0 0 0 0 0 20 342 2914 -2031 4909 4572 0 171 4925 2915 -3604 7133 0 0
693 0
694 1
695 -1 -1 683 8 0 1 12 15 1 0 0 0 0 0
696 1
697 -1 -1 1365 8 0 2 0 0 1 0 0 0 0 1
698 -1 -1 1364 8 0 0 0 0 0 0 5 0 62 682 100 4934 -2740 -4401 16 341 -1352 6921 3922 5220 251 0
699 0
700 1
701 -1 -1 1363 8 0 1 0 0 0 1 23 0 0 0
702 1
703 -1 -1 2725 8 0 2 45 0 0 0 0 0 0 1
704 -1 -1 2724 8 0 5 8 0 0 0 21 0 0 1362 -956 2993 1666 7594 103 681 4395 4408 3422 113 6 0
705 1
706 -1 -1 1361 8 0 11 0 0 8 0 26 0 21 1
707 -1 -1 1360 8 0 6 37 1 9 0 3 0 9 680 -2940 4255 -2445 7690 1 340 -2179 -1561 -1577 2789 375 170 -2257 7276 -805 2332 26 85 -1426 220 -2209 5559 28 0
708 0
709 0
710 0
711 0
712 1
713 -1 -1 2719 8 0 2 0 0 0 0 0 0 0 1
714 -1 -1 2718 8 0 0 60 0 9 0 0 0 0 1359 -3617 -87 -3717 7477 400 1
715 -1 -1 1358 8 0 1 7 0 1 0 7 0 0 679 -1058 2307 3580 -5544 0 0
716 1
717 -1 -1 1357 8 0 2 0 2 4 0 1 0 12 1
718 -1 -1 1356 8 0 0 11 3 15 0 22 0 0 678 -703 3030 -1854 7205 241 339 -3747 2046 3882 -3087 34 1
719 -1 -1 338 8 0 22 2 0 12 2 12 11 1 169 -4283 4362 -4304 966 0 0
720 0
721 1
722 -1 -1 675 8 0 20 1 0 8 0 22 0 0 1
723 -1 -1 674 8 0 19 0 0 18 2 1 1 0 337 2569 -5990 -1556 -7682 8 0
724 1
725 -1 -1 673 8 0 3 0 0 2 0 5 0 11 0
726 1
727 -1 -1 1345 8 0 13 0 0 8 0 4 0 0 0
728 1
729 -1 -1 2689 8 0 1 0 0 6 0 0 0 0 1
730 -1 -1 2688 8 0 184 0 0 5 0 0 0 3 1344 4724 -6723 -2951 -7857 113 672 3973 -3804 756 -4737 9 336 391 -5569 -1180 -476 20 168 1182 2285 -1804 1452 11 84 -1901 1682 105 -4440 1 42 -4688 -5315 -3167 1 23 21 -4823 3106 -4096 -5029 4 0
731 0
732 0
733 0
734 1
735 -1 -1 335 8 0 1 0 0 0 0 0 0 15 0
736 1
737 -1 -1 669 8 0 0 12 0 7 0 2 0 0 0
738 1
739 -1 -1 1337 8 0 0 0 0 2 25 1 1 0 1
740 -1 -1 1336 8 0 0 0 0 4 4 0 33 0 668 -3906 5443 -644 102 46 334 -4144 -7391 573 1723 88 167 1288 -4626 4591 -7507 394 0
741 0
742 1
743 -1 -1 667 8 0 1 4 0 3 0 0 0 0 0
744 0
745 1
746 -1 -1 2667 8 0 0 0 0 1 0 0 0 5 1
747 -1 -1 2666 8 0 0 0 0 0 0 0 0 113 1333 -2806 -5447 -142 -3601 284 1
748 -1 -1 1332 8 0 0 2 0 3 0 1 0 2 666 540 827 3580 3866 200 333 -3621 -1341 3111 5837 388 0
749 1
750 -1 -1 665 8 0 0 0 9 0 8 0 3 0 1
751 -1 -1 664 8 0 3 6 0 12 3 2 1 33 332 -4135 7987 684 1033 119 166 -2819 419 -3629 -6104 21 83 -3179 -6343 4557 1839 350 0
752 0
753 0
754 1
755 -1 -1 663 8 0 6 0 0 12 0 27 9 0 0
756 1
757 -1 -1 1325 8 0 2 0 0 3 0 1 0 43 1
758 -1 -1 1324 8 0 1 0 0 10 0 7 0 3 662 -1952 -5359 2095 -1998 12 331 -2267 2150 -4195 -3328 10 0
759 1
760 -1 -1 661 8 0 1 3 0 4 7 0 0 3 0
761 0
762 1
763 -1 -1 2643 8 0 4 0 0 0 0 0 0 0 1
764 -1 -1 2642 8 0 0 2 1 20 0 59 0 1 1321 706 6714 2887 7787 364 1
765 -1 -1 1320 8 0 1 0 0 34 0 9 0 4 660 -3888 -5867 217 5723 6 330 -391 2247 -4098 -4001 238 165 -2343 -361 4015 -1599 359 0
766 0
767 0
768 1
769 -1 -1 1319 8 0 1 0 13 37 3 5 5 1 1
770 -1 -1 1318 8 0 4 25 2 31 0 3 0 0 659 -3925 3344 -4126 -3627 11 0
771 1
772 -1 -1 1317 8 0 30 6 0 6 0 2 0 6 1
773 -1 -1 1316 8 0 12 0 5 7 3 25 0 0 658 -2395 -6946 2348 27 13 329 -4194 4707 -4644 -3087 0 0
774 0
775 0
776 1
777 -1 -1 2631 8 0 1 0 0 7 1 13 6 9 1
778 -1 -1 2630 8 0 8 2 0 21 32 7 0 0 1315 -2968 7467 -194 7523 293 0
779 1
780 -1 -1 2629 8 0 0 3 0 6 19 1 1 1 1
781 -1 -1 2628 8 0 0 0 0 9 13 6 56 0 1314 -2017 5875 2433 1453 5 657 -835 -7342 -3564 -5122 1 0
782 1
783 -1 -1 1313 8 0 0 17 0 28 4 3 9 1 0
784 1
785 -1 -1 2625 8 0 2 2 8 2 26 3 0 1 1
786 -1 -1 2624 8 0 4 5 9 27 0 2 2 55 1312 2019 -467 813 6312 386 656 -4459 7665 1401 29 29 328 327 -7647 2192 7792 339 164 -4973 -6735 4058 4734 368 82 1902 -7380 4981 -2302 37 41 -2971 3488 -597 2217 12 0
787 0
788 0
789 0
790 1
791 -1 -1 655 8 0 1 7 0 0 0 1 1 3 0
792 0
793 1
794 -1 -1 2619 8 0 2 0 0 0 0 0 0 0 1
795 -1 -1 2618 8 0 0 1 0 0 0 0 0 80 1309 -1112 -1220 3789 23 360 1
796 -1 -1 1308 8 0 1 2 3 3 0 0 0 9 654 -4933 6614 4639 421 1 327 -2144 7197 22 -5913 25 1
797 -1 -1 326 8 0 2 5 33 0 3 1 0 1 163 -693 886 -723 6307 201 0
798 0
799 1
800 -1 -1 651 8 0 0 0 0 0 9 0 22 0 1
801 -1 -1 650 8 0 24 0 0 10 1 18 8 5 325 -1589 7383 -3305 -4651 252 0
802 0
803 1
804 -1 -1 1299 8 0 1 11 3 10 0 1 3 12 0
805 1
806 -1 -1 2597 8 0 0 57 0 1 0 0 1 1 1
807 -1 -1 2596 8 0 1 25 3 5 8 12 0 0 1298 4925 6839 -3732 2073 249 649 103 2342 3945 6944 256 0
808 0
809 1
810 -1 -1 2595 8 0 0 2 20 1 81 0 13 3 1
811 -1 -1 2594 8 0 0 4 2 6 9 0 67 0 1297 -401 2449 4945 -1549 229 0
812 1
813 -1 -1 2593 8 0 0 2 9 4 1 0 23 50 1
814 -1 -1 2592 8 0 6 181 236 74 161 11 120 57 1296 4402 7874 2446 -6629 355 648 3805 -7515 -1842 -3291 249 324 2779 -7057 -127 -619 45 162 -831 -200 318 4467 394 81 4875 7766 -2827 -3750 382 0
815 0
816 1
817 -1 -1 323 8 0 3 3 0 9 43 7 3 0 0
818 0
819 0
820 1
821 -1 -1 2583 8 0 0 0 0 0 0 20 0 0 1
822 -1 -1 2582 8 0 10 0 0 26 0 36 1 0 1291 -572 4700 -4574 -5397 60 1
823 -1 -1 1290 8 0 5 6 1 9 0 3 4 0 645 -4555 -757 2804 44 19 0
824 1
825 -1 -1 1289 8 0 0 0 0 8 0 5 0 0 0
826 1
827 -1 -1 2577 8 0 7 0 0 8 0 5 0 0 1
828 -1 -1 2576 8 0 50 0 1 7 0 0 0 0 1288 553 1934 668 -3107 12 644 3875 -5207 -1402 -709 173 322 425 7477 2778 1587 7 161 -4420 7927 -1618 4612 23 0
829 0
830 0
831 1
832 -1 -1 1287 8 0 4 0 0 1 0 1 0 59 1
833 -1 -1 1286 8 0 0 29 0 3 0 7 0 0 643 -3375 7416 -4216 -6340 65 0
834 1
835 -1 -1 1285 8 0 11 0 15 4 1 11 1 23 0
836 1
837 -1 -1 2569 8 0 4 7 0 3 1 2 11 0 1
838 -1 -1 2568 8 0 6 6 91 9 63 3 4 4 1284 3012 -1365 4934 2996 326 642 1239 3160 3241 -7302 342 321 819 -36 780 -6146 320 0
839 0
840 0
841 1
842 -1 -1 2567 8 0 0 78 76 18 4 16 13 20 1
843 -1 -1 2566 8 0 27 114 81 218 22 47 92 19 1283 540 -7095 -463 -121 171 0
844 1
845 -1 -1 2565 8 0 1 9 4 13 47 1 4 0 1
846 -1 -1 2564 8 0 8 13 63 42 16 3 19 4 1282 2608 -3602 -1779 2189 207 641 505 2476 4068 3059 224 0
847 0
848 1
849 -1 -1 2563 8 0 0 0 1 1 0 10 3 4 1
850 -1 -1 2562 8 0 5 155 1 82 5 5 3 18 1281 3787 -573 3237 -4117 347 0
851 1
852 -1 -1 2561 8 0 3 119 32 47 13 23 0 29 1
853 -1 -1 2560 8 0 9 12 50 101 15 40 4 59 1280 3191 7383 -4410 3569 0 640 -1933 -782 2964 -5155 215 320 1889 -330 -4828 1440 0 160 -3256 5420 3625 1450 399 80 -359 -1756 3397 3060 388 40 -733 493 96 5191 169 20 -3507 1847 2376 5883 298 10 1213 -2096 4500 1624 400 5 1087 1007 -4126 -7713 146 0
854 0
855 0
856 0
857 0
858 0
859 0
860 1
861 -1 -1 639 8 0 0 0 0 4 0 2 0 10 0
862 0
863 1
864 -1 -1 2555 8 0 0 63 2 0 0 0 0 0 1
865 -1 -1 2554 8 0 0 0 7 0 0 0 0 0 1277 1978 3683 -4374 -6433 273 1
866 -1 -1 1276 8 0 0 0 12 0 0 2 0 0 638 613 1993 3760 -3578 333 319 2219 -3057 4485 -3628 150 0
867 0
868 1
869 -1 -1 1275 8 0 1 7 1 0 0 0 0 0 0
870 1
871 -1 -1 2549 8 0 0 5 0 0 1 0 0 4 1
872 -1 -1 2548 8 0 3 1 0 0 0 0 0 123 1274 4258 7914 758 4542 19 637 -4049 6347 -4071 1226 370 1
873 -1 -1 636 8 0 4 8 1 8 0 0 2 4 318 596 3693 -1439 6226 23 159 3746 7857 1337 -623 29 0
874 0
875 1
876 -1 -1 635 8 0 18 0 24 3 0 0 0 0 0
877 0
878 1
879 -1 -1 2539 8 0 2 23 0 2 0 0 0 0 1
880 -1 -1 2538 8 0 9 5 0 19 0 0 0 43 1269 3943 -1450 -2856 1277 4 0
881 1
882 -1 -1 2537 8 0 0 66 0 4 0 0 0 0 1
883 -1 -1 2536 8 0 4 2 6 7 0 1 0 0 1268 3270 2165 316 -614 19 634 991 5346 -3749 -4936 379 317 1978 7474 727 -293 330 0
884 0
885 1
886 -1 -1 1267 8 0 6 0 0 15 0 3 0 8 1
887 -1 -1 1266 8 0 0 0 0 16 0 31 0 3 633 -4495 5045 970 -6217 363 1
888 -1 -1 632 8 0 4 1 24 18 0 5 0 4 316 -309 6948 132 -6598 63 158 386 6164 -4933 -6852 372 79 2669 3229 -3749 3310 283 0
889 0
890 0
891 1
892 -1 -1 631 8 0 4 0 0 6 0 5 0 0 0
893 1
894 -1 -1 1261 8 0 1 0 0 0 4 0 0 0 0
895 1
896 -1 -1 2521 8 0 5 0 0 2 0 0 0 0 1
897 -1 -1 2520 8 0 0 0 0 7 0 0 88 0 1260 3718 6001 368 -2436 136 630 144 7664 3461 2608 14 315 -387 -1603 -3712 611 363 0
898 1
899 -1 -1 629 8 0 5 6 0 11 4 41 0 1 0
900 1
901 -1 -1 1257 8 0 10 0 0 4 21 3 1 0 1
902 -1 -1 1256 8 0 11 0 0 30 0 2 4 0 628 198 -6617 2565 -534 0 314 1287 2982 4129 -5957 28 157 2639 2739 692 760 11 0
903 0
904 1
905 -1 -1 627 8 0 28 0 1 26 0 3 1 0 1
906 -1 -1 626 8 0 6 0 0 0 0 1 19 0 313 4518 1642 -4664 -3799 3 0
907 0
908 0
909 1
910 -1 -1 2503 8 0 2 0 6 3 13 27 0 0 1
911 -1 -1 2502 8 0 11 0 0 63 7 13 2 6 1251 2905 6866 -4831 6469 34 0
912 1
913 -1 -1 2501 8 0 0 0 10 27 0 15 0 0 1
914 -1 -1 2500 8 0 3 7 2 106 0 0 0 0 1250 -2947 4888 -1124 178 4 625 3863 -5868 -3794 -6922 396 0
915 1
916 -1 -1 1249 8 0 0 5 1 0 0 0 0 12 0
917 1
918 -1 -1 2497 8 0 0 7 4 38 0 3 2 0 1
919 -1 -1 2496 8 0 2 0 44 12 0 5 0 0 1248 1993 1620 3418 -5886 22 624 3205 -7894 -1160 749 163 312 4017 -4144 -4379 -5360 2 156 -2930 4931 -3296 -1993 369 78 3860 4538 -4993 6737 397 39 -3986 -6820 4312 -2838 0 0
920 0
921 0
922 0
923 1
924 -1 -1 623 8 0 12 2 5 7 0 7 0 1 1
925 -1 -1 622 8 0 0 0 53 1 0 0 0 0 311 1263 3622 4097 -2284 354 0
926 0
927 0
928 1
929 -1 -1 2487 8 0 0 6 0 5 6 0 0 0 1
930 -1 -1 2486 8 0 1 183 0 1 0 2 0 0 1243 -4842 -2251 -875 -2269 14 1
931 -1 -1 1242 8 0 2 9 3 5 0 5 0 0 621 -1069 7767 521 814 28 1
932 -1 -1 620 8 0 0 12 37 2 1 3 1 2 310 -665 7991 3132 -5312 338 155 -3047 4028 3639 -2700 377 0
933 0
934 1
935 -1 -1 619 8 0 3 0 3 1 2 0 0 22 0
936 0
937 1
938 -1 -1 2475 8 0 0 0 3 1 1 0 0 0 1
939 -1 -1 2474 8 0 0 0 106 0 0 0 0 0 1237 674 5514 -1853 254 390 0
940 1
941 -1 -1 2473 8 0 0 4 55 1 0 0 0 6 1
942 -1 -1 2472 8 0 1 0 4 1 2 0 0 11 1236 3995 6004 -1798 -4645 361 618 -483 4601 -3154 5153 20 309 -3565 6709 -959 -565 228 0
943 0
944 1
945 -1 -1 1235 8 0 1 1 1 1 0 1 0 31 1
946 -1 -1 1234 8 0 2 0 48 0 7 2 0 7 617 -3585 6344 3294 -3413 13 0
947 1
948 -1 -1 1233 8 0 6 15 3 8 2 0 31 0 1
949 -1 -1 1232 8 0 0 2 1 8 1 2 6 33 616 4272 7384 -413 -5071 395 308 395 5901 -3079 -2012 42 154 316 3553 -1604 -655 58 77 807 7585 4899 -3585 79 0
950 0
951 0
952 1
953 -1 -1 615 8 0 0 3 2 11 0 3 5 12 0
954 0
955 1
956 -1 -1 2459 8 0 0 17 3 2 2 0 0 0 1
957 -1 -1 2458 8 0 0 2 0 10 96 0 1 3 1229 4853 3496 -1091 -3531 331 1
958 -1 -1 1228 8 0 0 44 0 2 7 0 0 3 614 1685 6242 1726 -544 6 307 3754 4777 -4906 -5378 342 0
959 0
960 1
961 -1 -1 1227 8 0 0 0 0 0 0 0 14 4 0
962 1
963 -1 -1 2453 8 0 0 10 223 6 5 0 5 0 1
964 -1 -1 2452 8 0 0 3 33 10 18 0 2 0 1226 -2442 3385 765 -5425 280 613 -3263 2833 -1557 -7920 396 0
965 0
966 1
967 -1 -1 2451 8 0 1 0 4 10 2 0 55 0 1
968 -1 -1 2450 8 0 3 3 37 22 186 2 28 11 1225 2623 -6050 -2439 -139 291 0
969 1
970 -1 -1 2449 8 0 0 0 0 6 0 17 2 3 1
971 -1 -1 2448 8 0 1 9 123 7 23 2 27 1 1224 -2050 -4185 -3904 -7030 266 612 4868 -934 -873 -4553 1 306 -3486 2356 377 -6094 265 153 -3078 7564 -673 4065 26 0
972 0
973 0
974 1
975 -1 -1 1223 8 0 0 0 3 0 1 2 22 3 0
976 1
977 -1 -1 2445 8 0 0 0 18 0 0 0 12 0 1
978 -1 -1 2444 8 0 0 26 39 7 137 0 0 0 1222 4737 -3755 -2976 -1919 400 611 1490 4241 4441 535 347 0
979 0
980 1
981 -1 -1 2443 8 0 0 9 16 4 60 0 10 1 1
982 -1 -1 2442 8 0 1 3 51 14 0 1 1 0 1221 2975 -7190 -4496 2167 0 0
983 1
984 -1 -1 2441 8 0 0 3 18 21 0 0 6 98 1
985 -1 -1 2440 8 0 1 6 5 74 35 23 13 34 1220 4390 6110 4702 -370 199 610 -75 2037 2906 -3494 252 305 3725 3583 355 1216 31 0
986 0
987 0
988 1
989 -1 -1 2439 8 0 0 5 3 1 2 0 18 0 1
990 -1 -1 2438 8 0 0 5 25 36 22 0 1 2 1219 -4154 5072 1699 -7216 273 0
991 1
992 -1 -1 2437 8 0 2 5 1 20 14 3 5 1 1
993 -1 -1 2436 8 0 0 160 5 72 5 2 1 3 1218 -403 2831 -3404 -5734 241 609 2962 6155 -940 -4622 235 0
994 0
995 1
996 -1 -1 2435 8 0 1 6 15 23 2 26 0 27 1
997 -1 -1 2434 8 0 7 67 100 106 12 22 18 11 1217 -2326 7202 -2150 2115 28 0
998 1
999 -1 -1 2433 8 0 3 2 4 38 8 0 87 6 1
1000 -1 -1 2432 8 0 8 14 47 22 0 4 14 5 1216 4670 3645 -3958 -4181 37 608 1929 7180 2005 -2343 3 304 2128 -1231 -3953 -5357 87 152 4029 3290 -3870 -4593 243 76 3504 2177 -4537 -4254 290 38 3434 5837 -334 -5054 344 19 852 -889 -2670 -7211 326 0
1001 0
1002 0
1003 0
1004 0
1005 1
1006 -1 -1 607 8 0 10 0 0 8 20 3 26 1 0
1007 1
1008 -1 -1 1213 8 0 2 0 1 1 2 0 6 2 0
1009 1
1010 -1 -1 2425 8 0 0 4 4 3 0 0 0 0 1
1011 -1 -1 2424 8 0 0 74 0 3 0 0 0 0 1212 -3649 2436 846 320 343 606 4285 -2858 2096 7844 0 303 -2374 4216 2703 -7929 399 0
1012 0
1013 0
1014 1
1015 -1 -1 2423 8 0 0 0 68 1 27 1 0 0 1
1016 -1 -1 2422 8 0 0 0 3 0 64 0 0 0 1211 -1616 643 -2796 -3022 270 0
1017 1
1018 -1 -1 2421 8 0 0 33 10 12 8 0 0 0 1
1019 -1 -1 2420 8 0 0 2 58 5 2 2 0 0 1210 -1864 5339 1311 -6570 299 605 -757 864 -3772 4023 261 0
1020 1
1021 -1 -1 1209 8 0 1 6 0 10 0 0 0 14 0
1022 1
1023 -1 -1 2417 8 0 1 1 10 3 30 0 49 0 1
1024 -1 -1 2416 8 0 1 7 53 13 62 5 5 2 1208 4507 5618 -1585 7855 229 604 -3224 7442 1859 -5835 318 302 -1210 4517 -875 -7764 271 151 2909 5249 4314 -7842 378 0
1025 0
1026 1
1027 -1 -1 603 8 0 0 0 0 0 0 3 19 0 0
1028 1
1029 -1 -1 1205 8 0 9 0 0 7 4 11 0 10 1
1030 -1 -1 1204 8 0 3 0 0 0 0 1 0 56 602 -3332 6714 -1967 -1276 6 301 -3815 -5326 1727 4926 340 0
1031 1
1032 -1 -1 601 8 0 3 24 3 16 3 0 9 8 0
1033 1
1034 -1 -1 1201 8 0 4 0 1 5 0 4 0 11 0
1035 1
1036 -1 -1 2401 8 0 1 5 1 15 0 2 12 2 1
1037 -1 -1 2400 8 0 3 0 0 32 1 20 2 0 1200 -3767 -5828 4725 -5114 224 600 1762 87 2116 -7788 336 300 -2943 -5855 -978 -2135 5 150 3397 6166 -1479 -5495 378 75 -1306 152 -4385 -7312 151 0
1038 0
1039 0
1040 0
1041 0
1042 1
1043 -1 -1 2399 8 0 0 0 0 3 2 26 0 2 1
1044 -1 -1 2398 8 0 4 9 5 1 0 2 7 23 1199 -77 1088 4553 -6767 338 1
1045 -1 -1 1198 8 0 0 0 14 21 7 17 0 1 599 -3799 4380 3431 -7650 308 0
1046 0
1047 1
1048 -1 -1 2395 8 0 1 0 0 20 2 14 0 0 1
1049 -1 -1 2394 8 0 16 0 0 49 1 474 0 0 1197 3065 7896 -1457 -694 214 0
1050 1
1051 -1 -1 2393 8 0 9 0 0 39 14 124 0 1 1
1052 -1 -1 2392 8 0 10 0 4 66 2 49 7 0 1196 -144 4351 -3974 -6709 53 598 -1400 1017 155 -5793 33 299 -952 4474 1214 -7472 193 0
1053 0
1054 0
1055 1
1056 -1 -1 2391 8 0 6 0 0 10 0 71 0 0 1
1057 -1 -1 2390 8 0 0 0 0 23 0 22 0 0 1195 804 -6217 -4617 -136 392 0
1058 1
1059 -1 -1 2389 8 0 0 0 0 20 1 10 1 0 1
1060 -1 -1 2388 8 0 5 0 0 28 0 7 76 0 1194 -739 6556 434 -7323 33 597 552 2362 -4573 -2519 66 0
1061 0
1062 1
1063 -1 -1 2387 8 0 0 0 2 9 0 6 4 22 1
1064 -1 -1 2386 8 0 3 18 0 48 0 38 0 0 1193 3645 2767 -2002 4801 210 0
1065 1
1066 -1 -1 2385 8 0 18 0 1 148 0 61 25 1 1
1067 -1 -1 2384 8 0 32 0 37 129 19 46 3 2 1192 -699 7527 -600 2292 13 596 -2956 -5000 1387 -486 2 298 4184 -2065 -4930 6256 371 149 246 5619 -1072 -207 27 0
1068 0
1069 0
1070 1
1071 -1 -1 1191 8 0 31 1 3 7 0 17 8 2 0
1072 1
1073 -1 -1 2381 8 0 2 22 20 14 10 7 17 43 1
1074 -1 -1 2380 8 0 0 5 131 14 10 1 8 13 1190 -4193 2004 3287 -2133 1 595 -3155 5286 2046 -1520 397 0
1075 0
1076 1
1077 -1 -1 2379 8 0 4 0 16 43 36 83 5 2 1
1078 -1 -1 2378 8 0 3 21 2 18 55 7 6 0 1189 4371 6939 -1928 -5263 48 0
1079 1
1080 -1 -1 2377 8 0 7 4 22 22 24 29 2 15 1
1081 -1 -1 2376 8 0 5 15 22 61 87 11 166 27 1188 -1291 2635 3749 -7487 72 594 -1510 6745 2648 3823 9 297 1632 4393 4434 -6151 250 0
1082 0
1083 0
1084 1
1085 -1 -1 2375 8 0 2 1 0 8 5 45 6 0 1
1086 -1 -1 2374 8 0 2 9 3 35 2 1 88 12 1187 -355 -4484 -4277 7419 391 0
1087 1
1088 -1 -1 2373 8 0 7 5 13 22 16 5 0 0 1
1089 -1 -1 2372 8 0 5 0 8 53 10 79 11 0 1186 -2250 -7672 -2998 4655 0 593 -680 -62 -4238 7302 202 0
1090 0
1091 1
1092 -1 -1 2371 8 0 7 1 55 28 5 8 3 6 1
1093 -1 -1 2370 8 0 26 23 7 84 1 28 7 12 1185 996 5887 -1159 -1924 28 0
1094 1
1095 -1 -1 2369 8 0 40 4 58 151 62 92 30 9 1
1096 -1 -1 2368 8 0 119 0 83 204 32 342 10 8 1184 1052 5877 1400 -3840 27 592 583 -6754 -246 -3338 3 296 3423 -5672 -4794 -6330 33 148 3648 3680 1286 243 27 74 -1383 -3435 -1078 -7018 9 37 -1511 283 -623 -6452 138 0
1097 0
1098 0
1099 0
1100 1
1101 -1 -1 591 8 0 7 0 0 5 0 5 0 0 0
1102 1
1103 -1 -1 1181 8 0 7 0 0 1 0 4 0 0 0
1104 1
1105 -1 -1 2361 8 0 2 0 0 0 1 0 0 0 1
1106 -1 -1 2360 8 0 121 0 0 0 0 0 0 0 1180 -1238 -4372 4709 289 82 590 -4691 5761 496 -2954 291 295 3389 4993 4559 -3873 1 1
1107 -1 -1 294 8 0 1 0 0 1 17 2 4 0 147 4729 -2744 955 -2740 0 0
1108 0
1109 0
1110 0
1111 1
1112 -1 -1 2351 8 0 10 0 8 0 0 0 0 0 1
1113 -1 -1 2350 8 0 0 0 91 0 0 0 3 1 1175 3587 7878 -1167 804 365 1
1114 -1 -1 1174 8 0 0 1 1 1 13 0 4 4 587 2234 5032 -2605 -4787 112 0
1115 0
1116 1
1117 -1 -1 2347 8 0 2 1 0 1 0 1 0 78 1
1118 -1 -1 2346 8 0 1 5 0 0 3 0 6 6 1173 3226 -7475 1118 -2598 359 0
1119 1
1120 -1 -1 2345 8 0 2 6 26 14 95 1 93 2 1
1121 -1 -1 2344 8 0 5 85 41 21 45 11 45 64 1172 -4697 -5120 2787 2332 243 586 1580 -5827 -233 4604 394 293 -1705 7504 -4547 -2807 301 0
1122 0
1123 0
1124 1
1125 -1 -1 2343 8 0 1 0 10 2 2 1 1 15 1
1126 -1 -1 2342 8 0 47 0 1 9 24 27 0 0 1171 -3805 7208 -2523 2858 22 0
1127 1
1128 -1 -1 2341 8 0 0 119 14 30 0 4 4 23 1
1129 -1 -1 2340 8 0 19 13 0 28 5 11 0 5 1170 3837 -5657 3735 6168 170 585 -3588 -7382 -3225 4465 367 0
1130 0
1131 1
1132 -1 -1 2339 8 0 0 13 1 0 19 0 1 0 1
1133 -1 -1 2338 8 0 3 9 20 10 7 18 29 35 1169 3961 2863 3199 5363 342 0
1134 1
1135 -1 -1 2337 8 0 3 5 4 23 0 9 1 146 1
1136 -1 -1 2336 8 0 8 32 11 9 2 9 0 21 1168 -1512 -7660 -233 -4114 30 584 4071 -7530 -1594 -7451 31 292 3496 -1117 -2831 1162 2 146 3336 5303 -1348 1160 37 73 4093 227 415 5926 392 0
1137 0
1138 0
1139 1
1140 -1 -1 583 8 0 1 11 0 0 0 0 0 0 0
1141 1
1142 -1 -1 1165 8 0 25 0 1 0 1 0 0 0 0
1143 1
1144 -1 -1 2329 8 0 6 0 0 0 0 0 0 0 1
1145 -1 -1 2328 8 0 12 0 0 0 0 62 0 0 1164 3862 -5541 3085 -154 15 582 -1225 -7055 -4190 828 9 291 -1032 703 -3061 -2699 14 0
1146 0
1147 1
1148 -1 -1 1163 8 0 5 0 0 1 44 10 0 0 0
1149 1
1150 -1 -1 2325 8 0 10 1 1 9 37 0 5 21 1
1151 -1 -1 2324 8 0 22 23 11 46 0 9 38 39 1162 4051 6410 4535 -479 271 581 -50 -6569 -3896 5959 365 0
1152 0
1153 1
1154 -1 -1 2323 8 0 1 21 34 6 3 0 8 9 1
1155 -1 -1 2322 8 0 9 12 24 13 111 29 7 5 1161 -1170 -731 4853 -7681 204 0
1156 1
1157 -1 -1 2321 8 0 24 0 8 83 45 101 0 0 1
1158 -1 -1 2320 8 0 26 19 25 20 25 29 7 0 1160 4457 7678 2339 4188 8 580 3679 3289 3027 -2704 21 290 -2516 3162 -2794 6027 2 145 -4339 4506 -302 -310 388 0
1159 0
1160 1
1161 -1 -1 579 8 0 17 0 1 12 0 16 3 0 0
1162 0
1163 1
1164 -1 -1 2315 8 0 4 51 6 20 5 5 6 0 1
1165 -1 -1 2314 8 0 0 0 1 1 15 0 6 0 1157 2121 -6519 -330 -3011 0 0
1166 1
1167 -1 -1 2313 8 0 0 2 26 4 4 3 5 0 1
1168 -1 -1 2312 8 0 5 2 2 31 16 5 2 6 1156 -4766 -4433 3767 1214 158 578 3529 2561 4113 6290 2 289 -1238 345 -4813 2331 345 0
1169 0
1170 0
1171 1
1172 -1 -1 2311 8 0 36 0 1 35 1 91 0 1 1
1173 -1 -1 2310 8 0 39 2 19 75 4 25 0 0 1155 -4205 -3195 -3533 -327 6 0
1174 1
1175 -1 -1 2309 8 0 112 4 60 42 26 7 14 11 1
1176 -1 -1 2308 8 0 405 5 12 172 1 43 3 1 1154 -102 5058 282 38 15 577 -384 -4105 4864 7367 16 0
1177 1
1178 -1 -1 1153 8 0 2 2 36 1 1 1 0 0 0
1179 1
1180 -1 -1 2305 8 0 3 8 18 17 26 3 0 0 1
1181 -1 -1 2304 8 0 29 13 21 36 4 25 3 22 1152 4830 1381 -2549 -1411 31 576 3296 3720 4010 7996 398 288 3481 -7004 -2231 -792 2 144 1952 -7877 -4033 3163 129 72 -4820 1400 1847 -3833 2 36 4926 -7432 -2676 2448 168 18 -629 1624 3794 -7515 6 9 1855 560 -2007 -7897 141 0
1182 0
1183 0
1184 0
1185 0
1186 1
1187 -1 -1 287 8 0 4 1 2 13 0 11 0 1 0
1188 0
1189 1
1190 -1 -1 1147 8 0 1 0 0 2 0 0 0 0 1
1191 -1 -1 1146 8 0 68 0 0 0 0 0 0 0 573 3059 4642 -449 6108 4 1
1192 -1 -1 572 8 0 15 1 0 10 2 0 0 0 286 -3478 -251 -2180 5542 1 143 -1950 -7942 -137 2899 36 0
1193 0
1194 0
1195 1
1196 -1 -1 1143 8 0 0 0 0 0 0 0 0 13 0
1197 1
1198 -1 -1 2285 8 0 0 2 0 2 0 0 0 1 1
1199 -1 -1 2284 8 0 1 86 0 0 0 0 0 0 1142 -3789 4994 -2201 5525 14 571 -2769 4299 1449 4762 316 0
1200 1
1201 -1 -1 1141 8 0 1 7 1 4 0 2 0 30 1
1202 -1 -1 1140 8 0 0 0 0 3 3 36 0 0 570 -1265 7948 4678 2603 200 285 -453 1015 3929 -951 185 0
1203 0
1204 1
1205 -1 -1 1139 8 0 0 1 23 3 0 0 0 0 0
1206 1
1207 -1 -1 2277 8 0 0 0 3 8 9 2 0 22 1
1208 -1 -1 2276 8 0 11 2 5 54 0 38 3 4 1138 -4882 3012 -2746 -7184 3 569 2915 -3457 -2357 -6081 167 0
1209 0
1210 1
1211 -1 -1 2275 8 0 1 4 5 2 37 0 1 0 1
1212 -1 -1 2274 8 0 1 5 1 9 1 0 0 15 1137 -1321 -160 -4434 1214 118 0
1213 1
1214 -1 -1 2273 8 0 3 2 12 14 0 6 31 10 1
1215 -1 -1 2272 8 0 3 54 68 18 20 15 17 0 1136 -3104 1177 4554 2644 302 568 -2546 -2653 -47 -6883 36 284 -3404 5899 1375 6165 2 142 -4063 -3926 -1918 -125 215 71 -3340 4521 3579 -2782 398 0
1216 0
1217 0
1218 1
1219 -1 -1 567 8 0 4 3 0 0 26 8 0 8 0
1220 1
1221 -1 -1 1133 8 0 3 8 0 5 0 21 0 0 0
1222 1
1223 -1 -1 2265 8 0 3 10 0 1 0 0 0 2 1
1224 -1 -1 2264 8 0 72 4 0 1 0 7 0 0 1132 -5000 2161 -2671 1526 224 566 3212 7398 1946 6274 6 283 1977 6880 -4158 5155 153 0
1225 1
1226 -1 -1 565 8 0 0 16 29 6 1 0 8 0 0
1227 0
1228 1
1229 -1 -1 2259 8 0 4 4 0 15 0 2 0 5 1
1230 -1 -1 2258 8 0 8 1 9 45 1 106 0 2 1129 -2102 3496 -4746 -2829 186 1
1231 -1 -1 1128 8 0 3 0 8 6 8 2 2 9 564 -3529 -5285 1678 -3241 7 282 1781 3676 8 -186 15 141 -1479 -5381 4036 2225 399 0
1232 0
1233 0
1234 1
1235 -1 -1 1127 8 0 25 0 0 0 1 27 0 4 0
1236 1
1237 -1 -1 2253 8 0 0 0 0 8 0 0 0 0 1
1238 -1 -1 2252 8 0 14 0 0 10 0 112 0 0 1126 -4762 6866 4853 -4700 363 563 -3221 -1849 218 4263 147 0
1239 1
1240 -1 -1 1125 8 0 1 0 0 2 0 11 0 0 1
1241 -1 -1 1124 8 0 58 0 0 3 5 0 0 0 562 -1896 -917 2586 2860 37 281 313 -1283 -425 7384 22 0
1242 0
1243 1
1244 -1 -1 1123 8 0 3 19 0 7 4 0 0 0 0
1245 1
1246 -1 -1 2245 8 0 0 1 0 101 1 2 0 0 1
1247 -1 -1 2244 8 0 2 3 1 34 0 26 0 4 1122 -2930 -5191 -2586 -390 201 561 3018 7585 2998 2798 45 0
1248 0
1249 1
1250 -1 -1 2243 8 0 0 1 0 31 0 0 0 0 1
1251 -1 -1 2242 8 0 17 0 0 59 1 291 0 1 1121 2218 -6715 -248 155 228 0
1252 1
1253 -1 -1 2241 8 0 5 4 0 0 0 2 14 0 1
1254 -1 -1 2240 8 0 117 3 0 122 0 224 1 0 1120 2718 1665 1709 129 290 560 4931 -7006 4208 5878 146 280 -2527 -4761 4997 3332 215 140 3248 -7500 902 2276 399 70 1907 2106 1448 1211 0 35 -1911 116 2121 2755 147 0
1255 0
1256 0
1257 0
1258 1
1259 -1 -1 559 8 0 2 0 0 13 0 27 0 0 1
1260 -1 -1 558 8 0 14 10 2 3 20 2 0 5 279 2247 -5608 -3881 7003 325 0
1261 1
1262 -1 -1 557 8 0 2 0 0 3 0 11 0 0 0
1263 1
1264 -1 -1 1113 8 0 4 0 0 6 0 5 1 0 0
1265 1
1266 -1 -1 2225 8 0 155 0 0 7 0 0 0 0 1
1267 -1 -1 2224 8 0 31 0 0 12 0 1 0 0 1112 2233 -1614 274 6006 11 556 3411 1781 2627 -1505 6 278 3819 -5061 1305 -2067 27 139 3679 3979 3708 -2581 2 0
1268 0
1269 0
1270 1
1271 -1 -1 1111 8 0 0 1 10 4 1 0 0 3 0
1272 1
1273 -1 -1 2221 8 0 2 2 0 0 3 0 50 0 1
1274 -1 -1 2220 8 0 3 10 8 2 1 0 7 1 1110 2517 -4750 4380 5900 218 555 4747 -7069 -601 -7533 22 0
1275 0
1276 1
1277 -1 -1 2219 8 0 4 3 0 10 12 0 0 8 1
1278 -1 -1 2218 8 0 6 0 4 0 51 0 4 0 1109 -2009 -6289 4896 563 16 1
1279 -1 -1 1108 8 0 0 2 18 13 1 0 14 7 554 -4026 -6620 4783 -2494 1 277 -721 -2916 -3401 -7036 0 0
1280 0
1281 1
1282 -1 -1 1107 8 0 0 14 19 1 0 0 0 5 1
1283 -1 -1 1106 8 0 1 2 4 22 4 0 4 11 553 41 -7874 4322 -1316 396 0
1284 0
1285 1
1286 -1 -1 2211 8 0 6 11 0 14 0 24 0 0 1
1287 -1 -1 2210 8 0 27 2 0 77 3 8 13 2 1105 -4034 1519 4699 4564 305 0
1288 1
1289 -1 -1 2209 8 0 8 5 2 12 4 3 33 0 1
1290 -1 -1 2208 8 0 1 26 1 14 0 1 0 5 1104 -2339 -1166 -425 5589 3 552 -3413 -5659 -4679 -2554 1 276 880 -6029 623 2772 182 138 -1931 1485 -663 5500 145 69 225 -1063 3275 7963 399 0
1291 0
1292 0
1293 0
1294 1
1295 -1 -1 1103 8 0 2 0 2 4 24 0 0 4 1
1296 -1 -1 1102 8 0 3 8 0 3 0 0 0 30 551 -28 6193 4738 -4082 7 0
1297 1
1298 -1 -1 1101 8 0 0 28 0 9 1 0 0 0 1
1299 -1 -1 1100 8 0 4 0 0 42 0 12 0 3 550 4805 6404 -181 455 184 275 -3578 5085 -1732 -2597 58 0
1300 0
1301 1
1302 -1 -1 1099 8 0 11 0 8 3 8 1 5 0 0
1303 1
1304 -1 -1 2197 8 0 59 0 0 6 0 45 0 0 1
1305 -1 -1 2196 8 0 94 4 2 7 1 1 0 1 1098 -1436 -4182 2966 -5197 1 549 4954 -2396 -3998 -783 163 0
1306 1
1307 -1 -1 1097 8 0 2 13 0 11 25 2 1 0 0
1308 1
1309 -1 -1 2193 8 0 88 0 0 100 7 98 2 1 1
1310 -1 -1 2192 8 0 72 11 12 88 5 15 0 0 1096 -4802 1618 -2546 2416 2 548 3257 4051 -835 -1635 36 274 -594 6510 3893 534 384 137 3931 -7046 711 -229 208 0
1311 0
1312 0
1313 0
1314 1
1315 -1 -1 2191 8 0 24 0 0 35 0 0 0 2 1
1316 -1 -1 2190 8 0 4 0 0 11 0 10 1 0 1095 -2687 1966 3965 2597 4 0
1317 1
1318 -1 -1 2189 8 0 15 0 0 19 0 67 0 0 1
1319 -1 -1 2188 8 0 476 0 0 36 1 218 0 1 1094 -4963 6305 3915 -6412 109 547 -4368 -6200 -3483 616 38 0
1320 1
1321 -1 -1 1093 8 0 1 4 0 2 0 3 4 0 0
1322 1
1323 -1 -1 2185 8 0 46 0 0 40 0 3 0 0 1
1324 -1 -1 2184 8 0 2 2 4 6 0 4 0 0 1092 -4498 180 3442 3781 0 546 -3332 6145 3522 1642 297 273 -1086 -4489 3608 -100 7 0
1325 0
1326 0
1327 1
1328 -1 -1 2183 8 0 47 0 0 38 0 36 1 0 1
1329 -1 -1 2182 8 0 140 1 0 47 0 7 1 1 1091 -1864 -2123 534 1246 11 0
1330 1
1331 -1 -1 2181 8 0 593 0 0 70 0 144 0 0 1
1332 -1 -1 2180 8 0 1318 1 0 123 0 40 0 0 1090 -4990 5972 2554 2853 3 545 -986 -6821 -3226 5740 64 0
1333 0
1334 1
1335 -1 -1 2179 8 0 7 0 0 18 8 0 0 3 1
1336 -1 -1 2178 8 0 425 9 13 112 2 52 1 4 1089 -182 -5227 1285 -1665 36 0
1337 1
1338 -1 -1 2177 8 0 0 11 0 0 2 1 0 2 1
1339 -1 -1 2176 8 0 32 4 5 65 6 2 0 0 1088 4535 117 2839 4818 25 544 314 -6812 533 -6562 0 272 -4172 602 -2188 6137 2 136 -4478 -606 3201 4468 28 68 3731 6335 4042 103 7 34 -282 -1001 3899 7681 182 17 -3323 -5233 3272 2658 62 0
1340 0
1341 0
1342 0
1343 0
1344 1
1345 -1 -1 543 8 0 2 20 18 3 0 7 7 1 0
1346 1
1347 -1 -1 1085 8 0 11 0 0 26 0 5 1 5 1
1348 -1 -1 1084 8 0 2 13 0 13 0 0 0 34 542 2234 7724 -1995 -3146 300 271 4995 6982 -4659 6255 386 0
1349 0
1350 1
1351 -1 -1 1083 8 0 3 0 0 7 0 16 0 0 1
1352 -1 -1 1082 8 0 2 0 0 0 0 65 0 0 541 -3287 677 2890 -5653 84 1
1353 -1 -1 540 8 0 1 1 0 10 0 15 0 29 270 2602 630 3493 -6643 30 135 2608 2471 4909 -2818 204 0
1354 0
1355 0
1356 1
1357 -1 -1 1079 8 0 11 0 0 29 1 3 0 0 0
1358 1
1359 -1 -1 2157 8 0 2 0 0 26 0 3 0 0 1
1360 -1 -1 2156 8 0 36 0 0 110 0 261 0 0 1078 -615 -7841 1905 1680 9 539 2597 498 505 2271 0 0
1361 1
1362 -1 -1 1077 8 0 15 0 0 3 0 0 0 0 1
1363 -1 -1 1076 8 0 11 0 0 37 0 5 0 0 538 3085 -3905 2907 4902 4 269 4940 5384 3124 -7892 1 0
1364 0
1365 1
1366 -1 -1 1075 8 0 1 0 0 2 0 13 0 0 1
1367 -1 -1 1074 8 0 29 0 0 25 0 14 0 0 537 4638 7254 4959 -4098 40 0
1368 1
1369 -1 -1 1073 8 0 7 0 0 25 0 5 0 1 1
1370 -1 -1 1072 8 0 12 13 0 20 13 0 1 0 536 -3570 222 1539 -330 10 268 3798 63 -3522 -1387 24 134 -799 7221 4855 -5731 13 67 868 4172 4975 -3303 56 0
1371 0
1372 0
1373 1
1374 -1 -1 535 8 0 5 0 0 0 0 1 0 0 0
1375 1
1376 -1 -1 1069 8 0 2 0 0 0 0 0 0 0 0
1377 1
1378 -1 -1 2137 8 0 0 0 0 0 0 107 0 0 1
1379 -1 -1 2136 8 0 0 0 0 0 0 15 0 0 1068 -544 -6954 1343 -4283 165 534 1839 -4441 2547 709 22 267 -2318 43 4150 303 1 0
1380 0
1381 0
1382 1
1383 -1 -1 2135 8 0 102 0 0 0 0 0 0 0 1
1384 -1 -1 2134 8 0 52 0 0 0 0 0 0 0 1067 2217 -3982 -806 -7702 255 1
1385 -1 -1 1066 8 0 0 0 0 0 0 0 0 1 533 2630 2812 -3871 -345 305 0
1386 1
1387 -1 -1 1065 8 0 56 5 0 0 0 0 0 0 0
1388 1
1389 -1 -1 2129 8 0 2 0 0 0 0 12 0 0 1
1390 -1 -1 2128 8 0 46 0 0 1 0 18 0 0 1064 3035 -75 2609 -3084 6 532 4 114 -2782 -7713 19 266 2374 -5500 -2450 246 15 133 -1037 -7424 1169 -150 321 0
1391 0
1392 0
1393 1
1394 -1 -1 1063 8 0 11 32 2 1 0 0 0 0 0
1395 1
1396 -1 -1 2125 8 0 50 3 1 8 0 0 0 0 1
1397 -1 -1 2124 8 0 11 1 19 6 0 0 0 3 1062 4660 2889 -3498 7962 6 531 278 -1530 2270 3653 32 0
1398 0
1399 1
1400 -1 -1 2123 8 0 4 1 0 18 0 0 0 18 1
1401 -1 -1 2122 8 0 2 1 0 0 0 0 0 63 1061 4784 -1053 -3901 -3513 34 1
1402 -1 -1 1060 8 0 10 11 5 9 0 0 3 1 530 1476 1342 -3418 -4617 40 265 1340 -2 -2669 6803 8 0
1403 0
1404 0
1405 1
1406 -1 -1 2119 8 0 6 1 0 5 0 1 0 14 1
1407 -1 -1 2118 8 0 16 0 0 3 0 16 88 2 1059 948 -216 4307 -4854 288 0
1408 1
1409 -1 -1 2117 8 0 0 0 0 0 18 0 1 5 1
1410 -1 -1 2116 8 0 32 2 22 47 14 19 20 0 1058 108 7701 -166 -110 172 529 881 5328 -3859 6963 221 0
1411 0
1412 1
1413 -1 -1 2115 8 0 71 1 0 7 5 1 28 2 1
1414 -1 -1 2114 8 0 83 0 0 18 0 55 0 0 1057 3649 2277 -4351 3320 31 0
1415 1
1416 -1 -1 2113 8 0 252 3 20 164 0 2 0 3 1
1417 -1 -1 2112 8 0 475 9 1 90 0 59 4 1 1056 3642 6961 4708 -7246 367 528 4843 -5221 2961 -2683 12 264 3374 5385 367 -563 4 132 -4309 3273 4508 7764 322 66 3696 5587 -49 -232 400 33 2523 7543 3580 1919 5 0
1418 0
1419 0
1420 0
1421 0
1422 1
1423 -1 -1 1055 8 0 0 0 0 0 1 0 14 0 1
1424 -1 -1 1054 8 0 0 0 4 0 52 1 0 9 527 4027 7534 -955 2559 280 1
1425 -1 -1 526 8 0 1 6 15 2 0 2 0 9 263 -4780 -552 2760 -5137 276 0
1426 0
1427 0
1428 1
1429 -1 -1 2103 8 0 16 14 0 8 1 0 0 22 1
1430 -1 -1 2102 8 0 3 25 2 0 0 0 0 0 1051 -2241 -75 3738 3230 4 0
1431 1
1432 -1 -1 2101 8 0 3 26 8 5 0 0 41 73 1
1433 -1 -1 2100 8 0 2 16 28 16 0 0 0 111 1050 -3379 5930 -4539 -4425 382 525 -62 844 -3467 4161 7 0
1434 0
1435 1
1436 -1 -1 2099 8 0 11 1 2 13 0 4 0 11 1
1437 -1 -1 2098 8 0 4 8 8 28 17 1 1 0 1049 -529 2018 1431 -7914 348 0
1438 1
1439 -1 -1 2097 8 0 3 73 14 2 0 4 1 17 1
1440 -1 -1 2096 8 0 13 25 2 50 0 16 10 70 1048 -4527 -354 -4063 -6872 270 524 4299 2873 1648 -7635 1 262 -4247 5171 -3617 -6301 311 131 -2906 1765 -1550 1833 10 0
1441 0
1442 0
1443 1
1444 -1 -1 1047 8 0 5 11 11 2 0 2 0 0 0
1445 1
1446 -1 -1 2093 8 0 14 0 2 11 2 0 7 7 1
1447 -1 -1 2092 8 0 45 0 2 5 0 0 0 1 1046 660 5952 3500 -7150 12 523 -4400 6550 -4267 -481 371 0
1448 0
1449 1
1450 -1 -1 2091 8 0 3 5 0 26 0 0 0 3 1
1451 -1 -1 2090 8 0 6 0 3 6 0 10 0 10 1045 -3452 -1411 1836 -3579 19 0
1452 1
1453 -1 -1 2089 8 0 2 0 0 4 1 17 0 0 1
1454 -1 -1 2088 8 0 1 0 26 4 10 7 0 1 1044 1176 -784 -2313 -1912 14 522 -4487 -91 2311 2007 0 261 17 -486 -1986 7815 0 0
1455 0
1456 1
1457 -1 -1 1043 8 0 1 3 1 1 6 0 34 17 0
1458 1
1459 -1 -1 2085 8 0 5 17 1 5 0 5 9 2 1
1460 -1 -1 2084 8 0 0 21 16 10 100 3 2 1 1042 -274 5443 -3210 7627 259 521 3676 5315 1917 -2204 310 0
1461 0
1462 1
1463 -1 -1 2083 8 0 8 19 10 31 0 23 2 22 1
1464 -1 -1 2082 8 0 4 233 104 41 11 10 83 76 1041 -3542 -4983 3210 -269 283 0
1465 1
1466 -1 -1 2081 8 0 2 35 41 17 10 3 33 6 1
1467 -1 -1 2080 8 0 12 17 135 89 32 20 4 11 1040 -592 -234 -3729 7513 177 520 -1481 3133 4593 4281 224 260 3108 5074 -1242 7744 116 130 -494 937 4670 -2848 400 65 -3692 1374 712 -6531 254 0
1468 0
1469 0
1470 0
1471 1
1472 -1 -1 1039 8 0 10 0 2 18 0 0 3 0 0
1473 1
1474 -1 -1 2077 8 0 8 0 0 23 0 21 0 0 1
1475 -1 -1 2076 8 0 8 0 1 3 0 47 3 0 1038 -1225 -4600 -1793 -7847 9 519 3528 -268 3676 -3413 80 0
1476 0
1477 1
1478 -1 -1 2075 8 0 1 8 8 13 6 2 4 112 1
1479 -1 -1 2074 8 0 17 20 2 14 0 1 3 2 1037 2537 -830 -2659 -5519 31 0
1480 1
1481 -1 -1 2073 8 0 28 61 3 132 0 10 5 33 1
1482 -1 -1 2072 8 0 53 72 187 279 115 48 45 65 1036 -1385 3222 1042 -5430 333 518 2645 1651 1205 4585 232 259 -1888 425 -3975 7478 392 0
1483 0
1484 0
1485 1
1486 -1 -1 2071 8 0 0 28 0 0 0 0 0 0 1
1487 -1 -1 2070 8 0 4 1 53 8 27 2 7 3 1035 -3651 6867 -1280 -4303 58 0
1488 1
1489 -1 -1 2069 8 0 0 18 8 19 8 1 2 26 1
1490 -1 -1 2068 8 0 11 11 22 22 32 6 181 19 1034 708 3521 -657 -7101 154 517 1728 4315 29 7920 321 0
1491 0
1492 1
1493 -1 -1 2067 8 0 1 1 0 0 0 0 0 12 1
1494 -1 -1 2066 8 0 6 0 13 40 0 27 35 2 1033 1002 -5541 4922 -1206 392 0
1495 1
1496 -1 -1 2065 8 0 18 4 3 54 8 10 0 7 1
1497 -1 -1 2064 8 0 14 24 19 53 99 17 34 5 1032 -3167 -4501 -2320 -6230 3 516 4053 2629 -4153 5967 301 258 4982 -1298 134 -2554 15 129 -682 627 3766 -5700 40 0
1498 0
1499 0
1500 0
1501 1
1502 -1 -1 2063 8 0 0 1 15 2 0 0 1 0 1
1503 -1 -1 2062 8 0 28 0 1 13 0 24 10 2 1031 2773 4649 3939 3100 20 0
1504 1
1505 -1 -1 2061 8 0 2 1 0 5 0 0 0 19 1
1506 -1 -1 2060 8 0 14 0 3 166 1 174 0 1 1030 2308 1656 4991 2197 218 515 2599 6989 -1862 -3677 379 0
1507 0
1508 1
1509 -1 -1 2059 8 0 39 17 24 125 153 45 12 16 1
1510 -1 -1 2058 8 0 29 5 14 150 6 7 30 6 1029 3269 7378 -3609 -1640 28 0
1511 1
1512 -1 -1 2057 8 0 9 0 2 11 0 2 2 31 1
1513 -1 -1 2056 8 0 30 41 94 207 16 62 0 11 1028 131 2814 -2324 -1417 278 514 4401 6336 2695 -7617 15 257 1696 -2078 -4689 -2313 307 0
1514 0
1515 0
1516 1
1517 -1 -1 2055 8 0 25 2 3 17 31 4 8 2 1
1518 -1 -1 2054 8 0 60 8 3 24 0 6 0 1 1027 4712 1426 4501 -4186 6 0
1519 1
1520 -1 -1 2053 8 0 15 55 50 113 31 2 67 15 1
1521 -1 -1 2052 8 0 7 16 92 27 79 3 3 23 1026 2151 -7600 302 7523 198 513 -898 1050 476 6986 390 0
1522 0
1523 1
1524 -1 -1 2051 8 0 1 1 2 5 10 0 17 0 1
1525 -1 -1 2050 8 0 35 33 31 76 5 61 3 9 1025 1731 547 -2227 6618 276 0
1526 1
1527 -1 -1 2049 8 0 80 16 13 120 14 42 71 7 1
1528 -1 -1 2048 8 0 1048 21 49 337 6 94 42 14 1024 767 6495 1511 -7270 33 512 790 -7865 4385 4053 110 256 831 583 -22 7104 133 128 1947 6025 -2546 -7058 36 64 2141 2375 2995 -4279 26 32 -1280 2367 3613 -234 141 16 3376 1743 -3234 -7065 400 8 -2674 -7903 -291 3381 4 4 4465 4030 1908 1586 7 2 1223 1895 3885 2976 142 1 -6 -8 -512 2894 141 1 2
